102
0 38 13 73 10 76 6 80 65 17 2 77 72 7 26 51 21 19 85 12 29 30 15 51 69 88 88 95 97 87 14 10 8 64 62 23 58 2 1 61 82 9 89 14 48 73 31 72 4 71 22 50 58 4 69 25 44 77 27 53 81 42 83 16 65 69 26 99 88 8 27 26 23 10 68 24 28 38 58 84 39 9 33 35 11 24 16 88 26 72 93 75 63 47 33 89 24 56 66 78 4 1 
38 0 78 7 53 86 71 3 77 92 22 76 8 78 73 76 77 44 21 31 37 8 46 69 58 83 97 14 11 24 82 8 25 75 93 21 33 13 66 95 61 25 83 98 3 93 99 11 55 97 83 87 71 67 72 49 55 16 6 18 43 21 49 23 14 98 54 85 11 97 56 62 57 90 22 97 84 26 15 14 85 44 7 78 57 60 16 25 10 67 72 54 70 37 22 41 78 92 50 48 78 41 
13 78 0 79 46 88 17 29 46 68 67 79 47 1 30 64 76 36 54 94 34 3 85 84 49 55 33 29 56 83 32 29 95 75 9 33 9 85 78 51 80 42 65 84 25 21 45 16 31 92 15 20 27 87 8 54 48 61 35 33 20 68 25 84 95 39 48 6 80 64 88 33 43 75 67 89 99 31 18 69 65 61 79 18 40 36 82 29 23 39 42 75 78 71 26 49 51 63 45 55 1 87 
73 7 79 0 17 20 10 93 52 11 69 24 15 64 22 47 4 57 89 81 47 55 80 72 15 78 16 26 54 85 59 86 30 45 38 23 92 55 77 13 60 27 77 72 88 40 44 77 39 92 70 99 34 44 27 57 70 74 53 90 28 44 2 83 95 97 27 85 31 65 23 99 53 4 71 13 40 84 49 62 71 14 37 24 23 67 93 96 54 10 42 58 89 94 77 83 12 37 17 31 85 58 
10 53 46 17 0 36 42 82 3 86 94 37 47 81 28 73 29 3 14 42 37 41 19 98 39 64 47 90 3 99 29 79 76 59 43 27 22 59 17 93 38 12 23 7 97 15 88 76 36 64 33 92 50 1 23 98 71 37 19 28 29 53 95 51 47 8 86 17 30 12 62 15 31 9 41 49 31 24 67 93 65 13 18 34 11 29 76 6 82 6 43 87 53 58 57 79 88 82 11 73 49 20 
76 86 88 20 36 0 13 26 78 17 5 89 28 51 69 4 59 13 3 77 97 97 62 16 75 13 19 31 60 6 17 96 97 61 44 32 45 25 63 80 22 20 78 34 5 40 68 35 35 43 79 83 39 49 82 6 92 9 41 70 6 8 79 38 79 34 28 52 78 31 44 47 10 68 4 68 55 98 64 81 29 38 65 38 94 19 79 71 93 53 11 33 47 64 94 19 37 30 40 29 55 30 
6 71 17 10 42 13 0 56 91 28 61 13 18 72 92 8 84 57 52 33 77 63 52 97 31 23 6 92 96 23 77 23 19 94 30 19 53 32 50 99 84 94 46 52 87 16 72 49 29 84 28 44 20 80 71 89 87 12 66 94 16 52 99 87 46 64 43 23 83 41 45 17 18 89 1 98 83 72 15 37 27 33 2 49 89 23 35 95 22 69 68 49 19 98 12 12 53 77 69 46 65 90 
80 3 29 93 82 26 56 0 41 8 8 34 59 8 35 5 6 62 51 77 46 97 22 93 72 93 26 98 2 14 39 86 28 39 85 34 2 32 39 29 76 32 52 67 68 33 75 33 98 6 1 38 73 44 25 17 97 97 42 25 22 28 47 36 63 69 63 33 46 89 43 58 26 33 34 7 66 52 32 8 14 4 29 16 30 67 62 84 97 59 83 35 31 58 97 50 47 84 42 21 41 51 
65 77 46 52 3 78 91 41 0 5 10 1 91 22 75 22 34 39 38 44 34 96 42 72 70 71 24 87 40 32 38 39 57 88 29 37 67 11 85 1 17 31 4 79 60 54 70 50 75 47 28 34 73 69 40 33 98 8 34 63 15 78 44 62 86 37 13 54 27 83 13 26 2 42 56 56 65 16 93 41 61 71 50 51 33 91 21 53 39 66 81 58 53 90 20 95 65 43 48 22 98 2 
17 92 68 11 86 17 28 8 5 0 90 39 13 19 78 78 89 91 84 40 99 16 38 97 37 99 2 33 31 8 51 51 33 44 42 70 2 98 52 31 83 50 82 83 96 72 22 19 47 45 92 10 5 78 64 24 96 60 65 83 32 2 85 79 69 55 26 84 28 57 93 9 56 77 47 50 12 9 62 75 24 89 90 83 83 6 43 47 22 52 74 43 14 19 24 46 96 53 34 55 15 58 
2 22 67 69 94 5 61 8 10 90 0 62 41 73 66 23 3 87 2 73 52 72 88 78 63 49 1 43 40 4 58 44 54 44 75 99 98 76 60 67 75 92 6 27 68 32 12 4 55 2 14 60 57 82 9 39 5 71 77 74 6 80 85 60 32 91 8 67 33 47 76 83 45 65 38 48 74 91 85 16 66 53 70 67 90 29 20 18 6 80 11 30 18 82 47 8 18 87 62 65 8 30 
77 76 79 24 37 89 13 34 1 39 62 0 56 29 44 99 56 6 51 93 64 53 35 99 84 78 38 90 55 5 44 12 30 77 90 33 51 52 43 24 90 44 89 96 29 65 87 59 89 52 23 11 32 10 7 31 68 19 13 74 75 92 66 86 54 43 7 10 37 88 60 9 54 88 19 22 68 15 21 86 10 43 67 21 17 59 78 43 36 76 29 86 35 45 93 83 9 31 65 78 19 39 
72 8 47 15 47 28 18 59 91 13 41 56 0 12 57 53 84 77 69 26 70 32 60 63 30 67 33 72 61 94 73 28 98 94 69 39 61 98 10 68 79 64 21 36 56 29 46 93 57 52 5 80 76 32 77 53 39 84 81 75 71 27 58 31 65 39 19 96 42 96 58 49 43 53 23 65 71 62 61 97 28 1 27 51 21 27 66 78 19 61 83 60 63 39 24 69 70 62 88 67 20 37 
7 78 1 64 81 51 72 8 22 19 73 29 12 0 18 22 78 27 33 9 9 21 69 83 55 86 94 75 90 24 95 91 14 12 43 11 89 25 48 69 44 92 14 7 3 68 94 5 29 36 83 78 47 79 7 92 81 21 24 64 72 7 22 65 51 91 10 93 68 86 34 72 9 52 34 62 8 60 42 28 52 41 72 46 95 10 89 47 59 22 55 1 20 20 86 28 98 22 95 19 68 36 
26 73 30 22 28 69 92 35 75 78 66 44 57 18 0 96 30 23 57 11 43 73 32 13 83 8 88 9 62 24 35 95 4 56 69 16 25 95 63 27 99 48 88 36 17 88 91 79 88 58 25 56 50 53 25 16 68 74 47 21 67 95 13 26 1 98 99 78 12 91 25 55 48 78 41 60 96 80 90 32 57 34 39 93 21 15 10 68 82 80 4 48 71 43 6 21 58 60 55 78 25 59 
51 76 64 47 73 4 8 5 22 78 23 99 53 22 96 0 80 37 81 59 52 64 74 84 89 83 56 79 71 28 24 54 70 69 24 47 40 67 78 27 25 18 88 2 46 59 22 18 57 34 44 76 99 3 97 91 84 27 27 53 56 8 63 32 80 93 77 47 88 71 70 56 93 99 88 86 75 16 15 57 88 2 85 76 77 91 19 63 46 66 53 29 88 39 21 98 52 60 95 65 15 98 
21 77 76 4 29 59 84 6 34 89 3 56 84 78 30 80 0 53 45 17 65 31 83 11 46 89 79 60 98 43 65 6 91 77 56 43 21 89 69 19 93 50 84 16 18 62 8 65 56 3 91 5 17 78 69 31 53 85 37 99 60 32 36 33 51 52 6 34 1 10 32 36 89 61 39 12 45 44 8 63 57 97 94 53 25 44 52 11 95 50 19 11 62 40 7 8 80 13 1 4 52 16 
19 44 36 57 3 13 57 62 39 91 87 6 77 27 23 37 53 0 68 82 60 67 16 62 65 20 45 88 62 22 1 64 95 85 2 85 61 77 23 15 25 47 33 81 71 55 25 78 90 36 58 32 40 15 94 49 14 20 16 98 42 36 26 52 35 23 34 62 79 8 33 4 68 96 58 97 47 90 22 93 85 59 65 41 79 79 63 63 48 28 72 43 15 94 52 19 79 11 36 50 94 80 
85 21 54 89 14 3 52 51 38 84 2 51 69 33 57 81 45 68 0 90 5 6 87 30 54 81 73 30 39 79 55 43 65 69 45 85 74 51 81 51 36 73 16 40 3 36 98 80 16 16 95 67 35 84 94 19 75 19 26 18 50 38 21 41 53 24 19 80 52 33 38 31 41 51 74 69 81 16 64 65 92 21 55 24 7 25 1 49 81 29 89 2 74 22 1 77 33 41 82 84 31 88 
12 31 94 81 42 77 33 77 44 40 73 93 26 9 11 59 17 82 90 0 54 34 83 23 4 35 50 89 71 38 34 13 38 80 66 7 80 93 4 33 86 45 30 47 68 67 29 58 85 44 95 94 21 53 32 26 64 53 60 18 23 55 14 31 24 51 22 72 4 24 13 78 8 53 31 27 9 97 85 82 74 40 57 61 26 66 96 28 19 87 2 35 3 18 86 12 94 54 60 83 12 84 
29 37 34 47 37 97 77 46 34 99 52 64 70 9 43 52 65 60 5 54 0 4 84 1 94 86 52 92 33 87 85 82 6 12 70 10 47 75 94 33 39 43 64 24 41 64 64 32 19 41 6 93 80 83 75 41 26 69 50 83 87 47 14 22 81 82 95 50 52 15 31 11 86 5 8 55 60 85 99 42 36 57 14 12 53 67 22 82 95 35 62 92 86 61 93 99 92 75 9 76 82 28 
30 8 3 55 41 97 63 97 96 16 72 53 32 21 73 64 31 67 6 34 4 0 26 87 37 15 4 93 85 73 44 9 56 18 61 33 99 84 28 96 53 51 81 92 80 27 38 25 57 41 53 39 20 45 21 64 22 66 69 93 19 69 17 79 60 57 45 36 40 62 33 68 54 63 76 9 35 34 93 26 68 2 99 9 90 28 30 90 78 11 62 17 80 75 77 98 1 31 4 82 65 39 
15 46 85 80 19 62 52 22 42 38 88 35 60 69 32 74 83 16 87 83 84 26 0 68 31 22 27 96 11 70 34 37 10 1 56 70 11 4 40 78 38 17 26 47 8 44 1 57 15 56 56 53 79 98 54 61 1 15 61 67 96 40 72 8 17 67 62 70 51 59 80 15 78 13 12 80 96 35 7 70 86 45 71 73 13 47 83 8 30 61 83 74 47 87 85 98 48 89 74 77 88 46 
51 69 84 72 98 16 97 93 72 97 78 99 63 83 13 84 11 62 30 23 1 87 68 0 37 88 40 38 7 44 59 2 84 30 49 56 46 9 35 30 1 80 20 5 72 2 9 27 41 90 33 71 97 8 39 82 30 4 75 51 92 17 50 43 71 9 32 26 35 55 98 97 71 6 64 95 25 47 21 23 1 70 23 28 26 65 46 39 58 53 53 33 70 80 6 34 65 54 54 54 13 81 
69 58 49 15 39 75 31 72 70 37 63 84 30 55 83 89 46 65 54 4 94 37 31 37 0 97 34 52 56 81 55 13 86 11 82 79 72 85 30 13 64 8 71 83 64 65 45 70 76 89 35 15 60 89 34 25 4 42 31 23 54 97 92 92 83 98 37 7 39 99 32 63 48 63 35 72 43 21 91 51 23 3 64 1 93 6 73 53 10 95 98 12 99 41 92 77 88 62 3 23 83 94 
88 83 55 78 64 13 23 93 71 99 49 78 67 86 8 83 89 20 81 35 86 15 22 88 97 0 99 48 30 96 99 81 2 76 2 53 93 65 76 79 63 77 49 37 50 15 74 22 33 72 1 47 25 81 38 17 53 69 93 91 8 61 10 35 64 67 69 14 67 92 1 35 71 17 38 18 39 83 15 38 63 1 34 50 78 32 58 59 74 77 29 77 54 59 32 95 14 39 92 88 60 47 
88 97 33 16 47 19 6 26 24 2 1 38 33 94 88 56 79 45 73 50 52 4 27 40 34 99 0 63 87 62 40 72 3 60 26 58 33 31 53 92 42 79 58 46 86 26 74 75 7 3 31 78 79 92 97 43 19 84 90 89 57 43 5 12 25 23 7 5 80 29 54 31 22 28 6 36 73 83 49 52 95 25 77 41 86 29 41 48 24 29 85 90 38 6 24 69 21 14 57 30 29 92 
95 14 29 26 90 31 92 98 87 33 43 90 72 75 9 79 60 88 30 89 92 93 96 38 52 48 63 0 55 29 64 82 61 70 84 73 80 49 53 93 93 97 58 95 40 91 79 62 58 6 77 26 80 94 38 45 61 16 93 42 64 8 3 47 76 53 67 26 38 4 26 85 65 1 53 82 47 85 18 55 36 79 61 51 47 24 66 1 33 13 91 76 26 56 70 6 15 88 3 92 65 99 
97 11 56 54 3 60 96 2 40 31 40 55 61 90 62 71 98 62 39 71 33 85 11 7 56 30 87 55 0 88 59 25 46 15 78 87 33 92 73 39 84 21 25 72 28 38 96 83 17 55 97 53 74 6 67 81 95 51 3 90 33 8 90 86 37 67 74 12 36 43 40 53 94 85 21 74 8 53 70 58 63 90 84 17 29 46 83 82 69 68 62 84 70 39 75 64 73 13 35 25 84 35 
87 24 83 85 99 6 23 14 32 8 4 5 94 24 24 28 43 22 79 38 87 73 70 44 81 96 62 29 88 0 23 90 41 88 76 78 39 76 22 16 56 69 83 69 12 37 58 28 80 2 13 2 9 90 64 91 16 86 81 85 28 94 8 15 76 13 62 21 38 63 67 34 58 75 73 6 1 3 5 65 58 36 31 5 76 81 15 3 53 55 16 97 89 1 60 63 2 92 68 82 42 84 
14 82 32 59 29 17 77 39 38 51 58 44 73 95 35 24 65 1 55 34 85 44 34 59 55 99 40 64 59 23 0 45 98 7 88 57 50 48 73 60 94 83 81 99 93 39 11 88 66 96 89 60 74 96 92 35 51 52 83 83 52 92 25 56 69 66 38 58 98 88 45 58 42 33 28 56 64 81 92 77 57 27 63 54 93 23 39 21 59 44 20 46 76 38 85 35 88 59 2 41 86 38 
10 8 29 86 79 96 23 86 39 51 44 12 28 91 95 54 6 64 43 13 82 9 37 2 13 81 72 82 25 90 45 0 59 8 25 25 84 42 95 28 33 15 26 14 79 37 25 4 57 94 32 29 77 3 61 60 73 41 16 38 8 83 39 48 61 61 49 83 9 86 69 40 64 55 14 62 41 74 75 69 25 26 34 19 79 47 79 8 78 9 39 50 15 18 46 58 78 88 27 32 59 24 
8 25 95 30 76 97 19 28 57 33 54 30 98 14 4 70 91 95 65 38 6 56 10 84 86 2 3 61 46 41 98 59 0 38 43 94 90 82 97 27 47 19 25 40 76 40 7 69 40 47 22 68 74 25 72 33 13 87 66 8 3 97 21 4 86 95 36 18 18 56 44 53 96 26 90 30 52 68 48 21 72 80 9 24 61 57 10 47 61 66 63 22 14 23 28 26 18 33 94 15 86 53 
64 75 75 45 59 61 94 39 88 44 44 77 94 12 56 69 77 85 69 80 12 18 1 30 11 76 60 70 15 88 7 8 38 0 26 61 84 69 90 25 58 64 13 19 27 78 26 1 23 15 75 40 76 20 10 72 54 67 28 89 3 72 86 20 15 14 98 83 23 62 82 12 29 45 3 4 11 32 92 97 30 56 30 34 42 66 50 26 86 49 54 49 1 39 8 22 6 16 78 81 64 98 
62 93 9 38 43 44 30 85 29 42 75 90 69 43 69 24 56 2 45 66 70 61 56 49 82 2 26 84 78 76 88 25 43 26 0 31 33 73 45 41 68 25 79 68 51 49 36 53 32 2 65 32 19 67 16 44 40 21 2 1 46 83 30 27 8 53 4 22 84 80 63 70 68 9 73 44 96 90 77 73 59 69 59 82 64 93 53 38 48 52 24 71 1 24 23 88 60 9 3 19 4 15 
23 21 33 23 27 32 19 34 37 70 99 33 39 11 16 47 43 85 85 7 10 33 70 56 79 53 58 73 87 78 57 25 94 61 31 0 80 68 35 82 65 45 43 35 79 45 61 68 43 23 42 69 42 40 81 43 68 99 14 26 39 76 6 93 23 40 74 15 48 72 2 34 71 61 20 16 98 99 54 70 21 36 39 50 82 59 13 76 54 25 96 23 34 25 31 88 1 88 36 46 64 9 
58 33 9 92 22 45 53 2 67 2 98 51 61 89 25 40 21 61 74 80 47 99 11 46 72 93 33 80 33 39 50 84 90 84 33 80 0 42 15 63 11 30 31 38 98 40 11 68 55 78 46 74 69 24 82 65 82 82 33 94 15 31 39 97 88 1 38 67 43 62 19 1 46 83 95 72 71 97 54 1 43 41 40 25 41 93 73 32 5 30 36 36 49 31 48 1 80 8 53 10 25 52 
2 13 85 55 59 25 32 32 11 98 76 52 98 25 95 67 89 77 51 93 75 84 4 9 85 65 31 49 92 76 48 42 82 69 73 68 42 0 86 92 76 15 82 62 41 13 28 45 1 55 65 17 91 18 60 91 96 38 73 84 82 40 44 71 91 24 31 74 64 91 49 45 95 17 60 91 45 86 49 18 52 49 7 77 67 87 36 45 79 99 1 39 19 82 37 49 4 52 49 4 89 58 
1 66 78 77 17 63 50 39 85 52 60 43 10 48 63 78 69 23 81 4 94 28 40 35 30 76 53 53 73 22 73 95 97 90 45 35 15 86 0 17 88 64 87 22 34 95 32 69 39 72 70 54 13 97 47 41 18 94 79 62 36 59 32 31 49 31 97 97 21 7 75 36 37 74 39 72 57 72 68 50 62 83 99 84 86 88 48 1 66 22 22 40 77 61 3 41 78 44 84 60 67 79 
61 95 51 13 93 80 99 29 1 31 67 24 68 69 27 27 19 15 51 33 33 96 78 30 13 79 92 93 39 16 60 28 27 25 41 82 63 92 17 0 86 51 23 38 14 16 85 47 39 90 55 28 30 49 16 74 30 52 50 89 65 14 53 95 60 35 4 65 81 93 58 1 10 91 39 18 14 43 53 10 39 26 58 82 52 70 54 90 70 30 91 63 77 21 56 89 96 2 63 55 11 32 
82 61 80 60 38 22 84 76 17 83 75 90 79 44 99 25 93 25 36 86 39 53 38 1 64 63 42 93 84 56 94 33 47 58 68 65 11 76 88 86 0 70 96 48 49 11 41 26 73 88 23 50 56 89 4 29 25 21 66 88 10 12 22 59 88 95 65 79 88 72 87 83 1 43 35 67 58 93 7 71 3 13 91 5 1 35 77 9 24 62 28 16 12 86 54 91 48 61 89 30 84 51 
9 25 42 27 12 20 94 32 31 50 92 44 64 92 48 18 50 47 73 45 43 51 17 80 8 77 79 97 21 69 83 15 19 64 25 45 30 15 64 51 70 0 70 39 84 75 96 48 6 60 12 36 52 85 74 13 36 17 10 85 59 49 22 48 72 57 52 68 4 93 51 54 88 80 93 40 81 83 83 3 31 86 48 66 42 57 42 80 45 95 80 87 34 55 16 28 38 6 65 35 43 88 
89 83 65 77 23 78 46 52 4 82 6 89 21 14 88 88 84 33 16 30 64 81 26 20 71 49 58 58 25 83 81 26 25 13 79 43 31 82 87 23 96 70 0 45 91 43 45 53 89 58 81 3 65 74 96 50 32 32 42 40 15 3 48 36 51 33 33 42 43 96 17 84 29 32 92 12 39 88 17 57 10 65 84 27 3 39 86 31 87 54 32 31 37 16 22 93 48 74 45 5 67 44 
14 98 84 72 7 34 52 67 79 83 27 96 36 7 36 2 16 81 40 47 24 92 47 5 83 37 46 95 72 69 99 14 40 19 68 35 38 62 22 38 48 39 45 0 19 60 91 30 78 10 24 91 9 92 15 88 48 73 38 42 90 31 40 6 34 75 20 94 38 90 16 13 98 65 1 70 51 48 19 69 68 67 75 70 56 66 82 51 49 5 51 57 79 39 11 95 25 40 59 56 1 39 
48 3 25 88 97 5 87 68 60 96 68 29 56 3 17 46 18 71 3 68 41 80 8 72 64 50 86 40 28 12 93 79 76 27 51 79 98 41 34 14 49 84 91 19 0 94 86 96 71 74 56 16 97 50 56 7 33 30 94 79 20 29 79 42 93 25 90 11 70 16 47 30 45 20 84 75 80 45 99 13 87 78 50 32 54 88 93 79 3 70 97 23 43 3 21 57 40 38 27 22 4 63 
73 93 21 40 15 40 16 33 54 72 32 65 29 68 88 59 62 55 36 67 64 27 44 2 65 15 26 91 38 37 39 37 40 78 49 45 40 13 95 16 11 75 43 60 94 0 29 10 55 2 29 7 45 68 33 30 70 13 91 16 75 93 17 24 16 12 5 72 95 25 81 38 64 61 82 50 79 12 1 48 24 82 91 13 57 82 29 36 81 9 17 7 22 35 48 46 43 26 36 76 27 54 
31 99 45 44 88 68 72 75 70 22 12 87 46 94 91 22 8 25 98 29 64 38 1 9 45 74 74 79 96 58 11 25 7 26 36 61 11 28 32 85 41 96 45 91 86 29 0 88 75 67 78 61 53 50 37 61 96 48 70 35 62 33 48 19 92 92 74 82 13 42 58 71 3 35 81 67 88 72 15 27 40 91 59 46 83 85 53 14 10 26 48 65 89 40 86 22 46 45 89 84 69 68 
72 11 16 77 76 35 49 33 50 19 4 59 93 5 79 18 65 78 80 58 32 25 57 27 70 22 75 62 83 28 88 4 69 1 53 68 68 45 69 47 26 48 53 30 96 10 88 0 71 36 35 25 62 88 74 21 77 73 59 56 16 83 42 64 28 97 83 90 72 74 97 61 90 80 89 23 35 56 8 38 99 1 76 74 64 58 65 40 15 23 27 16 82 77 93 27 50 89 33 26 99 53 
4 55 31 39 36 35 29 98 75 47 55 89 57 29 88 57 56 90 16 85 19 57 15 41 76 33 7 58 17 80 66 57 40 23 32 43 55 1 39 39 73 6 89 78 71 55 75 71 0 61 78 6 47 65 11 98 2 57 73 92 57 22 87 38 73 75 93 15 15 50 89 46 87 31 84 78 72 59 63 43 19 59 76 13 29 46 50 95 23 77 57 90 39 87 12 20 89 51 75 92 91 41 
71 97 92 92 64 43 84 6 47 45 2 52 52 36 58 34 3 36 16 44 41 41 56 90 89 72 3 6 55 2 96 94 47 15 2 23 78 55 72 90 88 60 58 10 74 2 67 36 61 0 60 3 9 76 72 30 96 11 73 64 14 36 62 28 6 49 37 83 68 7 39 19 72 54 16 53 47 98 75 54 4 25 44 26 27 2 7 19 35 32 97 81 99 44 52 37 83 9 3 20 63 95 
22 83 15 70 33 79 28 1 28 92 14 23 5 83 25 44 91 58 95 95 6 53 56 33 35 1 31 77 97 13 89 32 22 75 65 42 46 65 70 55 23 12 81 24 56 29 78 35 78 60 0 76 26 36 80 63 77 77 75 71 48 79 32 34 44 10 57 87 47 38 37 11 51 78 20 46 35 36 8 72 2 4 47 62 7 4 9 37 85 49 82 15 16 49 44 44 58 86 68 47 51 3 
50 87 20 99 92 83 44 38 34 10 60 11 80 78 56 76 5 32 67 94 93 39 53 71 15 47 78 26 53 2 60 29 68 40 32 69 74 17 54 28 50 36 3 91 16 7 61 25 6 3 76 0 1 82 59 19 46 66 28 97 84 59 21 97 44 85 12 99 91 47 38 89 41 7 45 31 59 34 66 22 90 58 1 78 68 16 71 4 48 43 2 82 48 17 69 22 62 30 45 97 67 35 
58 71 27 34 50 39 20 73 73 5 57 32 76 47 50 99 17 40 35 21 80 20 79 97 60 25 79 80 74 9 74 77 74 76 19 42 69 91 13 30 56 52 65 9 97 45 53 62 47 9 26 1 0 89 87 78 98 39 11 22 17 79 8 54 54 68 78 13 87 86 29 14 62 7 58 46 62 52 94 7 58 41 8 5 93 8 19 52 73 3 83 47 19 87 30 36 12 53 77 38 79 70 
4 67 87 44 1 49 80 44 69 78 82 10 32 79 53 3 78 15 84 53 83 45 98 8 89 81 92 94 6 90 96 3 25 20 67 40 24 18 97 49 89 85 74 92 50 68 50 88 65 76 36 82 89 0 25 70 30 78 25 43 11 66 86 54 21 14 27 7 32 84 50 66 55 1 51 82 38 77 71 21 55 16 46 30 71 15 14 77 82 48 44 76 63 26 26 73 43 62 45 45 54 33 
69 72 8 27 23 82 71 25 40 64 9 7 77 7 25 97 69 94 94 32 75 21 54 39 34 38 97 38 67 64 92 61 72 10 16 81 82 60 47 16 4 74 96 15 56 33 37 74 11 72 80 59 87 25 0 29 6 21 62 8 52 98 51 84 22 10 78 12 68 36 38 42 10 16 94 86 77 30 53 26 87 38 16 23 92 37 46 67 4 59 96 73 73 90 17 86 75 33 63 7 74 38 
25 49 54 57 98 6 89 17 33 24 39 31 53 92 16 91 31 49 19 26 41 64 61 82 25 17 43 45 81 91 35 60 33 72 44 43 65 91 41 74 29 13 50 88 7 30 61 21 98 30 63 19 78 70 29 0 3 46 14 42 34 4 5 31 66 70 89 75 37 66 57 78 71 17 43 98 58 94 6 90 88 30 96 70 87 42 82 52 47 59 40 84 16 76 94 94 53 57 26 80 37 5 
44 55 48 70 71 92 87 97 98 96 5 68 39 81 68 84 53 14 75 64 26 22 1 30 4 53 19 61 95 16 51 73 13 54 40 68 82 96 18 30 25 36 32 48 33 70 96 77 2 96 77 46 98 30 6 3 0 83 95 12 43 23 85 29 57 33 59 87 69 67 23 3 74 2 34 81 8 64 70 6 43 16 36 47 82 24 21 5 24 26 47 32 26 19 12 54 46 7 21 6 68 12 
77 16 61 74 37 9 12 97 8 60 71 19 84 21 74 27 85 20 19 53 69 66 15 4 42 69 84 16 51 86 52 41 87 67 21 99 82 38 94 52 21 17 32 73 30 13 48 73 57 11 77 66 39 78 21 46 83 0 45 45 27 86 57 81 54 38 47 12 65 57 84 23 57 77 75 72 37 51 32 24 29 1 40 62 33 67 59 47 80 38 54 91 89 34 35 26 79 20 84 53 76 85 
27 6 35 53 19 41 66 42 34 65 77 13 81 24 47 27 37 16 26 60 50 69 61 75 31 93 90 93 3 81 83 16 66 28 2 14 33 73 79 50 66 10 42 38 94 91 70 59 73 73 75 28 11 25 62 14 95 45 0 64 97 80 99 42 39 40 7 9 1 88 43 19 45 44 94 6 3 63 37 95 60 84 20 24 31 18 99 40 56 24 17 10 92 31 49 50 38 52 22 1 32 94 
53 18 33 90 28 70 94 25 63 83 74 74 75 64 21 53 99 98 18 18 83 93 67 51 23 91 89 42 90 85 83 38 8 89 1 26 94 84 62 89 88 85 40 42 79 16 35 56 92 64 71 97 22 43 8 42 12 45 64 0 19 40 45 50 45 24 37 82 90 70 75 86 69 62 44 47 54 75 13 36 18 12 5 88 27 66 17 76 26 64 25 17 80 85 57 20 34 66 30 39 84 54 
81 43 20 28 29 6 16 22 15 32 6 75 71 72 67 56 60 42 50 23 87 19 96 92 54 8 57 64 33 28 52 8 3 3 46 39 15 82 36 65 10 59 15 90 20 75 62 16 57 14 48 84 17 11 52 34 43 27 97 19 0 70 92 65 20 55 76 70 71 94 23 82 29 98 74 58 51 21 30 33 44 92 48 47 58 80 2 13 40 20 56 60 58 67 89 58 54 56 3 34 45 54 
42 21 68 44 53 8 52 28 78 2 80 92 27 7 95 8 32 36 38 55 47 69 40 17 97 61 43 8 8 94 92 83 97 72 83 76 31 40 59 14 12 49 3 31 29 93 33 83 22 36 79 59 79 66 98 4 23 86 80 40 70 0 38 63 74 61 70 73 87 83 13 49 9 84 65 27 53 18 28 43 49 54 93 15 85 46 29 16 34 90 71 15 91 80 66 14 27 52 24 94 11 73 
83 49 25 2 95 79 99 47 44 85 85 66 58 22 13 63 36 26 21 14 14 17 72 50 92 10 5 3 90 8 25 39 21 86 30 6 39 44 32 53 22 22 48 40 79 17 48 42 87 62 32 21 8 86 51 5 85 57 99 45 92 38 0 52 30 20 3 37 23 57 99 95 59 22 35 40 55 29 12 60 3 4 87 11 28 2 62 71 13 31 68 80 62 58 8 43 4 54 90 13 75 76 
16 23 84 83 51 38 87 36 62 79 60 86 31 65 26 32 33 52 41 31 22 79 8 43 92 35 12 47 86 15 56 48 4 20 27 93 97 71 31 95 59 48 36 6 42 24 19 64 38 28 34 97 54 54 84 31 29 81 42 50 65 63 52 0 60 35 70 51 98 93 22 86 76 44 4 85 7 2 66 97 19 54 8 71 47 26 35 56 72 64 95 12 13 50 80 68 55 70 82 42 32 83 
65 14 95 95 47 79 46 63 86 69 32 54 65 51 1 80 51 35 53 24 81 60 17 71 83 64 25 76 37 76 69 61 86 15 8 23 88 91 49 60 88 72 51 34 93 16 92 28 73 6 44 44 54 21 22 66 57 54 39 45 20 74 30 60 0 34 74 10 89 75 96 2 20 12 73 42 24 36 59 30 15 2 50 95 40 28 58 20 33 12 52 88 86 65 77 61 9 40 85 98 19 4 
69 98 39 97 8 34 64 69 37 55 91 43 39 91 98 93 52 23 24 51 82 57 67 9 98 67 23 53 67 13 66 61 95 14 53 40 1 24 31 35 95 57 33 75 25 12 92 97 75 49 10 85 68 14 10 70 33 38 40 24 55 61 20 35 34 0 47 41 32 96 43 63 24 17 89 32 98 76 84 7 19 46 65 54 86 44 51 43 14 8 1 6 14 9 39 67 60 98 67 6 26 89 
26 54 48 27 86 28 43 63 13 26 8 7 19 10 99 77 6 34 19 22 95 45 62 32 37 69 7 67 74 62 38 49 36 98 4 74 38 31 97 4 65 52 33 20 90 5 74 83 93 37 57 12 78 27 78 89 59 47 7 37 76 70 3 70 74 47 0 7 16 75 60 20 51 23 3 76 76 51 42 9 48 84 28 10 71 19 79 70 62 84 36 36 57 54 23 14 49 22 8 7 78 29 
99 85 6 85 17 52 23 33 54 84 67 10 96 93 78 47 34 62 80 72 50 36 70 26 7 14 5 26 12 21 58 83 18 83 22 15 67 74 97 65 79 68 42 94 11 72 82 90 15 83 87 99 13 7 12 75 87 12 9 82 70 73 37 51 10 41 7 0 44 85 71 98 29 74 90 7 54 14 73 55 90 51 49 39 58 35 69 66 52 25 86 48 39 85 39 32 79 79 9 37 96 73 
88 11 80 31 30 78 83 46 27 28 33 37 42 68 12 88 1 79 52 4 52 40 51 35 39 67 80 38 36 38 98 9 18 23 84 48 43 64 21 81 88 4 43 38 70 95 13 72 15 68 47 91 87 32 68 37 69 65 1 90 71 87 23 98 89 32 16 44 0 38 78 35 40 20 68 32 71 65 56 60 57 27 90 78 31 53 89 32 84 44 1 52 11 73 40 77 14 70 70 50 12 13 
8 97 64 65 12 31 41 89 83 57 47 88 96 86 91 71 10 8 33 24 15 62 59 55 99 92 29 4 43 63 88 86 56 62 80 72 62 91 7 93 72 93 96 90 16 25 42 74 50 7 38 47 86 84 36 66 67 57 88 70 94 83 57 93 75 96 75 85 38 0 60 14 90 32 20 26 65 87 67 19 87 92 99 99 37 49 15 41 46 79 64 1 55 21 85 24 56 60 41 38 3 35 
27 56 88 23 62 44 45 43 13 93 76 60 58 34 25 70 32 33 38 13 31 33 80 98 32 1 54 26 40 67 45 69 44 82 63 2 19 49 75 58 87 51 17 16 47 81 58 97 89 39 37 38 29 50 38 57 23 84 43 75 23 13 99 22 96 43 60 71 78 60 0 70 44 91 41 84 61 46 19 69 27 61 46 59 24 2 41 14 78 63 52 95 48 62 58 65 98 24 2 3 68 84 
26 62 33 99 15 47 17 58 26 9 83 9 49 72 55 56 36 4 31 78 11 68 15 97 63 35 31 85 53 34 58 40 53 12 70 34 1 45 36 1 83 54 84 13 30 38 71 61 46 19 11 89 14 66 42 78 3 23 19 86 82 49 95 86 2 63 20 98 35 14 70 0 5 9 78 15 14 99 7 96 69 98 87 29 74 35 84 59 49 10 15 32 25 25 23 75 26 20 97 75 62 86 
23 57 43 53 31 10 18 26 2 56 45 54 43 9 48 93 89 68 41 8 86 54 78 71 48 71 22 65 94 58 42 64 96 29 68 71 46 95 37 10 1 88 29 98 45 64 3 90 87 72 51 41 62 55 10 71 74 57 45 69 29 9 59 76 20 24 51 29 40 90 44 5 0 8 54 89 62 76 69 18 44 29 18 53 49 92 95 60 22 87 72 93 10 11 21 84 16 47 39 20 61 7 
10 90 75 4 9 68 89 33 42 77 65 88 53 52 78 99 61 96 51 53 5 63 13 6 63 17 28 1 85 75 33 55 26 45 9 61 83 17 74 91 43 80 32 65 20 61 35 80 31 54 78 7 7 1 16 17 2 77 44 62 98 84 22 44 12 17 23 74 20 32 91 9 8 0 24 32 92 1 84 72 10 68 66 3 66 48 87 26 20 5 53 71 5 23 63 60 41 70 71 24 77 32 
68 22 67 71 41 4 1 34 56 47 38 19 23 34 41 88 39 58 74 31 8 76 12 64 35 38 6 53 21 73 28 14 90 3 73 20 95 60 39 39 35 93 92 1 84 82 81 89 84 16 20 45 58 51 94 43 34 75 94 44 74 65 35 4 73 89 3 90 68 20 41 78 54 24 0 59 28 73 31 19 57 45 37 60 89 57 84 57 2 49 9 55 24 94 54 71 24 43 69 62 31 73 
24 97 89 13 49 68 98 7 56 50 48 22 65 62 60 86 12 97 69 27 55 9 80 95 72 18 36 82 74 6 56 62 30 4 44 16 72 91 72 18 67 40 12 70 75 50 67 23 78 53 46 31 46 82 86 98 81 72 6 47 58 27 40 85 42 32 76 7 32 26 84 15 89 32 59 0 27 36 89 95 22 61 33 91 87 19 10 30 75 31 59 40 95 26 74 74 54 76 78 61 27 7 
28 84 99 40 31 55 83 66 65 12 74 68 71 8 96 75 45 47 81 9 60 35 96 25 43 39 73 47 8 1 64 41 52 11 96 98 71 45 57 14 58 81 39 51 80 79 88 35 72 47 35 59 62 38 77 58 8 37 3 54 51 53 55 7 24 98 76 54 71 65 61 14 62 92 28 27 0 85 68 78 34 92 52 37 34 84 41 14 65 52 74 7 57 22 60 31 46 69 58 20 83 32 
38 26 31 84 24 98 72 52 16 9 91 15 62 60 80 16 44 90 16 97 85 34 35 47 21 83 83 85 53 3 81 74 68 32 90 99 97 86 72 43 93 83 88 48 45 12 72 56 59 98 36 34 52 77 30 94 64 51 63 75 21 18 29 2 36 76 51 14 65 87 46 99 76 1 73 36 85 0 71 61 76 34 18 79 97 1 83 42 68 86 63 35 25 98 73 13 51 64 65 34 60 36 
58 15 18 49 67 64 15 32 93 62 85 21 61 42 90 15 8 22 64 85 99 93 7 21 91 15 49 18 70 5 92 75 48 92 77 54 54 49 68 53 7 83 17 19 99 1 15 8 63 75 8 66 94 71 53 6 70 32 37 13 30 28 12 66 59 84 42 73 56 67 19 7 69 84 31 89 68 71 0 20 7 24 97 61 19 97 63 10 24 41 77 98 7 80 35 81 7 33 13 71 96 52 
84 14 69 62 93 81 37 8 41 75 16 86 97 28 32 57 63 93 65 82 42 26 70 23 51 38 52 55 58 65 77 69 21 97 73 70 1 18 50 10 71 3 57 69 13 48 27 38 43 54 72 22 7 21 26 90 6 24 95 36 33 43 60 97 30 7 9 55 60 19 69 96 18 72 19 95 78 61 20 0 46 18 88 87 85 7 58 58 84 73 7 88 19 31 7 88 14 54 62 41 39 17 
39 85 65 71 65 29 27 14 61 24 66 10 28 52 57 88 57 85 92 74 36 68 86 1 23 63 95 36 63 58 57 25 72 30 59 21 43 52 62 39 3 31 10 68 87 24 40 99 19 4 2 90 58 55 87 88 43 29 60 18 44 49 3 19 15 19 48 90 57 87 27 69 44 10 57 22 34 76 7 46 0 48 39 98 1 66 49 70 32 66 1 76 77 20 85 83 64 39 55 87 13 22 
9 44 61 14 13 38 33 4 71 89 53 43 1 41 34 2 97 59 21 40 57 2 45 70 3 1 25 79 90 36 27 26 80 56 69 36 41 49 83 26 13 86 65 67 78 82 91 1 59 25 4 58 41 16 38 30 16 1 84 12 92 54 4 54 2 46 84 51 27 92 61 98 29 68 45 61 92 34 24 18 48 0 19 46 60 61 13 29 12 14 61 83 60 88 84 3 34 92 10 3 77 44 
33 7 79 37 18 65 2 29 50 90 70 67 27 72 39 85 94 65 55 57 14 99 71 23 64 34 77 61 84 31 63 34 9 30 59 39 40 7 99 58 91 48 84 75 50 91 59 76 76 44 47 1 8 46 16 96 36 40 20 5 48 93 87 8 50 65 28 49 90 99 46 87 18 66 37 33 52 18 97 88 39 19 0 82 18 89 54 51 76 7 37 95 17 77 99 63 23 71 70 83 16 96 
35 78 18 24 34 38 49 16 51 83 67 21 51 46 93 76 53 41 24 61 12 9 73 28 1 50 41 51 17 5 54 19 24 34 82 50 25 77 84 82 5 66 27 70 32 13 46 74 13 26 62 78 5 30 23 70 47 62 24 88 47 15 11 71 95 54 10 39 78 99 59 29 53 3 60 91 37 79 61 87 98 46 82 0 19 22 10 3 79 79 7 97 60 37 26 6 62 9 7 21 57 14 
11 57 40 23 11 94 89 30 33 83 90 17 21 95 21 77 25 79 7 26 53 90 13 26 93 78 86 47 29 76 93 79 61 42 64 82 41 67 86 52 1 42 3 56 54 57 83 64 29 27 7 68 93 71 92 87 82 33 31 27 58 85 28 47 40 86 71 58 31 37 24 74 49 66 89 87 34 97 19 85 1 60 18 19 0 94 4 79 6 82 91 40 99 8 33 11 69 45 99 82 80 98 
24 60 36 67 29 19 23 67 91 6 29 59 27 10 15 91 44 79 25 66 67 28 47 65 6 32 29 24 46 81 23 47 57 66 93 59 93 87 88 70 35 57 39 66 88 82 85 58 46 2 4 16 8 15 37 42 24 67 18 66 80 46 2 26 28 44 19 35 53 49 2 35 92 48 57 19 84 1 97 7 66 61 89 22 94 0 20 50 67 62 51 26 41 25 56 3 87 6 10 95 81 26 
16 16 82 93 76 79 35 62 21 43 20 78 66 89 10 19 52 63 1 96 22 30 83 46 73 58 41 66 83 15 39 79 10 50 53 13 73 36 48 54 77 42 86 82 93 29 53 65 50 7 9 71 19 14 46 82 21 59 99 17 2 29 62 35 58 51 79 69 89 15 41 84 95 87 84 10 41 83 63 58 49 13 54 10 4 20 0 54 72 66 56 64 8 69 87 40 58 74 78 39 32 77 
88 25 29 96 6 71 95 84 53 47 18 43 78 47 68 63 11 63 49 28 82 90 8 39 53 59 48 1 82 3 21 8 47 26 38 76 32 45 1 90 9 80 31 51 79 36 14 40 95 19 37 4 52 77 67 52 5 47 40 76 13 16 71 56 20 43 70 66 32 41 14 59 60 26 57 30 14 42 10 58 70 29 51 3 79 50 54 0 60 82 28 90 40 9 4 15 99 10 76 79 82 65 
26 10 23 54 82 93 22 97 39 22 6 36 19 59 82 46 95 48 81 19 95 78 30 58 10 74 24 33 69 53 59 78 61 86 48 54 5 79 66 70 24 45 87 49 3 81 10 15 23 35 85 48 73 82 4 47 24 80 56 26 40 34 13 72 33 14 62 52 84 46 78 49 22 20 2 75 65 68 24 84 32 12 76 79 6 67 72 60 0 74 84 16 65 53 48 27 54 17 26 8 25 5 
72 67 39 10 6 53 69 59 66 52 80 76 61 22 80 66 50 28 29 87 35 11 61 53 95 77 29 13 68 55 44 9 66 49 52 25 30 99 22 30 62 95 54 5 70 9 26 23 77 32 49 43 3 48 59 59 26 38 24 64 20 90 31 64 12 8 84 25 44 79 63 10 87 5 49 31 52 86 41 73 66 14 7 79 82 62 66 82 74 0 10 26 37 90 81 53 70 55 26 42 19 12 
93 72 42 42 43 11 68 83 81 74 11 29 83 55 4 53 19 72 89 2 62 62 83 53 98 29 85 91 62 16 20 39 63 54 24 96 36 1 22 91 28 80 32 51 97 17 48 27 57 97 82 2 83 44 96 40 47 54 17 25 56 71 68 95 52 1 36 86 1 64 52 15 72 53 9 59 74 63 77 7 1 61 37 7 91 51 56 28 84 10 0 81 4 2 18 51 91 19 46 45 49 21 
75 54 75 58 87 33 49 35 58 43 30 86 60 1 48 29 11 43 2 35 92 17 74 33 12 77 90 76 84 97 46 50 22 49 71 23 36 39 40 63 16 87 31 57 23 7 65 16 90 81 15 82 47 76 73 84 32 91 10 17 60 15 80 12 88 6 36 48 52 1 95 32 93 71 55 40 7 35 98 88 76 83 95 97 40 26 64 90 16 26 81 0 92 17 36 30 8 29 7 30 98 97 
63 70 78 89 53 47 19 31 53 14 18 35 63 20 71 88 62 15 74 3 86 80 47 70 99 54 38 26 70 89 76 15 14 1 1 34 49 19 77 77 12 34 37 79 43 22 89 82 39 99 16 48 19 63 73 16 26 89 92 80 58 91 62 13 86 14 57 39 11 55 48 25 10 5 24 95 57 25 7 19 77 60 17 60 99 41 8 40 65 37 4 92 0 95 3 89 91 61 70 1 87 15 
47 37 71 94 58 64 98 58 90 19 82 45 39 20 43 39 40 94 22 18 61 75 87 80 41 59 6 56 39 1 38 18 23 39 24 25 31 82 61 21 86 55 16 39 3 35 40 77 87 44 49 17 87 26 90 76 19 34 31 85 67 80 58 50 65 9 54 85 73 21 62 25 11 23 94 26 22 98 80 31 20 88 77 37 8 25 69 9 53 90 2 17 95 0 69 74 16 87 90 45 68 16 
33 22 26 77 57 94 12 97 20 24 47 93 24 86 6 21 7 52 1 86 93 77 85 6 92 32 24 70 75 60 85 46 28 8 23 31 48 37 3 56 54 16 22 11 21 48 86 93 12 52 44 69 30 26 17 94 12 35 49 57 89 66 8 80 77 39 23 39 40 85 58 23 21 63 54 74 60 73 35 7 85 84 99 26 33 56 87 4 48 81 18 36 3 69 0 51 35 53 15 71 31 29 
89 41 49 83 79 19 12 50 95 46 8 83 69 28 21 98 8 19 77 12 99 98 98 34 77 95 69 6 64 63 35 58 26 22 88 88 1 49 41 89 91 28 93 95 57 46 22 27 20 37 44 22 36 73 86 94 54 26 50 20 58 14 43 68 61 67 14 32 77 24 65 75 84 60 71 74 31 13 81 88 83 3 63 6 11 3 40 15 27 53 51 30 89 74 51 0 93 73 35 60 15 81 
24 78 51 12 88 37 53 47 65 96 18 9 70 98 58 52 80 79 33 94 92 1 48 65 88 14 21 15 73 2 88 78 18 6 60 1 80 4 78 96 48 38 48 25 40 43 46 50 89 83 58 62 12 43 75 53 46 79 38 34 54 27 4 55 9 60 49 79 14 56 98 26 16 41 24 54 46 51 7 14 64 34 23 62 69 87 58 99 54 70 91 8 91 16 35 93 0 13 87 64 86 79 
56 92 63 37 82 30 77 84 43 53 87 31 62 22 60 60 13 11 41 54 75 31 89 54 62 39 14 88 13 92 59 88 33 16 9 88 8 52 44 2 61 6 74 40 38 26 45 89 51 9 86 30 53 62 33 57 7 20 52 66 56 52 54 70 40 98 22 79 70 60 24 20 47 70 43 76 69 64 33 54 39 92 71 9 45 6 74 10 17 55 19 29 61 87 53 73 13 0 3 10 76 31 
66 50 45 17 11 40 69 42 48 34 62 65 88 95 55 95 1 36 82 60 9 4 74 54 3 92 57 3 35 68 2 27 94 78 3 36 53 49 84 63 89 65 45 59 27 36 89 33 75 3 68 45 77 45 63 26 21 84 22 30 3 24 90 82 85 67 8 9 70 41 2 97 39 71 69 78 58 65 13 62 55 10 70 7 99 10 78 76 26 26 46 7 70 90 15 35 87 3 0 33 20 68 
78 48 55 31 73 29 46 21 22 55 65 78 67 19 78 65 4 50 84 83 76 82 77 54 23 88 30 92 25 82 41 32 15 81 19 46 10 4 60 55 30 35 5 56 22 76 84 26 92 20 47 97 38 45 7 80 6 53 1 39 34 94 13 42 98 6 7 37 50 38 3 75 20 24 62 61 20 34 71 41 87 3 83 21 82 95 39 79 8 42 45 30 1 45 71 60 64 10 33 0 77 31 
4 78 1 85 49 55 65 41 98 15 8 19 20 68 25 15 52 94 31 12 82 65 88 13 83 60 29 65 84 42 86 59 86 64 4 64 25 89 67 11 84 43 67 1 4 27 69 99 91 63 51 67 79 54 74 37 68 76 32 84 45 11 75 32 19 26 78 96 12 3 68 62 61 77 31 27 83 60 96 39 13 77 16 57 80 81 32 82 25 19 49 98 87 68 31 15 86 76 20 77 0 71 
1 41 87 58 20 30 90 51 2 58 30 39 37 36 59 98 16 80 88 84 28 39 46 81 94 47 92 99 35 84 38 24 53 98 15 9 52 58 79 32 51 88 44 39 63 54 68 53 41 95 3 35 70 33 38 5 12 85 94 54 54 73 76 83 4 89 29 73 13 35 84 86 7 32 73 7 32 36 52 17 22 44 96 14 98 26 77 65 5 12 21 97 15 16 29 81 79 31 68 31 71 0 
