104
0 38 13 73 10 76 6 80 65 17 2 77 72 7 26 51 21 19 85 12 29 30 15 51 69 88 88 95 97 87 14 10 8 64 62 23 58 2 1 61 82 9 89 14 48 73 31 72 4 71 22 50 58 4 69 25 44 77 27 53 81 42 83 16 65 69 26 99 88 8 27 26 23 10 68 24 28 38 58 84 39 9 33 35 11 24 16 88 26 72 93 75 63 47 33 89 24 56 66 78 4 1 78 7 
38 0 53 86 71 3 77 92 22 76 8 78 73 76 77 44 21 31 37 8 46 69 58 83 97 14 11 24 82 8 25 75 93 21 33 13 66 95 61 25 83 98 3 93 99 11 55 97 83 87 71 67 72 49 55 16 6 18 43 21 49 23 14 98 54 85 11 97 56 62 57 90 22 97 84 26 15 14 85 44 7 78 57 60 16 25 10 67 72 54 70 37 22 41 78 92 50 48 78 41 79 46 88 17 
13 53 0 29 46 68 67 79 47 1 30 64 76 36 54 94 34 3 85 84 49 55 33 29 56 83 32 29 95 75 9 33 9 85 78 51 80 42 65 84 25 21 45 16 31 92 15 20 27 87 8 54 48 61 35 33 20 68 25 84 95 39 48 6 80 64 88 33 43 75 67 89 99 31 18 69 65 61 79 18 40 36 82 29 23 39 42 75 78 71 26 49 51 63 45 55 1 87 17 20 10 93 52 11 
73 86 29 0 69 24 15 64 22 47 4 57 89 81 47 55 80 72 15 78 16 26 54 85 59 86 30 45 38 23 92 55 77 13 60 27 77 72 88 40 44 77 39 92 70 99 34 44 27 57 70 74 53 90 28 44 2 83 95 97 27 85 31 65 23 99 53 4 71 13 40 84 49 62 71 14 37 24 23 67 93 96 54 10 42 58 89 94 77 83 12 37 17 31 85 58 36 42 82 3 86 94 37 47 
10 71 46 69 0 81 28 73 29 3 14 42 37 41 19 98 39 64 47 90 3 99 29 79 76 59 43 27 22 59 17 93 38 12 23 7 97 15 88 76 36 64 33 92 50 1 23 98 71 37 19 28 29 53 95 51 47 8 86 17 30 12 62 15 31 9 41 49 31 24 67 93 65 13 18 34 11 29 76 6 82 6 43 87 53 58 57 79 88 82 11 73 49 20 13 26 78 17 5 89 28 51 69 4 
76 3 68 24 81 0 59 13 3 77 97 97 62 16 75 13 19 31 60 6 17 96 97 61 44 32 45 25 63 80 22 20 78 34 5 40 68 35 35 43 79 83 39 49 82 6 92 9 41 70 6 8 79 38 79 34 28 52 78 31 44 47 10 68 4 68 55 98 64 81 29 38 65 38 94 19 79 71 93 53 11 33 47 64 94 19 37 30 40 29 55 30 56 91 28 61 13 18 72 92 8 84 57 52 
6 77 67 15 28 59 0 33 77 63 52 97 31 23 6 92 96 23 77 23 19 94 30 19 53 32 50 99 84 94 46 52 87 16 72 49 29 84 28 44 20 80 71 89 87 12 66 94 16 52 99 87 46 64 43 23 83 41 45 17 18 89 1 98 83 72 15 37 27 33 2 49 89 23 35 95 22 69 68 49 19 98 12 12 53 77 69 46 65 90 41 8 8 34 59 8 35 5 6 62 51 77 46 97 
80 92 79 64 73 13 33 0 22 93 72 93 26 98 2 14 39 86 28 39 85 34 2 32 39 29 76 32 52 67 68 33 75 33 98 6 1 38 73 44 25 17 97 97 42 25 22 28 47 36 63 69 63 33 46 89 43 58 26 33 34 7 66 52 32 8 14 4 29 16 30 67 62 84 97 59 83 35 31 58 97 50 47 84 42 21 41 51 5 10 1 91 22 75 22 34 39 38 44 34 96 42 72 70 
65 22 47 22 29 3 77 22 0 71 24 87 40 32 38 39 57 88 29 37 67 11 85 1 17 31 4 79 60 54 70 50 75 47 28 34 73 69 40 33 98 8 34 63 15 78 44 62 86 37 13 54 27 83 13 26 2 42 56 56 65 16 93 41 61 71 50 51 33 91 21 53 39 66 81 58 53 90 20 95 65 43 48 22 98 2 90 39 13 19 78 78 89 91 84 40 99 16 38 97 37 99 2 33 
17 76 1 47 3 77 63 93 71 0 31 8 51 51 33 44 42 70 2 98 52 31 83 50 82 83 96 72 22 19 47 45 92 10 5 78 64 24 96 60 65 83 32 2 85 79 69 55 26 84 28 57 93 9 56 77 47 50 12 9 62 75 24 89 90 83 83 6 43 47 22 52 74 43 14 19 24 46 96 53 34 55 15 58 62 41 73 66 23 3 87 2 73 52 72 88 78 63 49 1 43 40 4 58 
2 8 30 4 14 97 52 72 24 31 0 44 54 44 75 99 98 76 60 67 75 92 6 27 68 32 12 4 55 2 14 60 57 82 9 39 5 71 77 74 6 80 85 60 32 91 8 67 33 47 76 83 45 65 38 48 74 91 85 16 66 53 70 67 90 29 20 18 6 80 11 30 18 82 47 8 18 87 62 65 8 30 56 29 44 99 56 6 51 93 64 53 35 99 84 78 38 90 55 5 44 12 30 77 
77 78 64 57 42 97 97 93 87 8 44 0 90 33 51 52 43 24 90 44 89 96 29 65 87 59 89 52 23 11 32 10 7 31 68 19 13 74 75 92 66 86 54 43 7 10 37 88 60 9 54 88 19 22 68 15 21 86 10 43 67 21 17 59 78 43 36 76 29 86 35 45 93 83 9 31 65 78 19 39 12 57 53 84 77 69 26 70 32 60 63 30 67 33 72 61 94 73 28 98 94 69 39 61 
72 73 76 89 37 62 31 26 40 51 54 90 0 98 10 68 79 64 21 36 56 29 46 93 57 52 5 80 76 32 77 53 39 84 81 75 71 27 58 31 65 39 19 96 42 96 58 49 43 53 23 65 71 62 61 97 28 1 27 51 21 27 66 78 19 61 83 60 63 39 24 69 70 62 88 67 20 37 18 22 78 27 33 9 9 21 69 83 55 86 94 75 90 24 95 91 14 12 43 11 89 25 48 69 
7 76 36 81 41 16 23 98 32 51 44 33 98 0 44 92 14 7 3 68 94 5 29 36 83 78 47 79 7 92 81 21 24 64 72 7 22 65 51 91 10 93 68 86 34 72 9 52 34 62 8 60 42 28 52 41 72 46 95 10 89 47 59 22 55 1 20 20 86 28 98 22 95 19 68 36 96 30 23 57 11 43 73 32 13 83 8 88 9 62 24 35 95 4 56 69 16 25 95 63 27 99 48 88 
26 77 54 47 19 75 6 2 38 33 75 51 10 44 0 36 17 88 91 79 88 58 25 56 50 53 25 16 68 74 47 21 67 95 13 26 1 98 99 78 12 91 25 55 48 78 41 60 96 80 90 32 57 34 39 93 21 15 10 68 82 80 4 48 71 43 6 21 58 60 55 78 25 59 80 37 81 59 52 64 74 84 89 83 56 79 71 28 24 54 70 69 24 47 40 67 78 27 25 18 88 2 46 59 
51 44 94 55 98 13 92 14 39 44 99 52 68 92 36 0 22 18 57 34 44 76 99 3 97 91 84 27 27 53 56 8 63 32 80 93 77 47 88 71 70 56 93 99 88 86 75 16 15 57 88 2 85 76 77 91 19 63 46 66 53 29 88 39 21 98 52 60 95 65 15 98 53 45 17 65 31 83 11 46 89 79 60 98 43 65 6 91 77 56 43 21 89 69 19 93 50 84 16 18 62 8 65 56 
21 21 34 80 39 19 96 39 57 42 98 43 79 14 17 22 0 3 91 5 17 78 69 31 53 85 37 99 60 32 36 33 51 52 6 34 1 10 32 36 89 61 39 12 45 44 8 63 57 97 94 53 25 44 52 11 95 50 19 11 62 40 7 8 80 13 1 4 52 16 68 82 60 67 16 62 65 20 45 88 62 22 1 64 95 85 2 85 61 77 23 15 25 47 33 81 71 55 25 78 90 36 58 32 
19 31 3 72 64 31 23 86 88 70 76 24 64 7 88 18 3 0 40 15 94 49 14 20 16 98 42 36 26 52 35 23 34 62 79 8 33 4 68 96 58 97 47 90 22 93 85 59 65 41 79 79 63 63 48 28 72 43 15 94 52 19 79 11 36 50 94 80 90 5 6 87 30 54 81 73 30 39 79 55 43 65 69 45 85 74 51 81 51 36 73 16 40 3 36 98 80 16 16 95 67 35 84 94 
85 37 85 15 47 60 77 28 29 2 60 90 21 3 91 57 91 40 0 19 75 19 26 18 50 38 21 41 53 24 19 80 52 33 38 31 41 51 74 69 81 16 64 65 92 21 55 24 7 25 1 49 81 29 89 2 74 22 1 77 33 41 82 84 31 88 54 34 83 23 4 35 50 89 71 38 34 13 38 80 66 7 80 93 4 33 86 45 30 47 68 67 29 58 85 44 95 94 21 53 32 26 64 53 
12 8 84 78 90 6 23 39 37 98 67 44 36 68 79 34 5 15 19 0 60 18 23 55 14 31 24 51 22 72 4 24 13 78 8 53 31 27 9 97 85 82 74 40 57 61 26 66 96 28 19 87 2 35 3 18 86 12 94 54 60 83 12 84 4 84 1 94 86 52 92 33 87 85 82 6 12 70 10 47 75 94 33 39 43 64 24 41 64 64 32 19 41 6 93 80 83 75 41 26 69 50 83 87 
29 46 49 16 3 17 19 85 67 52 75 89 56 94 88 44 17 94 75 60 0 47 14 22 81 82 95 50 52 15 31 11 86 5 8 55 60 85 99 42 36 57 14 12 53 67 22 82 95 35 62 92 86 61 93 99 92 75 9 76 82 28 26 87 37 15 4 93 85 73 44 9 56 18 61 33 99 84 28 96 53 51 81 92 80 27 38 25 57 41 53 39 20 45 21 64 22 66 69 93 19 69 17 79 
30 69 55 26 99 96 94 34 11 31 92 96 29 5 58 76 78 49 19 18 47 0 60 57 45 36 40 62 33 68 54 63 76 9 35 34 93 26 68 2 99 9 90 28 30 90 78 11 62 17 80 75 77 98 1 31 4 82 65 39 68 31 22 27 96 11 70 34 37 10 1 56 70 11 4 40 78 38 17 26 47 8 44 1 57 15 56 56 53 79 98 54 61 1 15 61 67 96 40 72 8 17 67 62 
15 58 33 54 29 97 30 2 85 83 6 29 46 29 25 99 69 14 26 23 14 60 0 70 51 59 80 15 78 13 12 80 96 35 7 70 86 45 71 73 13 47 83 8 30 61 83 74 47 87 85 98 48 89 74 77 88 46 37 88 40 38 7 44 59 2 84 30 49 56 46 9 35 30 1 80 20 5 72 2 9 27 41 90 33 71 97 8 39 82 30 4 75 51 92 17 50 43 71 9 32 26 35 55 
51 83 29 85 79 61 19 32 1 50 27 65 93 36 56 3 31 20 18 55 22 57 70 0 98 97 71 6 64 95 25 47 21 23 1 70 23 28 26 65 46 39 58 53 53 33 70 80 6 34 65 54 54 54 13 81 97 34 52 56 81 55 13 86 11 82 79 72 85 30 13 64 8 71 83 64 65 45 70 76 89 35 15 60 89 34 25 4 42 31 23 54 97 92 92 83 98 37 7 39 99 32 63 48 
69 97 56 59 76 44 53 39 17 82 68 87 57 83 50 97 53 16 50 14 81 45 51 98 0 63 35 72 43 21 91 51 23 3 64 1 93 6 73 53 10 95 98 12 99 41 92 77 88 62 3 23 83 94 99 48 30 96 99 81 2 76 2 53 93 65 76 79 63 77 49 37 50 15 74 22 33 72 1 47 25 81 38 17 53 69 93 91 8 61 10 35 64 67 69 14 67 92 1 35 71 17 38 18 
88 14 83 86 59 32 32 29 31 83 32 59 52 78 53 91 85 98 38 31 82 36 59 97 63 0 39 83 15 38 63 1 34 50 78 32 58 59 74 77 29 77 54 59 32 95 14 39 92 88 60 47 63 87 62 40 72 3 60 26 58 33 31 53 92 42 79 58 46 86 26 74 75 7 3 31 78 79 92 97 43 19 84 90 89 57 43 5 12 25 23 7 5 80 29 54 31 22 28 6 36 73 83 49 
88 11 32 30 43 45 50 76 4 96 12 89 5 47 25 84 37 42 21 24 95 40 80 71 35 39 0 52 95 25 77 41 86 29 41 48 24 29 85 90 38 6 24 69 21 14 57 30 29 92 55 29 64 82 61 70 84 73 80 49 53 93 93 97 58 95 40 91 79 62 58 6 77 26 80 94 38 45 61 16 93 42 64 8 3 47 76 53 67 26 38 4 26 85 65 1 53 82 47 85 18 55 36 79 
95 24 29 45 27 25 99 32 79 72 4 52 80 79 16 27 99 36 41 51 50 62 15 6 72 83 52 0 61 51 47 24 66 1 33 13 91 76 26 56 70 6 15 88 3 92 65 99 88 59 25 46 15 78 87 33 92 73 39 84 21 25 72 28 38 96 83 17 55 97 53 74 6 67 81 95 51 3 90 33 8 90 86 37 67 74 12 36 43 40 53 94 85 21 74 8 53 70 58 63 90 84 17 29 
97 82 95 38 22 63 84 52 60 22 55 23 76 7 68 27 60 26 53 22 52 33 78 64 43 15 95 61 0 46 83 82 69 68 62 84 70 39 75 64 73 13 35 25 84 35 23 90 41 88 76 78 39 76 22 16 56 69 83 69 12 37 58 28 80 2 13 2 9 90 64 91 16 86 81 85 28 94 8 15 76 13 62 21 38 63 67 34 58 75 73 6 1 3 5 65 58 36 31 5 76 81 15 3 
87 8 75 23 59 80 94 67 54 19 2 11 32 92 74 53 32 52 24 72 15 68 13 95 21 38 25 51 46 0 53 55 16 97 89 1 60 63 2 92 68 82 42 84 45 98 7 88 57 50 48 73 60 94 83 81 99 93 39 11 88 66 96 89 60 74 96 92 35 51 52 83 83 52 92 25 56 69 66 38 58 98 88 45 58 42 33 28 56 64 81 92 77 57 27 63 54 93 23 39 21 59 44 20 
14 25 9 92 17 22 46 68 70 47 14 32 77 81 47 56 36 35 19 4 31 54 12 25 91 63 77 47 83 53 0 46 76 38 85 35 88 59 2 41 86 38 59 8 25 25 84 42 95 28 33 15 26 14 79 37 25 4 57 94 32 29 77 3 61 60 73 41 16 38 8 83 39 48 61 61 49 83 9 86 69 40 64 55 14 62 41 74 75 69 25 26 34 19 79 47 79 8 78 9 39 50 15 18 
10 75 33 55 93 20 52 33 50 45 60 10 53 21 21 8 33 23 80 24 11 63 80 47 51 1 41 24 82 55 46 0 46 58 78 88 27 32 59 24 38 43 94 90 82 97 27 47 19 25 40 76 40 7 69 40 47 22 68 74 25 72 33 13 87 66 8 3 97 21 4 86 95 36 18 18 56 44 53 96 26 90 30 52 68 48 21 72 80 9 24 61 57 10 47 61 66 63 22 14 23 28 26 18 
8 93 9 77 38 78 87 75 75 92 57 7 39 24 67 63 51 34 52 13 86 76 96 21 23 34 86 66 69 16 76 46 0 33 94 15 86 53 26 61 84 69 90 25 58 64 13 19 27 78 26 1 23 15 75 40 76 20 10 72 54 67 28 89 3 72 86 20 15 14 98 83 23 62 82 12 29 45 3 4 11 32 92 97 30 56 30 34 42 66 50 26 86 49 54 49 1 39 8 22 6 16 78 81 
64 21 85 13 12 34 16 33 47 10 82 31 84 64 95 32 52 62 33 78 5 9 35 23 3 50 29 1 68 97 38 58 33 0 64 98 31 33 73 45 41 68 25 79 68 51 49 36 53 32 2 65 32 19 67 16 44 40 21 2 1 46 83 30 27 8 53 4 22 84 80 63 70 68 9 73 44 96 90 77 73 59 69 59 82 64 93 53 38 48 52 24 71 1 24 23 88 60 9 3 19 4 15 80 
62 33 78 60 23 5 72 98 28 5 9 68 81 72 13 80 6 79 38 8 8 35 7 1 64 78 41 33 62 89 85 78 94 64 0 68 35 82 65 45 43 35 79 45 61 68 43 23 42 69 42 40 81 43 68 99 14 26 39 76 6 93 23 40 74 15 48 72 2 34 71 61 20 16 98 99 54 70 21 36 39 50 82 59 13 76 54 25 96 23 34 25 31 88 1 88 36 46 64 9 42 15 63 11 
23 13 51 27 7 40 49 6 34 78 39 19 75 7 26 93 34 8 31 53 55 34 70 70 1 32 48 13 84 1 35 88 15 98 68 0 30 31 38 98 40 11 68 55 78 46 74 69 24 82 65 82 82 33 94 15 31 39 97 88 1 38 67 43 62 19 1 46 83 95 72 71 97 54 1 43 41 40 25 41 93 73 32 5 30 36 36 49 31 48 1 80 8 53 10 25 52 86 92 76 15 82 62 41 
58 66 80 77 97 68 29 1 73 64 5 13 71 22 1 77 1 33 41 31 60 93 86 23 93 58 24 91 70 60 88 27 86 31 35 30 0 13 28 45 1 55 65 17 91 18 60 91 96 38 73 84 82 40 44 71 91 24 31 74 64 91 49 45 95 17 60 91 45 86 49 18 52 49 7 77 67 87 36 45 79 99 1 39 19 82 37 49 4 52 49 4 89 58 17 88 64 87 22 34 95 32 69 39 
2 95 42 72 15 35 84 38 69 24 71 74 27 65 98 47 10 4 51 27 85 26 45 28 6 59 29 76 39 63 59 32 53 33 82 31 13 0 72 70 54 13 97 47 41 18 94 79 62 36 59 32 31 49 31 97 97 21 7 75 36 37 74 39 72 57 72 68 50 62 83 99 84 86 88 48 1 66 22 22 40 77 61 3 41 78 44 84 60 67 79 86 51 23 38 14 16 85 47 39 90 55 28 30 
1 61 65 88 88 35 28 73 40 96 77 75 58 51 99 88 32 68 74 9 99 68 71 26 73 74 85 26 75 2 2 59 26 73 65 38 28 72 0 49 16 74 30 52 50 89 65 14 53 95 60 35 4 65 81 93 58 1 10 91 39 18 14 43 53 10 39 26 58 82 52 70 54 90 70 30 91 63 77 21 56 89 96 2 63 55 11 32 70 96 48 49 11 41 26 73 88 23 50 56 89 4 29 25 
61 25 84 40 76 43 44 44 33 60 74 92 31 91 78 71 36 96 69 97 42 2 73 65 53 77 90 56 64 92 41 24 61 45 45 98 45 70 49 0 21 66 88 10 12 22 59 88 95 65 79 88 72 87 83 1 43 35 67 58 93 7 71 3 13 91 5 1 35 77 9 24 62 28 16 12 86 54 91 48 61 89 30 84 51 70 39 84 75 96 48 6 60 12 36 52 85 74 13 36 17 10 85 59 
82 83 25 44 36 79 20 25 98 65 6 66 65 10 12 70 89 58 81 85 36 99 13 46 10 29 38 70 73 68 86 38 84 41 43 40 1 54 16 21 0 49 22 48 72 57 52 68 4 93 51 54 88 80 93 40 81 83 83 3 31 86 48 66 42 57 42 80 45 95 80 87 34 55 16 28 38 6 65 35 43 88 45 91 43 45 53 89 58 81 3 65 74 96 50 32 32 42 40 15 3 48 36 51 
9 98 21 77 64 83 80 17 8 83 80 86 39 93 91 56 61 97 16 82 57 9 47 39 95 77 6 6 13 82 38 43 69 68 35 11 55 13 74 66 49 0 33 33 42 43 96 17 84 29 32 92 12 39 88 17 57 10 65 84 27 3 39 86 31 87 54 32 31 37 16 22 93 48 74 45 5 67 44 19 60 91 30 78 10 24 91 9 92 15 88 48 73 38 42 90 31 40 6 34 75 20 94 38 
89 3 45 39 33 39 71 97 34 32 85 54 19 68 25 93 39 47 64 74 14 90 83 58 98 54 24 15 35 42 59 94 90 25 79 68 65 97 30 88 22 33 0 90 16 13 98 65 1 70 51 48 19 69 68 67 75 70 56 66 82 51 49 5 51 57 79 39 11 95 25 40 59 56 1 39 94 86 96 71 74 56 16 97 50 56 7 33 30 94 79 20 29 79 42 93 25 90 11 70 16 47 30 45 
14 93 16 92 92 49 89 97 63 2 60 43 96 86 55 99 12 90 65 40 12 28 8 53 12 59 69 88 25 84 8 90 25 79 45 55 17 47 52 10 48 33 90 0 20 84 75 80 45 99 13 87 78 50 32 54 88 93 79 3 70 97 23 43 3 21 57 40 38 27 22 4 63 29 10 55 2 29 7 45 68 33 30 70 13 91 16 75 93 17 24 16 12 5 72 95 25 81 38 64 61 82 50 79 
48 99 31 70 50 82 87 42 15 85 32 7 42 34 48 88 45 22 92 57 53 30 30 53 99 32 21 3 84 45 25 82 58 68 61 78 91 41 50 12 72 42 16 20 0 12 1 48 24 82 91 13 57 82 29 36 81 9 17 7 22 35 48 46 43 26 36 76 27 54 88 75 67 78 61 53 50 37 61 96 48 70 35 62 33 48 19 92 92 74 82 13 42 58 71 3 35 81 67 88 72 15 27 40 
73 11 92 99 1 6 12 25 78 79 91 10 96 72 78 86 44 93 21 61 67 90 61 33 41 95 14 92 35 98 25 97 64 51 68 46 18 18 89 22 57 43 13 84 12 0 91 59 46 83 85 53 14 10 26 48 65 89 40 86 22 46 45 89 84 69 68 71 36 35 25 62 88 74 21 77 73 59 56 16 83 42 64 28 97 83 90 72 74 97 61 90 80 89 23 35 56 8 38 99 1 76 74 64 
31 55 15 34 23 92 66 22 44 69 8 37 58 9 41 75 8 85 55 26 22 78 83 70 92 14 57 65 23 7 84 27 13 49 43 74 60 94 65 59 52 96 98 75 1 91 0 58 65 40 15 23 27 16 82 77 93 27 50 89 33 26 99 53 61 78 6 47 65 11 98 2 57 73 92 57 22 87 38 73 75 93 15 15 50 89 46 87 31 84 78 72 59 63 43 19 59 76 13 29 46 50 95 23 
72 97 20 44 98 9 94 28 62 55 67 88 49 52 60 16 63 59 24 66 82 11 74 80 77 39 30 99 90 88 42 47 19 36 23 69 91 79 14 88 68 17 65 80 48 59 58 0 77 57 90 39 87 12 20 89 51 75 92 91 41 60 3 9 76 72 30 96 11 73 64 14 36 62 28 6 49 37 83 68 7 39 19 72 54 16 53 47 98 75 54 4 25 44 26 27 2 7 19 35 32 97 81 99 
4 83 27 27 71 41 16 47 86 26 33 60 43 34 96 15 57 65 7 96 95 62 47 6 88 92 29 88 41 57 95 19 27 53 42 24 96 62 53 95 4 84 1 45 24 46 65 77 0 44 52 37 83 9 3 20 63 95 76 26 36 80 63 77 77 75 71 48 79 32 34 44 10 57 87 47 38 37 11 51 78 20 46 35 36 8 72 2 4 47 62 7 4 9 37 85 49 82 15 16 49 44 44 58 
71 87 87 57 37 70 52 36 37 84 47 9 53 62 80 57 97 41 25 28 35 17 87 34 62 88 92 59 88 50 28 25 78 32 69 82 38 36 95 65 93 29 70 99 82 83 40 57 44 0 86 68 47 51 3 1 82 59 19 46 66 28 97 84 59 21 97 44 85 12 99 91 47 38 89 41 7 45 31 59 34 66 22 90 58 1 78 68 16 71 4 48 43 2 82 48 17 69 22 62 30 45 97 67 
22 71 8 70 19 6 99 63 13 28 76 54 23 8 90 88 94 79 1 19 62 80 85 65 3 60 55 25 76 48 33 40 26 2 42 65 73 59 60 79 51 32 51 13 91 85 15 90 52 86 0 35 89 87 78 98 39 11 22 17 79 8 54 54 68 78 13 87 86 29 14 62 7 58 46 62 52 94 7 58 41 8 5 93 8 19 52 73 3 83 47 19 87 30 36 12 53 77 38 79 70 25 70 30 
50 67 54 74 28 8 87 69 54 57 83 88 65 60 32 2 53 79 49 87 92 75 98 54 23 47 29 46 78 73 15 76 1 65 40 82 84 32 35 88 54 92 48 87 13 53 23 39 37 68 35 0 78 25 43 11 66 86 54 21 14 27 7 32 84 50 66 55 1 51 82 38 77 71 21 55 16 46 30 71 15 14 77 82 48 44 76 63 26 26 73 43 62 45 45 54 33 29 6 21 62 8 52 98 
58 72 48 53 29 79 46 63 27 93 45 19 71 42 57 85 25 63 81 2 86 77 48 54 83 63 64 15 39 60 26 40 23 32 81 82 82 31 4 72 88 12 19 78 57 14 27 87 83 47 89 78 0 51 84 22 10 78 12 68 36 38 42 10 16 94 86 77 30 53 26 87 38 16 23 92 37 46 67 4 59 96 73 73 90 17 86 75 33 63 7 74 38 3 46 14 42 34 4 5 31 66 70 89 
4 49 61 90 53 38 64 33 83 9 65 22 62 28 34 76 44 63 29 35 61 98 89 54 94 87 82 78 76 94 14 7 15 19 43 33 40 49 65 87 80 39 69 50 82 10 16 12 9 51 87 25 51 0 75 37 66 57 78 71 17 43 98 58 94 6 90 88 30 96 70 87 42 82 52 47 59 40 84 16 76 94 94 53 57 26 80 37 5 83 95 12 43 23 85 29 57 33 59 87 69 67 23 3 
69 55 35 28 95 79 43 46 13 56 38 68 61 52 39 77 52 48 89 3 93 1 74 13 99 62 61 87 22 83 79 69 75 67 68 94 44 31 81 83 93 88 68 32 29 26 82 20 3 3 78 43 84 75 0 74 2 34 81 8 64 70 6 43 16 36 47 82 24 21 5 24 26 47 32 26 19 12 54 46 7 21 6 68 12 45 45 27 86 57 81 54 38 47 12 65 57 84 23 57 77 75 72 37 
25 16 33 44 51 34 23 89 26 77 48 15 97 41 93 91 11 28 2 18 99 31 77 81 48 40 70 33 16 81 37 40 40 16 99 15 71 97 93 1 40 17 67 54 36 48 77 89 20 1 98 11 22 37 74 0 51 32 24 29 1 40 62 33 67 59 47 80 38 54 91 89 34 35 26 79 20 84 53 76 85 64 97 80 99 42 39 40 7 9 1 88 43 19 45 44 94 6 3 63 37 95 60 84 
44 6 20 2 47 28 83 43 2 47 74 21 28 72 21 19 95 72 74 86 92 4 88 97 30 72 84 92 56 99 25 47 76 44 14 31 91 97 58 43 81 57 75 88 81 65 93 51 63 82 39 66 10 66 2 51 0 20 24 31 18 99 40 56 24 17 10 92 31 49 50 38 52 22 1 32 94 19 40 45 50 45 24 37 82 90 70 75 86 69 62 44 47 54 75 13 36 18 12 5 88 27 66 17 
77 18 68 83 8 52 41 58 42 50 91 86 1 46 15 63 50 43 22 12 75 82 46 34 96 3 73 73 69 93 4 22 20 40 26 39 24 21 1 35 83 10 70 93 9 89 27 75 95 59 11 86 78 57 34 32 20 0 76 26 64 25 17 80 85 57 20 34 66 30 39 84 54 70 92 65 20 55 76 70 71 94 23 82 29 98 74 58 51 21 30 33 44 92 48 47 58 80 2 13 40 20 56 60 
27 43 25 95 86 78 45 26 56 12 85 10 27 95 10 46 19 15 1 94 9 65 37 52 99 60 80 39 83 39 57 68 10 21 39 97 31 7 10 67 83 65 56 79 17 40 50 92 76 19 22 54 12 78 81 24 24 76 0 58 67 89 58 54 56 3 34 45 54 38 63 74 61 70 73 87 83 13 49 9 84 65 27 53 18 28 43 49 54 93 15 85 46 29 16 34 90 71 15 91 80 66 14 27 
53 21 84 97 17 31 17 33 56 9 16 43 51 10 68 66 11 94 77 54 76 39 88 56 81 26 49 84 69 11 94 74 72 2 76 88 74 75 91 58 3 84 66 3 7 86 89 91 26 46 17 21 68 71 8 29 31 26 58 0 52 24 94 11 73 52 30 20 3 37 23 57 99 95 59 22 35 40 55 29 12 60 3 4 87 11 28 2 62 71 13 31 68 80 62 58 8 43 4 54 90 13 75 76 
81 49 95 27 30 44 18 34 65 62 66 67 21 89 82 53 62 52 33 60 82 68 40 81 2 58 53 21 12 88 32 25 54 1 6 1 64 36 39 93 31 27 82 70 22 22 33 41 36 66 79 14 36 17 64 1 18 64 67 52 0 60 35 70 51 98 93 22 86 76 44 4 85 7 2 66 97 19 54 8 71 47 26 35 56 72 64 95 12 13 50 80 68 55 70 82 42 32 83 34 74 10 89 75 
42 23 39 85 12 47 89 7 16 75 53 21 27 47 80 29 40 19 41 83 28 31 38 55 76 33 93 25 37 66 29 72 67 46 93 38 91 37 18 7 86 3 51 97 35 46 26 60 80 28 8 27 38 43 70 40 99 25 89 24 60 0 96 2 20 12 73 42 24 36 59 30 15 2 50 95 40 28 58 20 33 12 52 88 86 65 77 61 9 40 85 98 19 4 47 41 32 96 43 63 24 17 89 32 
83 14 48 31 62 10 1 66 93 24 70 17 66 59 4 88 7 79 82 12 26 22 7 13 2 31 93 72 58 96 77 33 28 83 23 67 49 74 14 71 48 39 49 23 48 45 99 3 63 97 54 7 42 98 6 62 40 17 58 94 35 96 0 98 76 84 7 19 46 65 54 86 44 51 43 14 8 1 6 14 9 39 67 60 98 67 6 26 89 7 16 75 60 20 51 23 3 76 76 51 42 9 48 84 
16 98 6 65 15 68 98 52 41 89 67 59 78 22 48 39 8 11 84 84 87 27 44 86 53 53 97 28 28 89 3 13 89 30 40 43 45 39 43 3 66 86 5 43 46 89 53 9 77 84 54 32 10 58 43 33 56 80 54 11 70 2 98 0 28 10 71 19 79 70 62 84 36 36 57 54 23 14 49 22 8 7 78 29 44 85 71 98 29 74 90 7 54 14 73 55 90 51 49 39 58 35 69 66 
65 54 80 23 31 4 83 32 61 90 90 78 19 55 71 21 80 36 31 4 37 96 59 11 93 92 58 38 80 60 61 87 3 27 74 62 95 72 53 13 42 31 51 3 43 84 61 76 77 59 68 84 16 94 16 67 24 85 56 73 51 20 76 28 0 52 25 86 48 39 85 39 32 79 79 9 37 96 73 38 78 35 40 20 68 32 71 65 56 60 57 27 90 78 31 53 89 32 84 44 1 52 11 73 
69 85 64 99 9 68 72 8 71 83 29 43 61 1 43 98 13 50 88 84 15 11 2 82 65 42 95 96 2 74 60 66 72 8 15 19 17 57 10 91 57 87 57 21 26 69 78 72 75 21 78 50 94 6 36 59 17 57 3 52 98 12 84 10 52 0 40 77 14 70 70 50 12 13 60 14 90 32 20 26 65 87 67 19 87 92 99 99 37 49 15 41 46 79 64 1 55 21 85 24 56 60 41 38 
26 11 88 53 41 55 15 14 50 83 20 36 83 20 6 52 1 94 54 1 4 70 84 79 76 79 40 83 13 96 73 8 86 53 48 1 60 72 39 5 42 54 79 57 36 68 6 30 71 97 13 66 86 90 47 47 10 20 34 30 93 73 7 71 25 40 0 3 35 70 44 91 41 84 61 46 19 69 27 61 46 59 24 2 41 14 78 63 52 95 48 62 58 65 98 24 2 3 68 84 5 9 78 15 
99 97 33 4 49 98 37 4 51 6 18 76 60 20 21 60 4 80 34 94 93 34 30 72 79 58 91 17 2 92 41 3 20 4 72 46 91 68 26 1 80 32 39 40 76 71 47 96 48 44 87 55 77 88 82 80 92 34 45 20 22 42 19 19 86 77 3 0 14 99 7 96 69 98 87 29 74 35 84 59 49 10 15 32 25 25 23 75 26 20 97 75 62 86 8 54 89 62 76 69 18 44 29 18 
88 56 43 71 31 64 27 29 33 43 6 29 63 86 58 95 52 90 83 86 85 37 49 85 63 46 79 55 9 35 16 97 15 22 2 83 45 50 58 35 45 31 11 38 27 36 65 11 79 85 86 1 30 30 24 38 31 66 54 3 86 24 46 79 48 14 35 14 0 53 49 92 95 60 22 87 72 93 10 11 21 84 16 47 39 20 61 7 24 32 92 1 84 72 10 68 66 3 66 48 87 26 20 5 
8 62 75 13 24 81 33 16 91 47 80 86 39 28 60 65 16 5 23 52 73 10 56 30 77 86 62 97 90 51 38 21 14 84 34 95 86 62 82 77 95 37 95 27 54 35 11 73 32 12 29 51 53 96 21 54 49 30 38 37 76 36 65 70 39 70 70 99 53 0 53 71 5 23 63 60 41 70 71 24 77 32 59 28 73 31 19 57 45 37 60 89 57 84 57 2 49 9 55 24 94 54 71 24 
27 57 67 40 67 29 2 30 21 22 11 35 24 98 55 15 68 6 4 92 44 1 46 13 49 26 58 53 64 52 8 4 98 80 71 72 49 83 52 9 80 16 25 22 88 25 98 64 34 99 14 82 26 70 5 91 50 39 63 23 44 59 54 62 85 70 44 7 49 53 0 43 69 62 31 73 27 36 89 95 22 61 33 91 87 19 10 30 75 31 59 40 95 26 74 74 54 76 78 61 27 7 85 68 
26 90 89 84 93 38 49 67 53 52 30 45 69 22 78 98 82 87 35 33 9 56 9 64 37 74 6 74 91 83 83 86 83 63 61 71 18 99 70 24 87 22 40 4 75 62 2 14 44 91 62 38 87 87 24 89 38 84 74 57 4 30 86 84 39 50 91 96 92 71 43 0 78 34 92 52 37 34 84 41 14 65 52 74 7 57 22 60 31 46 69 58 20 83 32 71 61 76 34 18 79 97 1 83 
23 22 99 49 65 65 89 62 39 74 18 93 70 95 25 53 60 30 50 87 56 70 35 8 50 75 77 6 16 83 39 95 23 70 20 97 52 84 54 62 34 93 59 63 67 88 57 36 10 47 7 77 38 42 26 34 52 54 61 99 85 15 44 36 32 12 41 69 95 5 69 78 0 42 68 86 63 35 25 98 73 13 51 64 65 34 60 36 20 7 24 97 61 19 97 63 10 24 41 77 98 7 80 35 
10 97 31 62 13 38 23 84 66 43 82 83 62 19 59 45 67 54 89 85 18 11 30 71 15 7 26 67 86 52 48 36 62 68 16 54 49 86 90 28 55 48 56 29 78 74 73 62 57 38 58 71 16 82 47 35 22 70 70 95 7 2 51 36 79 13 84 98 60 23 62 34 42 0 81 7 33 13 71 96 52 46 18 88 87 85 7 58 58 84 73 7 88 19 31 7 88 14 54 62 41 39 17 48 
68 84 18 71 18 94 35 97 81 14 47 9 88 68 80 17 16 81 71 82 61 4 1 83 74 3 80 81 81 92 61 18 82 9 98 1 7 88 70 16 16 74 1 10 61 21 92 28 87 89 46 21 23 52 32 26 1 92 73 59 2 50 43 57 79 60 61 87 22 63 31 92 68 81 0 39 98 1 66 49 70 32 66 1 76 77 20 85 83 64 39 55 87 13 22 19 46 60 61 13 29 12 14 61 
24 26 69 14 34 19 95 59 58 19 8 31 67 36 37 65 62 73 38 6 33 40 80 64 22 31 94 95 85 25 61 18 12 73 99 43 77 48 30 12 28 45 39 55 53 77 57 6 47 41 62 55 92 47 26 79 32 65 87 22 66 95 14 54 9 14 46 29 87 60 73 52 86 7 39 0 83 60 88 84 3 34 92 10 3 77 44 82 18 89 54 51 76 7 37 95 17 77 99 63 23 71 70 83 
28 15 65 37 11 79 22 83 53 24 18 65 20 96 81 31 65 30 34 12 99 78 20 65 33 78 38 51 28 56 49 56 29 44 54 41 67 1 91 86 38 5 94 2 50 73 22 49 38 7 52 16 37 59 19 20 94 20 83 35 97 40 8 23 37 90 19 74 72 41 27 37 63 33 98 83 0 16 96 19 22 10 3 79 79 7 97 60 37 26 6 62 9 7 21 57 14 94 4 79 6 82 91 40 
38 14 61 24 29 71 69 35 90 46 87 78 37 30 59 83 20 39 13 70 84 38 5 45 72 79 45 3 94 69 83 44 45 96 70 40 87 66 63 54 6 67 86 29 37 59 87 37 37 45 94 46 46 40 12 84 19 55 13 40 19 28 1 14 96 32 69 35 93 70 36 34 35 13 1 60 16 0 99 8 33 11 69 45 99 82 80 98 20 50 67 62 51 26 41 25 56 3 87 6 10 95 81 26 
58 85 79 23 76 93 68 31 20 96 62 19 18 23 52 11 45 79 38 10 28 17 72 70 1 92 61 90 8 66 9 53 3 90 21 25 36 22 77 91 65 44 96 7 61 56 38 83 11 31 7 30 67 84 54 53 40 76 49 55 54 58 6 49 73 20 27 84 10 71 89 84 25 71 66 88 96 99 0 54 72 66 56 64 8 69 87 40 58 74 78 39 32 77 60 82 28 90 40 9 4 15 99 10 
84 44 18 67 6 53 49 58 95 53 65 39 22 57 64 46 88 55 80 47 96 26 2 76 47 97 16 33 15 38 86 96 4 77 36 41 45 22 21 48 35 19 71 45 96 16 73 68 51 59 58 71 4 16 46 76 45 70 9 29 8 20 14 22 38 26 61 59 11 24 95 41 98 96 49 84 19 8 54 0 76 79 82 65 74 84 16 65 53 48 27 54 17 26 8 25 5 10 26 37 90 81 53 70 
39 7 40 93 82 11 19 97 65 34 8 12 78 11 74 89 62 43 66 75 53 47 9 89 25 43 93 8 76 58 69 26 11 73 39 93 79 40 56 61 43 60 74 68 48 83 75 7 78 34 41 15 59 76 7 85 50 71 84 12 71 33 9 8 78 65 46 49 21 77 22 14 73 52 70 3 22 33 72 76 0 55 26 42 19 12 81 4 2 18 51 91 19 46 45 49 21 92 17 36 30 8 29 7 
9 78 36 96 6 33 98 50 43 55 30 57 27 43 84 79 22 65 7 94 51 8 27 35 81 19 42 90 13 98 40 90 32 59 50 73 99 77 89 89 88 91 56 33 70 42 93 39 20 66 8 14 96 94 21 64 45 94 65 60 47 12 39 7 35 87 59 10 84 32 61 65 13 46 32 34 10 11 66 79 55 0 30 98 97 95 3 89 91 61 70 1 87 15 69 74 16 87 90 45 68 16 51 35 
33 57 82 54 43 47 12 47 48 15 56 53 33 73 89 60 1 69 80 33 81 44 41 15 38 84 64 86 62 88 64 30 92 69 82 32 1 61 96 30 45 30 16 30 35 64 15 19 46 22 5 77 73 94 6 97 24 23 27 3 26 52 67 78 40 67 24 15 16 59 33 52 51 18 66 92 3 69 56 82 26 30 0 53 15 71 31 29 93 73 35 60 15 81 13 87 64 86 79 3 10 76 31 33 
35 60 29 10 87 64 12 84 22 58 29 84 9 32 83 98 64 45 93 39 92 1 90 60 17 90 8 37 21 45 55 52 97 59 59 5 39 3 2 84 91 78 97 70 62 28 15 72 35 90 93 82 73 53 68 80 37 82 53 4 35 88 60 29 20 19 2 32 47 28 91 74 64 88 1 10 79 45 64 65 42 98 53 0 20 68 77 31 71 9 18 75 67 49 66 17 33 18 78 59 12 67 34 8 
11 16 23 42 53 94 53 42 98 62 44 77 9 13 56 43 95 85 4 43 80 57 33 89 53 89 3 67 38 58 14 68 30 82 13 30 19 41 63 51 43 10 50 13 33 97 50 54 36 58 8 48 90 57 12 99 82 29 18 87 56 86 98 44 68 87 41 25 39 73 87 7 65 87 76 3 79 99 8 74 19 97 15 20 0 7 5 63 1 22 21 38 51 59 82 79 7 47 13 62 50 52 28 60 
24 25 39 58 58 19 77 21 2 41 99 69 21 83 79 65 85 74 33 64 27 15 71 34 69 57 47 74 63 42 62 48 56 64 76 36 82 78 55 70 45 24 56 91 48 83 89 16 8 1 19 44 17 26 45 42 90 98 28 11 72 65 67 85 32 92 14 25 20 31 19 57 34 85 77 77 7 82 69 84 12 95 71 68 7 0 15 22 88 54 14 75 35 50 71 24 54 52 13 71 11 99 5 97 
16 10 42 89 57 37 69 41 90 73 56 26 69 8 71 6 2 51 86 24 38 56 97 25 93 43 76 12 67 33 41 21 30 93 54 36 37 44 11 39 53 91 7 16 19 90 46 53 72 78 52 76 86 80 45 39 70 74 43 28 64 77 6 71 71 99 78 23 61 19 10 22 60 7 20 44 97 80 87 16 81 3 31 77 5 15 0 12 75 38 32 44 95 38 87 1 39 26 23 45 94 47 86 14 
88 67 75 94 79 30 46 51 39 66 6 70 83 88 28 91 85 81 45 41 25 56 8 4 91 5 53 36 34 28 74 72 34 53 25 49 49 84 32 84 89 9 33 75 92 72 87 47 2 68 73 63 75 37 27 40 75 58 49 2 95 61 26 98 65 99 63 75 7 57 30 60 36 58 85 82 60 98 40 65 4 89 29 31 63 22 12 0 32 47 82 67 37 53 35 32 14 48 19 26 64 87 6 24 
26 72 78 77 88 40 65 5 13 23 51 32 55 9 24 77 61 51 30 64 57 53 39 42 8 12 67 43 58 56 75 80 42 38 96 31 4 60 70 75 58 92 30 93 92 74 31 98 4 16 3 26 33 5 86 7 86 51 54 62 12 9 89 29 56 37 52 26 24 45 75 31 20 58 83 18 37 20 58 53 2 91 93 71 1 88 75 32 0 20 31 5 8 52 99 67 65 28 96 56 1 44 44 91 
72 54 71 83 82 29 90 10 19 3 93 60 86 62 54 56 77 36 47 64 41 79 82 31 61 25 26 40 75 64 69 9 66 48 23 48 52 67 96 96 81 15 94 17 74 97 84 75 47 71 83 26 63 83 57 9 69 21 93 71 13 40 7 74 60 49 95 20 32 37 31 46 7 84 64 89 26 50 74 48 18 61 73 9 22 54 38 47 20 0 63 65 5 7 25 24 28 31 69 26 94 51 68 3 
93 70 26 12 11 55 41 1 78 87 64 63 94 24 70 43 23 73 68 32 53 98 30 23 10 23 38 53 73 81 25 24 50 52 34 1 49 79 48 48 3 88 79 24 82 61 78 54 62 4 47 73 7 95 81 1 62 30 15 13 50 85 16 90 57 15 48 97 92 60 59 69 24 73 39 54 6 67 78 27 51 70 35 18 21 14 32 82 31 63 0 99 86 57 19 13 25 38 70 65 59 1 65 14 
75 37 49 37 73 30 8 91 78 2 53 30 75 35 69 21 15 16 67 19 39 54 4 54 35 7 4 94 6 92 26 61 26 24 25 80 4 86 49 6 65 48 20 16 13 90 72 4 7 48 19 43 74 12 54 88 44 33 85 31 80 98 75 7 27 41 62 75 1 89 40 58 97 7 55 51 62 62 39 54 91 1 60 75 38 75 44 67 5 65 99 0 22 38 99 15 18 91 90 23 21 51 73 49 
63 22 51 17 49 56 8 22 89 73 35 67 90 95 24 89 25 40 29 41 20 61 75 97 64 5 26 85 1 77 34 57 86 71 31 8 89 51 11 60 74 73 29 12 42 80 59 25 4 43 87 62 38 43 38 43 47 44 46 68 68 19 60 54 90 46 58 62 84 57 95 20 61 88 87 76 9 51 32 17 19 87 15 67 51 35 95 37 8 5 86 22 0 11 24 97 66 13 21 86 22 47 32 27 
47 41 63 31 20 91 34 75 91 52 99 33 24 4 47 69 47 3 58 6 45 1 51 92 67 80 85 21 3 57 19 10 49 1 88 53 58 23 41 12 96 38 79 5 58 89 63 44 9 2 30 45 3 23 47 19 54 92 29 80 55 4 20 14 78 79 65 86 72 84 26 83 19 19 13 7 7 26 77 26 46 15 81 49 59 50 38 53 52 7 57 38 11 0 35 59 91 83 70 15 80 84 79 63 
33 78 45 85 13 28 59 22 84 72 84 72 95 56 40 19 33 36 85 93 21 15 92 92 69 29 65 74 5 27 79 47 54 24 1 10 17 38 26 36 50 42 42 72 71 23 43 26 37 82 36 45 46 85 12 45 75 48 16 62 70 47 51 73 31 64 98 8 10 57 74 32 97 31 22 37 21 41 60 8 45 69 13 66 82 71 87 35 99 25 19 99 24 35 0 26 68 18 20 55 38 1 81 62 
89 92 55 58 26 61 8 34 40 88 78 61 91 69 67 93 81 98 44 80 64 61 17 83 14 54 1 8 65 63 47 61 49 23 88 25 88 14 73 52 32 90 93 95 3 35 19 27 85 48 12 54 14 29 65 44 13 47 34 58 82 41 23 55 53 1 24 54 68 2 74 71 63 7 19 95 57 25 82 25 49 74 87 17 79 24 1 32 67 24 13 15 97 59 26 0 62 4 17 54 78 25 65 20 
24 50 1 36 78 13 35 39 99 78 38 94 14 16 78 50 71 80 95 83 22 67 50 98 67 31 53 53 58 54 79 66 1 88 36 52 64 16 88 85 32 31 25 25 35 56 59 2 49 17 53 33 42 57 57 94 36 58 90 8 42 32 3 90 89 55 2 89 66 49 54 61 10 88 46 17 14 56 28 5 21 16 64 33 7 54 39 14 65 28 25 18 66 91 68 62 0 72 63 54 5 5 72 84 
56 48 87 42 17 18 5 38 16 63 90 73 12 25 27 84 55 16 94 75 66 96 43 37 92 22 82 70 36 93 8 63 39 60 46 86 87 85 23 74 42 40 90 81 81 8 76 7 82 69 77 29 34 33 84 6 18 80 71 43 32 96 76 51 32 21 3 62 3 9 76 76 24 14 60 77 94 3 90 10 92 87 86 18 47 52 26 48 28 31 38 91 13 83 18 4 72 0 70 80 61 98 54 33 
66 78 17 82 5 72 6 44 38 49 55 28 43 95 25 16 25 16 21 41 69 40 71 7 1 28 47 58 31 23 78 22 8 9 64 92 22 47 50 13 40 6 11 38 67 38 13 19 15 22 38 6 4 59 23 3 12 2 15 4 83 43 76 49 84 85 68 76 66 55 78 34 41 54 61 99 4 87 40 26 17 90 79 78 13 13 23 19 96 69 70 90 21 70 20 17 63 70 0 88 7 3 41 6 
78 41 20 3 89 92 62 34 97 1 5 98 11 63 18 18 78 95 53 26 93 72 9 39 35 6 85 63 5 39 9 14 22 3 9 76 34 39 56 36 15 34 70 64 88 99 29 35 16 62 79 21 5 87 57 63 5 13 91 54 34 63 51 39 44 24 84 69 48 24 61 18 77 62 13 63 79 6 9 37 36 45 3 59 62 71 45 26 56 26 65 23 86 15 55 54 54 80 88 0 22 4 12 80 
4 79 10 86 28 8 51 96 37 43 44 94 89 27 88 62 90 67 32 69 19 8 32 99 71 36 18 90 76 21 39 23 6 19 42 15 95 90 89 17 3 75 16 61 72 1 46 32 49 30 70 62 31 69 77 37 88 40 80 90 74 24 42 58 1 56 5 18 87 94 27 79 98 41 29 23 6 10 4 90 30 68 10 12 50 11 94 64 1 94 59 21 22 80 38 78 5 61 7 22 0 68 7 76 
1 46 93 94 51 84 77 42 99 40 12 69 25 99 2 8 36 35 26 50 69 17 26 32 17 73 55 84 81 59 50 28 16 4 15 82 32 55 4 10 48 20 47 82 15 76 50 97 44 45 25 8 66 67 75 95 27 20 66 13 10 17 9 35 52 60 9 44 26 54 7 97 7 39 12 71 82 95 15 81 8 16 76 67 52 99 47 87 44 51 1 51 47 84 1 25 5 98 3 4 68 0 47 17 
78 88 52 37 69 57 46 72 2 4 30 39 48 48 46 65 58 84 64 83 17 67 35 63 38 83 36 17 15 44 15 26 78 15 63 62 69 28 29 85 36 94 30 50 27 74 95 81 44 97 70 52 70 23 72 60 66 56 14 75 89 89 48 69 11 41 78 29 20 71 85 1 80 17 14 70 91 81 99 53 29 51 31 34 28 5 86 6 44 68 65 73 32 79 81 65 72 54 41 12 7 47 0 64 
7 17 11 47 4 52 97 70 33 58 77 61 69 88 59 56 32 94 53 87 79 62 55 48 18 49 79 29 3 20 18 18 81 80 11 41 39 30 25 59 51 38 45 79 40 64 23 99 58 67 30 98 89 3 37 84 17 60 27 76 75 32 84 66 73 38 15 18 5 24 68 83 35 48 61 83 40 26 10 70 7 35 33 8 60 97 14 24 91 3 14 49 27 63 62 20 84 33 6 80 76 17 64 0 
