105
0 38 13 73 10 76 6 80 65 17 2 77 72 7 26 51 21 19 85 12 29 30 15 51 69 88 88 95 97 87 14 10 8 64 62 23 58 2 1 61 82 9 89 14 48 73 31 72 4 71 22 50 58 4 69 25 44 77 27 53 81 42 83 16 65 69 26 99 88 8 27 26 23 10 68 24 28 38 58 84 39 9 33 35 11 24 16 88 26 72 93 75 63 47 33 89 24 56 66 78 4 1 78 7 53 
38 0 86 71 3 77 92 22 76 8 78 73 76 77 44 21 31 37 8 46 69 58 83 97 14 11 24 82 8 25 75 93 21 33 13 66 95 61 25 83 98 3 93 99 11 55 97 83 87 71 67 72 49 55 16 6 18 43 21 49 23 14 98 54 85 11 97 56 62 57 90 22 97 84 26 15 14 85 44 7 78 57 60 16 25 10 67 72 54 70 37 22 41 78 92 50 48 78 41 79 46 88 17 29 46 
13 86 0 68 67 79 47 1 30 64 76 36 54 94 34 3 85 84 49 55 33 29 56 83 32 29 95 75 9 33 9 85 78 51 80 42 65 84 25 21 45 16 31 92 15 20 27 87 8 54 48 61 35 33 20 68 25 84 95 39 48 6 80 64 88 33 43 75 67 89 99 31 18 69 65 61 79 18 40 36 82 29 23 39 42 75 78 71 26 49 51 63 45 55 1 87 17 20 10 93 52 11 69 24 15 
73 71 68 0 64 22 47 4 57 89 81 47 55 80 72 15 78 16 26 54 85 59 86 30 45 38 23 92 55 77 13 60 27 77 72 88 40 44 77 39 92 70 99 34 44 27 57 70 74 53 90 28 44 2 83 95 97 27 85 31 65 23 99 53 4 71 13 40 84 49 62 71 14 37 24 23 67 93 96 54 10 42 58 89 94 77 83 12 37 17 31 85 58 36 42 82 3 86 94 37 47 81 28 73 29 
10 3 67 64 0 3 14 42 37 41 19 98 39 64 47 90 3 99 29 79 76 59 43 27 22 59 17 93 38 12 23 7 97 15 88 76 36 64 33 92 50 1 23 98 71 37 19 28 29 53 95 51 47 8 86 17 30 12 62 15 31 9 41 49 31 24 67 93 65 13 18 34 11 29 76 6 82 6 43 87 53 58 57 79 88 82 11 73 49 20 13 26 78 17 5 89 28 51 69 4 59 13 3 77 97 
76 77 79 22 3 0 97 62 16 75 13 19 31 60 6 17 96 97 61 44 32 45 25 63 80 22 20 78 34 5 40 68 35 35 43 79 83 39 49 82 6 92 9 41 70 6 8 79 38 79 34 28 52 78 31 44 47 10 68 4 68 55 98 64 81 29 38 65 38 94 19 79 71 93 53 11 33 47 64 94 19 37 30 40 29 55 30 56 91 28 61 13 18 72 92 8 84 57 52 33 77 63 52 97 31 
6 92 47 47 14 97 0 23 6 92 96 23 77 23 19 94 30 19 53 32 50 99 84 94 46 52 87 16 72 49 29 84 28 44 20 80 71 89 87 12 66 94 16 52 99 87 46 64 43 23 83 41 45 17 18 89 1 98 83 72 15 37 27 33 2 49 89 23 35 95 22 69 68 49 19 98 12 12 53 77 69 46 65 90 41 8 8 34 59 8 35 5 6 62 51 77 46 97 22 93 72 93 26 98 2 
80 22 1 4 42 62 23 0 14 39 86 28 39 85 34 2 32 39 29 76 32 52 67 68 33 75 33 98 6 1 38 73 44 25 17 97 97 42 25 22 28 47 36 63 69 63 33 46 89 43 58 26 33 34 7 66 52 32 8 14 4 29 16 30 67 62 84 97 59 83 35 31 58 97 50 47 84 42 21 41 51 5 10 1 91 22 75 22 34 39 38 44 34 96 42 72 70 71 24 87 40 32 38 39 57 
65 76 30 57 37 16 6 14 0 88 29 37 67 11 85 1 17 31 4 79 60 54 70 50 75 47 28 34 73 69 40 33 98 8 34 63 15 78 44 62 86 37 13 54 27 83 13 26 2 42 56 56 65 16 93 41 61 71 50 51 33 91 21 53 39 66 81 58 53 90 20 95 65 43 48 22 98 2 90 39 13 19 78 78 89 91 84 40 99 16 38 97 37 99 2 33 31 8 51 51 33 44 42 70 2 
17 8 64 89 41 75 92 39 88 0 98 52 31 83 50 82 83 96 72 22 19 47 45 92 10 5 78 64 24 96 60 65 83 32 2 85 79 69 55 26 84 28 57 93 9 56 77 47 50 12 9 62 75 24 89 90 83 83 6 43 47 22 52 74 43 14 19 24 46 96 53 34 55 15 58 62 41 73 66 23 3 87 2 73 52 72 88 78 63 49 1 43 40 4 58 44 54 44 75 99 98 76 60 67 75 
2 78 76 81 19 13 96 86 29 98 0 92 6 27 68 32 12 4 55 2 14 60 57 82 9 39 5 71 77 74 6 80 85 60 32 91 8 67 33 47 76 83 45 65 38 48 74 91 85 16 66 53 70 67 90 29 20 18 6 80 11 30 18 82 47 8 18 87 62 65 8 30 56 29 44 99 56 6 51 93 64 53 35 99 84 78 38 90 55 5 44 12 30 77 90 33 51 52 43 24 90 44 89 96 29 
77 73 36 47 98 19 23 28 37 52 92 0 65 87 59 89 52 23 11 32 10 7 31 68 19 13 74 75 92 66 86 54 43 7 10 37 88 60 9 54 88 19 22 68 15 21 86 10 43 67 21 17 59 78 43 36 76 29 86 35 45 93 83 9 31 65 78 19 39 12 57 53 84 77 69 26 70 32 60 63 30 67 33 72 61 94 73 28 98 94 69 39 61 98 10 68 79 64 21 36 56 29 46 93 57 
72 76 54 55 39 31 77 39 67 31 6 65 0 52 5 80 76 32 77 53 39 84 81 75 71 27 58 31 65 39 19 96 42 96 58 49 43 53 23 65 71 62 61 97 28 1 27 51 21 27 66 78 19 61 83 60 63 39 24 69 70 62 88 67 20 37 18 22 78 27 33 9 9 21 69 83 55 86 94 75 90 24 95 91 14 12 43 11 89 25 48 69 44 92 14 7 3 68 94 5 29 36 83 78 47 
7 77 94 80 64 60 23 85 11 83 27 87 52 0 79 7 92 81 21 24 64 72 7 22 65 51 91 10 93 68 86 34 72 9 52 34 62 8 60 42 28 52 41 72 46 95 10 89 47 59 22 55 1 20 20 86 28 98 22 95 19 68 36 96 30 23 57 11 43 73 32 13 83 8 88 9 62 24 35 95 4 56 69 16 25 95 63 27 99 48 88 36 17 88 91 79 88 58 25 56 50 53 25 16 68 
26 44 34 72 47 6 19 34 85 50 68 59 5 79 0 74 47 21 67 95 13 26 1 98 99 78 12 91 25 55 48 78 41 60 96 80 90 32 57 34 39 93 21 15 10 68 82 80 4 48 71 43 6 21 58 60 55 78 25 59 80 37 81 59 52 64 74 84 89 83 56 79 71 28 24 54 70 69 24 47 40 67 78 27 25 18 88 2 46 59 22 18 57 34 44 76 99 3 97 91 84 27 27 53 56 
51 21 3 15 90 17 94 2 1 82 32 89 80 7 74 0 8 63 32 80 93 77 47 88 71 70 56 93 99 88 86 75 16 15 57 88 2 85 76 77 91 19 63 46 66 53 29 88 39 21 98 52 60 95 65 15 98 53 45 17 65 31 83 11 46 89 79 60 98 43 65 6 91 77 56 43 21 89 69 19 93 50 84 16 18 62 8 65 56 3 91 5 17 78 69 31 53 85 37 99 60 32 36 33 51 
21 31 85 78 3 96 30 32 17 83 12 52 76 92 47 8 0 52 6 34 1 10 32 36 89 61 39 12 45 44 8 63 57 97 94 53 25 44 52 11 95 50 19 11 62 40 7 8 80 13 1 4 52 16 68 82 60 67 16 62 65 20 45 88 62 22 1 64 95 85 2 85 61 77 23 15 25 47 33 81 71 55 25 78 90 36 58 32 40 15 94 49 14 20 16 98 42 36 26 52 35 23 34 62 79 
19 37 84 16 99 97 19 39 31 96 4 23 32 81 21 63 52 0 8 33 4 68 96 58 97 47 90 22 93 85 59 65 41 79 79 63 63 48 28 72 43 15 94 52 19 79 11 36 50 94 80 90 5 6 87 30 54 81 73 30 39 79 55 43 65 69 45 85 74 51 81 51 36 73 16 40 3 36 98 80 16 16 95 67 35 84 94 19 75 19 26 18 50 38 21 41 53 24 19 80 52 33 38 31 41 
85 8 49 26 29 61 53 29 4 72 55 11 77 21 67 32 6 8 0 51 74 69 81 16 64 65 92 21 55 24 7 25 1 49 81 29 89 2 74 22 1 77 33 41 82 84 31 88 54 34 83 23 4 35 50 89 71 38 34 13 38 80 66 7 80 93 4 33 86 45 30 47 68 67 29 58 85 44 95 94 21 53 32 26 64 53 60 18 23 55 14 31 24 51 22 72 4 24 13 78 8 53 31 27 9 
12 46 55 54 79 44 32 76 79 22 2 32 53 24 95 80 34 33 51 0 97 85 82 74 40 57 61 26 66 96 28 19 87 2 35 3 18 86 12 94 54 60 83 12 84 4 84 1 94 86 52 92 33 87 85 82 6 12 70 10 47 75 94 33 39 43 64 24 41 64 64 32 19 41 6 93 80 83 75 41 26 69 50 83 87 47 14 22 81 82 95 50 52 15 31 11 86 5 8 55 60 85 99 42 36 
29 69 33 85 76 32 50 32 60 19 14 10 39 64 13 93 1 4 74 97 0 57 14 12 53 67 22 82 95 35 62 92 86 61 93 99 92 75 9 76 82 28 26 87 37 15 4 93 85 73 44 9 56 18 61 33 99 84 28 96 53 51 81 92 80 27 38 25 57 41 53 39 20 45 21 64 22 66 69 93 19 69 17 79 60 57 45 36 40 62 33 68 54 63 76 9 35 34 93 26 68 2 99 9 90 
30 58 29 59 59 45 99 52 54 47 60 7 84 72 26 77 10 68 69 85 57 0 28 30 90 78 11 62 17 80 75 77 98 1 31 4 82 65 39 68 31 22 27 96 11 70 34 37 10 1 56 70 11 4 40 78 38 17 26 47 8 44 1 57 15 56 56 53 79 98 54 61 1 15 61 67 96 40 72 8 17 67 62 70 51 59 80 15 78 13 12 80 96 35 7 70 86 45 71 73 13 47 83 8 30 
15 83 56 86 43 25 84 67 70 45 57 31 81 7 1 47 32 96 81 82 14 28 0 61 83 74 47 87 85 98 48 89 74 77 88 46 37 88 40 38 7 44 59 2 84 30 49 56 46 9 35 30 1 80 20 5 72 2 9 27 41 90 33 71 97 8 39 82 30 4 75 51 92 17 50 43 71 9 32 26 35 55 98 97 71 6 64 95 25 47 21 23 1 70 23 28 26 65 46 39 58 53 53 33 70 
51 97 83 30 27 63 94 68 50 92 82 68 75 22 98 88 36 58 16 74 12 30 61 0 80 6 34 65 54 54 54 13 81 97 34 52 56 81 55 13 86 11 82 79 72 85 30 13 64 8 71 83 64 65 45 70 76 89 35 15 60 89 34 25 4 42 31 23 54 97 92 92 83 98 37 7 39 99 32 63 48 63 35 72 43 21 91 51 23 3 64 1 93 6 73 53 10 95 98 12 99 41 92 77 88 
69 14 32 45 22 80 46 33 75 10 9 19 71 65 99 71 89 97 64 40 53 90 83 80 0 62 3 23 83 94 99 48 30 96 99 81 2 76 2 53 93 65 76 79 63 77 49 37 50 15 74 22 33 72 1 47 25 81 38 17 53 69 93 91 8 61 10 35 64 67 69 14 67 92 1 35 71 17 38 18 39 83 15 38 63 1 34 50 78 32 58 59 74 77 29 77 54 59 32 95 14 39 92 88 60 
88 11 29 38 59 22 52 75 47 5 39 13 27 51 78 70 61 47 65 57 67 78 74 6 62 0 47 63 87 62 40 72 3 60 26 58 33 31 53 92 42 79 58 46 86 26 74 75 7 3 31 78 79 92 97 43 19 84 90 89 57 43 5 12 25 23 7 5 80 29 54 31 22 28 6 36 73 83 49 52 95 25 77 41 86 29 41 48 24 29 85 90 38 6 24 69 21 14 57 30 29 92 55 29 64 
88 24 95 23 17 20 87 33 28 78 5 74 58 91 12 56 39 90 92 61 22 11 47 34 3 47 0 82 61 70 84 73 80 49 53 93 93 97 58 95 40 91 79 62 58 6 77 26 80 94 38 45 61 16 93 42 64 8 3 47 76 53 67 26 38 4 26 85 65 1 53 82 47 85 18 55 36 79 61 51 47 24 66 1 33 13 91 76 26 56 70 6 15 88 3 92 65 99 88 59 25 46 15 78 87 
95 82 75 92 93 78 16 98 34 64 71 75 31 10 91 93 12 22 21 26 82 62 87 65 23 63 82 0 33 92 73 39 84 21 25 72 28 38 96 83 17 55 97 53 74 6 67 81 95 51 3 90 33 8 90 86 37 67 74 12 36 43 40 53 94 85 21 74 8 53 70 58 63 90 84 17 29 46 83 82 69 68 62 84 70 39 75 64 73 13 35 25 84 35 23 90 41 88 76 78 39 76 22 16 56 
97 8 9 55 38 34 72 6 73 24 77 92 65 93 25 99 45 93 55 66 95 17 85 54 83 87 61 33 0 69 83 69 12 37 58 28 80 2 13 2 9 90 64 91 16 86 81 85 28 94 8 15 76 13 62 21 38 63 67 34 58 75 73 6 1 3 5 65 58 36 31 5 76 81 15 3 53 55 16 97 89 1 60 63 2 92 68 82 42 84 45 98 7 88 57 50 48 73 60 94 83 81 99 93 39 
87 25 33 77 12 5 49 1 69 96 74 66 39 68 55 88 44 85 24 96 35 80 98 54 94 62 70 92 69 0 11 88 66 96 89 60 74 96 92 35 51 52 83 83 52 92 25 56 69 66 38 58 98 88 45 58 42 33 28 56 64 81 92 77 57 27 63 54 93 23 39 21 59 44 20 46 76 38 85 35 88 59 2 41 86 38 59 8 25 25 84 42 95 28 33 15 26 14 79 37 25 4 57 94 32 
14 75 9 13 23 40 29 38 40 60 6 86 19 86 48 86 8 59 7 28 62 75 48 54 99 40 84 73 83 11 0 29 77 3 61 60 73 41 16 38 8 83 39 48 61 61 49 83 9 86 69 40 64 55 14 62 41 74 75 69 25 26 34 19 79 47 79 8 78 9 39 50 15 18 46 58 78 88 27 32 59 24 38 43 94 90 82 97 27 47 19 25 40 76 40 7 69 40 47 22 68 74 25 72 33 
10 93 85 60 7 68 84 73 33 65 80 54 96 34 78 75 63 65 25 19 92 77 89 13 48 72 73 39 69 88 29 0 13 87 66 8 3 97 21 4 86 95 36 18 18 56 44 53 96 26 90 30 52 68 48 21 72 80 9 24 61 57 10 47 61 66 63 22 14 23 28 26 18 33 94 15 86 53 26 61 84 69 90 25 58 64 13 19 27 78 26 1 23 15 75 40 76 20 10 72 54 67 28 89 3 
8 21 78 27 97 35 28 44 98 83 85 43 42 72 41 16 57 41 1 87 86 98 74 81 30 3 80 84 12 66 77 13 0 72 86 20 15 14 98 83 23 62 82 12 29 45 3 4 11 32 92 97 30 56 30 34 42 66 50 26 86 49 54 49 1 39 8 22 6 16 78 81 64 98 31 33 73 45 41 68 25 79 68 51 49 36 53 32 2 65 32 19 67 16 44 40 21 2 1 46 83 30 27 8 53 
64 33 51 77 15 35 44 25 8 32 60 7 96 9 60 15 97 79 49 2 61 1 77 97 96 60 49 21 37 96 3 87 72 0 4 22 84 80 63 70 68 9 73 44 96 90 77 73 59 69 59 82 64 93 53 38 48 52 24 71 1 24 23 88 60 9 3 19 4 15 80 68 35 82 65 45 43 35 79 45 61 68 43 23 42 69 42 40 81 43 68 99 14 26 39 76 6 93 23 40 74 15 48 72 2 
62 13 80 72 88 43 20 17 34 2 32 10 58 52 96 57 94 79 81 35 93 31 88 34 99 26 53 25 58 89 61 66 86 4 0 34 71 61 20 16 98 99 54 70 21 36 39 50 82 59 13 76 54 25 96 23 34 25 31 88 1 88 36 46 64 9 42 15 63 11 30 31 38 98 40 11 68 55 78 46 74 69 24 82 65 82 82 33 94 15 31 39 97 88 1 38 67 43 62 19 1 46 83 95 72 
23 66 42 88 76 79 80 97 63 85 91 37 49 34 80 88 53 63 29 3 99 4 46 52 81 58 93 72 28 60 60 8 20 22 34 0 71 97 54 1 43 41 40 25 41 93 73 32 5 30 36 36 49 31 48 1 80 8 53 10 25 52 86 92 76 15 82 62 41 13 28 45 1 55 65 17 91 18 60 91 96 38 73 84 82 40 44 71 91 24 31 74 64 91 49 45 95 17 60 91 45 86 49 18 52 
58 95 65 40 36 83 71 97 15 79 8 88 43 62 90 2 25 63 89 18 92 82 37 56 2 33 93 28 80 74 73 3 15 84 71 71 0 49 7 77 67 87 36 45 79 99 1 39 19 82 37 49 4 52 49 4 89 58 17 88 64 87 22 34 95 32 69 39 72 70 54 13 97 47 41 18 94 79 62 36 59 32 31 49 31 97 97 21 7 75 36 37 74 39 72 57 72 68 50 62 83 99 84 86 88 
2 61 84 44 64 39 89 42 78 69 67 60 53 8 32 85 44 48 2 86 75 65 88 81 76 31 97 38 2 96 41 97 14 80 61 97 49 0 48 1 66 22 22 40 77 61 3 41 78 44 84 60 67 79 86 51 23 38 14 16 85 47 39 90 55 28 30 49 16 74 30 52 50 89 65 14 53 95 60 35 4 65 81 93 58 1 10 91 39 18 14 43 53 10 39 26 58 82 52 70 54 90 70 30 91 
1 25 25 77 33 49 87 25 44 55 33 9 23 60 57 76 52 28 74 12 9 39 40 55 2 53 58 96 13 92 16 21 98 63 20 54 7 48 0 63 77 21 56 89 96 2 63 55 11 32 70 96 48 49 11 41 26 73 88 23 50 56 89 4 29 25 21 66 88 10 12 22 59 88 95 65 79 88 72 87 83 1 43 35 67 58 93 7 71 3 13 91 5 1 35 77 9 24 62 28 16 12 86 54 91 
61 83 21 39 92 82 12 22 62 26 47 54 65 42 34 77 11 72 22 94 76 68 38 13 53 92 95 83 2 35 38 4 83 70 16 1 77 1 63 0 48 61 89 30 84 51 70 39 84 75 96 48 6 60 12 36 52 85 74 13 36 17 10 85 59 49 22 48 72 57 52 68 4 93 51 54 88 80 93 40 81 83 83 3 31 86 48 66 42 57 42 80 45 95 80 87 34 55 16 28 38 6 65 35 43 
82 98 45 92 50 6 66 28 86 84 76 88 71 28 39 91 95 43 1 54 82 31 7 86 93 42 40 17 9 51 8 86 23 68 98 43 67 66 77 48 0 88 45 91 43 45 53 89 58 81 3 65 74 96 50 32 32 42 40 15 3 48 36 51 33 33 42 43 96 17 84 29 32 92 12 39 88 17 57 10 65 84 27 3 39 86 31 87 54 32 31 37 16 22 93 48 74 45 5 67 44 19 60 91 30 
9 3 16 70 1 92 94 47 37 28 83 19 62 52 93 19 50 15 77 60 28 22 44 11 65 79 91 55 90 52 83 95 62 9 99 41 87 22 21 61 88 0 78 10 24 91 9 92 15 88 48 73 38 42 90 31 40 6 34 75 20 94 38 90 16 13 98 65 1 70 51 48 19 69 68 67 75 70 56 66 82 51 49 5 51 57 79 39 11 95 25 40 59 56 1 39 94 86 96 71 74 56 16 97 50 
89 93 31 99 23 9 16 36 13 57 45 22 61 41 21 63 19 94 33 83 26 27 59 82 76 58 79 97 64 83 39 36 82 73 54 40 36 22 56 89 45 78 0 56 7 33 30 94 79 20 29 79 42 93 25 90 11 70 16 47 30 45 20 84 75 80 45 99 13 87 78 50 32 54 88 93 79 3 70 97 23 43 3 21 57 40 38 27 22 4 63 29 10 55 2 29 7 45 68 33 30 70 13 91 16 
14 99 92 34 98 41 52 63 54 93 65 68 97 72 15 46 11 52 41 12 87 96 2 79 79 46 62 53 91 83 48 18 12 44 70 25 45 40 89 30 91 10 56 0 75 93 17 24 16 12 5 72 95 25 81 38 64 61 82 50 79 12 1 48 24 82 91 13 57 82 29 36 81 9 17 7 22 35 48 46 43 26 36 76 27 54 88 75 67 78 61 53 50 37 61 96 48 70 35 62 33 48 19 92 92 
48 11 15 44 71 70 99 69 27 9 38 15 28 46 10 66 62 19 82 84 37 11 84 72 63 86 58 74 16 52 61 18 29 96 21 41 79 77 96 84 43 24 7 75 0 74 82 13 42 58 71 3 35 81 67 88 72 15 27 40 91 59 46 83 85 53 14 10 26 48 65 89 40 86 22 46 45 89 84 69 68 71 36 35 25 62 88 74 21 77 73 59 56 16 83 42 64 28 97 83 90 72 74 97 61 
73 55 20 27 37 6 87 63 83 56 48 21 1 95 68 53 40 79 84 4 15 70 30 85 77 26 6 6 86 92 61 56 45 90 36 93 99 61 2 51 45 91 33 93 74 0 90 80 89 23 35 56 8 38 99 1 76 74 64 58 65 40 15 23 27 16 82 77 93 27 50 89 33 26 99 53 61 78 6 47 65 11 98 2 57 73 92 57 22 87 38 73 75 93 15 15 50 89 46 87 31 84 78 72 59 
31 97 27 57 19 8 46 33 13 77 74 86 27 10 82 29 7 11 31 84 4 34 49 30 49 74 77 67 81 25 49 44 3 77 39 73 1 3 63 70 53 9 30 17 82 90 0 63 43 19 59 76 13 29 46 50 95 23 77 57 90 39 87 12 20 89 51 75 92 91 41 60 3 9 76 72 30 96 11 73 64 14 36 62 28 6 49 37 83 68 7 39 19 72 54 16 53 47 98 75 54 4 25 44 26 
72 83 87 70 28 79 64 46 26 47 91 10 51 89 80 88 8 36 88 1 93 37 56 13 37 75 26 81 85 56 83 53 4 73 50 32 39 41 55 39 89 92 94 24 13 80 63 0 27 2 7 19 35 32 97 81 99 44 52 37 83 9 3 20 63 95 76 26 36 80 63 77 77 75 71 48 79 32 34 44 10 57 87 47 38 37 11 51 78 20 46 35 36 8 72 2 4 47 62 7 4 9 37 85 49 
4 87 8 74 29 38 43 89 2 50 85 43 21 47 4 39 80 50 54 94 85 10 46 64 50 7 80 95 28 69 9 96 11 59 82 5 19 78 11 84 58 15 79 16 42 89 43 27 0 82 15 16 49 44 44 58 86 68 47 51 3 1 82 59 19 46 66 28 97 84 59 21 97 44 85 12 99 91 47 38 89 41 7 45 31 59 34 66 22 90 58 1 78 68 16 71 4 48 43 2 82 48 17 69 22 
71 71 54 53 53 79 23 43 42 12 16 67 27 59 48 21 13 94 34 86 73 1 9 8 15 3 94 51 94 66 86 26 32 69 59 30 82 44 32 75 81 88 20 12 58 23 19 2 82 0 62 30 45 97 67 35 89 87 78 98 39 11 22 17 79 8 54 54 68 78 13 87 86 29 14 62 7 58 46 62 52 94 7 58 41 8 5 93 8 19 52 73 3 83 47 19 87 30 36 12 53 77 38 79 70 
22 67 48 90 95 34 83 58 56 9 66 21 66 22 71 98 1 80 83 52 44 56 35 71 74 31 38 3 8 38 69 90 92 59 13 36 37 84 70 96 3 48 29 5 71 35 59 7 15 62 0 25 70 30 78 25 43 11 66 86 54 21 14 27 7 32 84 50 66 55 1 51 82 38 77 71 21 55 16 46 30 71 15 14 77 82 48 44 76 63 26 26 73 43 62 45 45 54 33 29 6 21 62 8 52 
50 72 61 28 51 28 41 26 56 62 53 17 78 55 43 52 4 90 23 92 9 70 30 83 22 78 45 90 15 58 40 30 97 82 76 36 49 60 96 48 65 73 79 72 3 56 76 19 16 30 25 0 98 51 84 22 10 78 12 68 36 38 42 10 16 94 86 77 30 53 26 87 38 16 23 92 37 46 67 4 59 96 73 73 90 17 86 75 33 63 7 74 38 3 46 14 42 34 4 5 31 66 70 89 75 
58 49 35 44 47 52 45 33 65 75 70 59 19 1 6 60 52 5 4 33 56 11 1 64 33 79 61 33 76 98 64 52 30 64 54 49 4 67 48 6 74 38 42 95 35 8 13 35 49 45 70 98 0 37 66 57 78 71 17 43 98 58 94 6 90 88 30 96 70 87 42 82 52 47 59 40 84 16 76 94 94 53 57 26 80 37 5 83 95 12 43 23 85 29 57 33 59 87 69 67 23 3 74 2 34 
4 55 33 2 8 78 17 34 16 24 67 78 61 20 21 95 16 6 35 87 18 4 80 65 72 92 16 8 13 88 55 68 56 93 25 31 52 79 49 60 96 42 93 25 81 38 29 32 44 97 30 51 37 0 81 8 64 70 6 43 16 36 47 82 24 21 5 24 26 47 32 26 19 12 54 46 7 21 6 68 12 45 45 27 86 57 81 54 38 47 12 65 57 84 23 57 77 75 72 37 51 32 24 29 1 
69 16 20 83 86 31 18 7 93 89 90 43 83 20 58 65 68 87 50 85 61 40 20 45 1 97 93 90 62 45 14 48 30 53 96 48 49 86 11 12 50 90 25 81 67 99 46 97 44 67 78 84 66 81 0 40 62 33 67 59 47 80 38 54 91 89 34 35 26 79 20 84 53 76 85 64 97 80 99 42 39 40 7 9 1 88 43 19 45 44 94 6 3 63 37 95 60 84 20 24 31 18 99 40 56 
25 6 68 95 17 44 89 66 41 90 29 36 60 86 60 15 82 30 89 82 33 78 5 70 47 43 42 86 21 58 62 21 34 38 23 1 4 51 41 36 32 31 90 38 88 1 50 81 58 35 25 22 57 8 40 0 24 17 10 92 31 49 50 38 52 22 1 32 94 19 40 45 50 45 24 37 82 90 70 75 86 69 62 44 47 54 75 13 36 18 12 5 88 27 66 17 76 26 64 25 17 80 85 57 20 
44 18 25 97 30 47 1 52 61 83 20 76 63 28 55 98 60 54 71 6 99 38 72 76 25 19 64 37 38 42 41 72 42 48 34 80 89 23 26 52 32 40 11 64 72 76 95 99 86 89 43 10 78 64 62 24 0 34 66 30 39 84 54 70 92 65 20 55 76 70 71 94 23 82 29 98 74 58 51 21 30 33 44 92 48 47 58 80 2 13 40 20 56 60 58 67 89 58 54 56 3 34 45 54 38 
77 43 84 27 12 10 98 32 71 83 18 29 39 98 78 53 67 81 38 12 84 17 2 89 81 84 8 67 63 33 74 80 66 52 25 8 58 38 73 85 42 6 70 61 15 74 23 44 68 87 11 78 71 70 33 17 34 0 63 74 61 70 73 87 83 13 49 9 84 65 27 53 18 28 43 49 54 93 15 85 46 29 16 34 90 71 15 91 80 66 14 27 52 24 94 11 73 52 30 20 3 37 23 57 99 
27 21 95 85 62 68 83 8 50 6 6 86 24 22 25 45 16 73 34 70 28 26 9 35 38 90 3 74 67 28 75 9 50 24 31 53 17 14 88 74 40 34 16 82 27 64 77 52 47 78 66 12 17 6 67 10 66 63 0 95 59 22 35 40 55 29 12 60 3 4 87 11 28 2 62 71 13 31 68 80 62 58 8 43 4 54 90 13 75 76 60 35 70 51 98 93 22 86 76 44 4 85 7 2 66 
53 49 39 31 15 4 72 14 51 43 80 35 69 95 59 17 62 30 13 10 96 47 27 15 17 89 47 12 34 56 69 24 26 71 88 10 88 16 23 13 15 75 47 50 40 58 57 37 51 98 86 68 43 43 59 92 30 74 95 0 97 19 54 8 71 47 26 35 56 72 64 95 12 13 50 80 68 55 70 82 42 32 83 34 74 10 89 75 96 2 20 12 73 42 24 36 59 30 15 2 50 95 40 28 58 
81 23 48 65 31 68 15 4 33 47 11 45 70 19 80 65 65 39 38 47 53 8 41 60 53 57 76 36 58 64 25 61 86 1 1 25 64 85 50 36 3 20 30 79 91 65 90 83 3 39 54 36 98 16 47 31 39 61 59 97 0 20 33 12 52 88 86 65 77 61 9 40 85 98 19 4 47 41 32 96 43 63 24 17 89 32 98 76 84 7 19 46 65 54 86 44 51 43 14 8 1 6 14 9 39 
42 14 6 23 9 55 37 29 91 22 30 93 62 68 37 31 20 79 80 75 51 44 90 89 69 43 53 43 75 81 26 57 49 24 88 52 87 47 56 17 48 94 45 12 59 40 39 9 1 11 21 38 58 36 80 49 84 70 22 19 20 0 67 60 98 67 6 26 89 7 16 75 60 20 51 23 3 76 76 51 42 9 48 84 28 10 71 19 79 70 62 84 36 36 57 54 23 14 49 22 8 7 78 29 44 
83 98 80 99 41 98 27 16 21 52 18 83 88 36 81 83 45 55 66 94 81 1 33 34 93 5 67 40 73 92 34 10 54 23 36 86 22 39 89 10 36 38 20 1 46 15 87 3 82 22 14 42 94 47 38 50 54 73 35 54 33 67 0 85 71 98 29 74 90 7 54 14 73 55 90 51 49 39 58 35 69 66 52 25 86 48 39 85 39 32 79 79 9 37 96 73 38 78 35 40 20 68 32 71 65 
16 54 64 53 49 64 33 30 53 74 82 9 67 96 59 11 88 43 7 33 92 57 71 25 91 12 26 53 6 77 19 47 49 88 46 92 34 90 4 85 51 90 84 48 83 23 12 20 59 17 27 10 6 82 54 38 70 87 40 8 12 60 85 0 56 60 57 27 90 78 31 53 89 32 84 44 1 52 11 73 40 77 14 70 70 50 12 13 60 14 90 32 20 26 65 87 67 19 87 92 99 99 37 49 15 
65 85 88 4 31 81 2 67 39 43 47 31 20 30 52 46 62 65 80 39 80 15 97 4 8 25 38 94 1 57 79 61 1 60 64 76 95 55 29 59 33 16 75 24 85 27 20 63 19 79 7 16 90 24 91 52 92 83 55 71 52 98 71 56 0 41 46 79 64 1 55 21 85 24 56 60 41 38 3 35 70 44 91 41 84 61 46 19 69 27 61 46 59 24 2 41 14 78 63 52 95 48 62 58 65 
69 11 33 71 24 29 49 62 66 14 8 65 37 23 64 89 22 69 93 43 27 56 8 42 61 23 4 85 3 27 47 66 39 9 9 15 32 28 25 49 33 13 80 82 53 16 89 95 46 8 32 94 88 21 89 22 65 13 29 47 88 67 98 60 41 0 98 24 2 3 68 84 5 9 78 15 14 99 7 96 69 98 87 29 74 35 84 59 49 10 15 32 25 25 23 75 26 20 97 75 62 86 8 54 89 
26 97 43 13 67 38 89 84 81 19 18 78 18 57 74 79 1 45 4 64 38 56 39 31 10 7 26 21 5 63 79 63 8 3 42 82 69 30 21 22 42 98 45 91 14 82 51 76 66 54 84 86 30 5 34 1 20 49 12 26 86 6 29 57 46 98 0 62 76 69 18 44 29 18 53 49 92 95 60 22 87 72 93 10 11 21 84 16 47 39 20 61 7 24 32 92 1 84 72 10 68 66 3 66 48 
99 56 75 40 93 65 23 97 58 24 87 19 22 11 84 60 64 85 33 24 25 53 82 23 35 5 85 74 65 54 8 22 22 19 15 62 39 49 66 48 43 65 99 13 10 77 75 26 28 54 50 77 96 24 35 32 55 9 60 35 65 26 74 27 79 24 62 0 87 26 20 5 53 71 5 23 63 60 41 70 71 24 77 32 59 28 73 31 19 57 45 37 60 89 57 84 57 2 49 9 55 24 94 54 71 
88 62 67 84 65 38 35 59 53 46 62 39 78 43 89 98 95 74 86 41 57 79 30 54 64 80 65 8 58 93 78 14 6 4 63 41 72 16 88 72 96 1 13 57 26 93 92 36 97 68 66 30 70 26 26 94 76 84 3 56 77 89 90 90 64 2 76 87 0 24 43 69 62 31 73 27 36 89 95 22 61 33 91 87 19 10 30 75 31 59 40 95 26 74 74 54 76 78 61 27 7 85 68 78 34 
8 57 89 49 13 94 95 83 90 96 65 12 27 73 83 43 85 51 45 64 41 98 4 97 67 29 1 53 36 23 9 23 16 15 11 13 70 74 10 57 17 70 87 82 48 27 91 80 84 78 55 53 87 47 79 19 70 65 4 72 61 7 7 78 1 3 69 26 24 0 92 52 37 34 84 41 14 65 52 74 7 57 22 60 31 46 69 58 20 83 32 71 61 76 34 18 79 97 1 83 42 68 86 63 35 
27 90 99 62 18 19 22 35 20 53 8 57 33 32 56 65 2 81 30 64 53 54 75 92 69 54 53 70 31 39 39 28 78 80 30 28 54 30 12 52 84 51 78 29 65 50 41 63 59 13 1 26 42 32 20 40 71 27 87 64 9 16 54 31 55 68 18 20 43 92 0 25 98 73 13 51 64 65 34 60 36 20 7 24 97 61 19 97 63 10 24 41 77 98 7 80 35 81 7 33 13 71 96 52 46 
26 22 31 71 34 79 69 31 95 34 30 53 9 13 79 6 85 51 47 32 39 61 51 92 14 31 82 58 5 21 50 26 81 68 31 45 13 52 22 68 29 48 50 36 89 89 60 77 21 87 51 87 82 26 84 45 94 53 11 95 40 75 14 53 21 84 44 5 69 52 25 0 18 88 87 85 7 58 58 84 73 7 88 19 31 7 88 14 54 62 41 39 17 48 39 98 1 66 49 70 32 66 1 76 77 
23 97 18 14 11 71 68 58 65 55 56 84 9 83 71 91 61 36 68 19 20 1 92 83 67 22 47 63 76 59 15 18 64 35 38 1 97 50 59 4 32 19 32 81 40 33 3 77 97 86 82 38 52 19 53 50 23 18 28 12 85 60 73 89 85 5 29 53 62 37 98 18 0 20 85 83 64 39 55 87 13 22 19 46 60 61 13 29 12 14 61 83 60 88 84 3 34 92 10 3 77 44 82 18 89 
10 84 69 37 29 93 49 97 43 15 29 77 21 8 28 77 77 73 67 41 45 15 17 98 92 28 85 90 81 44 18 33 98 82 98 55 47 89 88 93 92 69 54 9 86 26 9 75 44 29 38 16 47 12 76 45 82 28 2 13 98 20 55 32 24 9 18 71 31 34 73 88 20 0 54 51 76 7 37 95 17 77 99 63 23 71 70 83 16 96 19 22 10 3 79 79 7 97 60 37 26 6 62 9 7 
68 26 65 24 76 53 19 50 48 58 44 69 69 88 24 56 23 16 29 6 21 61 50 37 1 6 18 84 15 20 46 94 31 65 40 65 41 65 95 51 12 68 88 17 22 99 76 71 85 14 77 23 59 54 85 24 29 43 62 50 19 51 90 84 56 78 53 5 73 84 13 87 85 54 0 21 57 14 94 4 79 6 82 91 40 99 8 33 11 69 45 99 82 80 98 20 50 67 62 51 26 41 25 56 3 
24 15 61 23 6 11 98 47 22 62 99 26 83 9 54 43 15 40 58 93 64 67 43 7 35 36 55 17 3 46 58 15 33 45 11 17 18 14 65 54 39 67 93 7 46 53 72 48 12 62 71 92 40 46 64 37 98 49 71 80 4 23 51 44 60 15 49 23 27 41 51 85 83 51 21 0 87 6 10 95 81 26 54 72 66 56 64 8 69 87 40 58 74 78 39 32 77 60 82 28 90 40 9 4 15 
28 14 79 67 82 33 12 84 98 41 56 70 55 62 70 21 25 3 85 80 22 96 71 39 71 73 36 29 53 76 78 86 73 43 68 91 94 53 79 88 88 75 79 22 45 61 30 79 99 7 21 37 84 7 97 82 74 54 13 68 47 3 49 1 41 14 92 63 36 14 64 7 64 76 57 87 0 99 10 76 79 82 65 74 84 16 65 53 48 27 54 17 26 8 25 5 10 26 37 90 81 53 70 55 26 
38 85 18 93 6 47 12 42 2 73 6 32 86 24 69 89 47 36 44 83 66 40 9 99 17 83 79 46 55 38 88 53 45 35 55 18 79 95 88 80 17 70 3 35 89 78 96 32 91 58 55 46 16 21 80 90 58 93 31 55 41 76 39 52 38 99 95 60 89 65 65 58 39 7 14 6 99 0 42 19 12 81 4 2 18 51 91 19 46 45 49 21 92 17 36 30 8 29 7 30 98 97 95 3 89 
58 44 40 96 43 64 53 21 90 66 51 60 94 35 24 69 33 98 95 75 69 72 32 32 38 49 61 83 16 85 27 26 41 79 78 60 62 60 72 93 57 56 70 48 84 6 11 34 47 46 16 67 76 6 99 70 51 15 68 70 32 76 58 11 3 7 60 41 95 52 34 58 55 37 94 10 10 42 0 91 61 70 1 87 15 69 74 16 87 90 45 68 16 51 35 53 15 71 31 29 93 73 35 60 15 
84 7 36 54 87 94 77 41 39 23 93 63 75 95 47 19 81 80 94 41 93 8 26 63 18 52 51 82 97 35 32 61 68 45 46 91 36 35 87 40 10 66 97 46 69 47 73 44 38 62 46 4 94 68 42 75 21 85 80 82 96 51 35 73 35 96 22 70 22 74 60 84 87 95 4 95 76 19 91 0 81 13 87 64 86 79 3 10 76 31 33 20 68 77 31 71 9 18 75 67 49 66 17 33 18 
39 78 82 10 53 19 69 51 13 3 64 30 90 4 40 93 71 16 21 26 19 17 35 48 39 95 47 69 89 88 59 84 25 61 74 96 59 4 83 81 65 82 23 43 68 65 64 10 89 52 30 59 94 12 39 86 30 46 62 42 43 42 69 40 70 69 87 71 61 7 36 73 13 17 79 81 79 12 61 81 0 78 59 12 67 34 8 7 5 63 1 22 21 38 51 59 82 79 7 47 13 62 50 52 28 
9 57 29 42 58 37 46 5 19 87 53 67 24 56 67 50 55 16 53 69 69 67 55 63 83 25 24 68 1 59 24 69 79 68 69 38 32 65 1 83 84 51 43 26 71 11 14 57 41 94 71 96 53 45 40 69 33 29 58 32 63 9 66 77 44 98 72 24 33 57 20 7 22 77 6 26 82 81 70 13 78 0 60 15 22 88 54 14 75 35 50 71 24 54 52 13 71 11 99 5 97 12 75 38 32 
33 60 23 58 57 30 65 10 78 2 35 33 95 69 78 84 25 95 32 50 17 62 98 35 15 77 66 62 60 2 38 90 68 43 24 73 31 81 43 83 27 49 3 36 36 98 36 87 7 7 15 73 57 45 7 62 44 16 8 83 24 48 52 14 91 87 93 77 91 22 7 88 19 99 82 54 65 4 1 87 59 60 0 44 95 38 87 1 39 26 23 45 94 47 86 14 32 47 82 67 37 53 35 32 14 
35 16 39 89 79 40 90 1 78 73 99 72 91 16 27 16 78 67 26 83 79 70 97 72 38 41 1 84 63 41 43 25 51 23 82 84 49 93 35 3 3 5 21 76 35 2 62 47 45 58 14 73 26 27 9 44 92 34 43 34 17 84 25 70 41 29 10 32 87 60 24 19 46 63 91 72 74 2 87 64 12 15 44 0 48 19 26 64 87 6 24 20 31 5 8 52 99 67 65 28 96 56 1 44 44 
11 25 42 94 88 29 41 91 89 52 84 61 14 25 25 18 90 35 64 87 60 51 71 43 63 86 33 70 2 86 94 58 49 42 65 82 31 58 67 31 39 51 57 27 25 57 28 38 31 41 77 90 80 86 1 47 48 90 4 74 89 28 86 70 84 74 11 59 19 31 97 31 60 23 40 66 84 18 15 86 67 22 95 48 0 91 63 65 5 7 25 24 28 31 69 26 94 51 68 3 99 86 57 19 13 
24 10 75 77 82 55 8 22 91 72 78 94 12 95 18 62 36 84 53 47 57 59 6 21 1 29 13 39 92 38 90 64 36 69 82 40 97 1 58 86 86 57 40 54 62 73 6 37 59 8 82 17 37 57 88 54 47 71 54 10 32 10 48 50 61 35 21 28 10 46 61 7 61 71 99 56 16 51 69 79 34 88 38 19 91 0 25 38 70 65 59 1 65 14 22 38 99 15 18 91 90 23 21 51 73 
16 67 78 83 11 30 8 75 84 88 38 73 43 63 88 8 58 94 60 14 45 80 64 91 34 41 91 75 68 59 82 13 53 42 82 44 97 10 93 48 31 79 38 88 88 92 49 11 34 5 48 86 5 81 43 75 58 15 90 89 98 71 39 12 46 84 84 73 30 69 19 88 13 70 8 64 65 91 74 3 8 54 87 26 63 25 0 49 11 24 97 66 13 21 86 22 47 32 27 35 59 91 83 70 15 
88 72 71 12 73 56 34 22 40 78 90 28 11 27 2 65 32 19 18 22 36 15 95 51 50 48 76 64 82 8 97 19 32 40 33 71 21 91 7 66 87 39 27 75 74 57 37 51 66 93 44 75 83 54 19 13 80 91 13 75 76 19 85 13 19 59 16 31 75 58 97 14 29 83 33 8 53 19 16 10 7 14 1 64 65 38 49 0 80 84 79 63 26 68 18 20 55 38 1 81 62 62 4 17 54 
26 54 26 37 49 91 59 34 99 63 55 98 89 99 46 56 40 75 23 81 40 78 25 23 78 24 26 73 42 25 27 27 2 81 94 91 7 39 71 42 54 11 22 67 21 22 83 78 22 8 76 33 95 38 45 36 2 80 75 96 84 79 39 60 69 49 47 19 31 20 63 54 12 16 11 69 48 46 87 76 5 75 39 87 5 70 11 80 0 78 25 65 20 72 63 54 5 5 72 84 70 80 61 98 54 
72 70 49 17 20 28 8 39 16 49 5 94 25 48 59 3 15 19 55 82 62 13 47 3 32 29 56 13 84 25 47 78 65 43 15 24 75 18 3 57 32 95 4 78 77 87 68 20 90 19 63 63 12 47 44 18 13 66 76 2 7 70 32 14 27 10 39 57 59 83 10 62 14 96 69 87 27 45 90 31 63 35 26 6 7 65 24 84 78 0 33 88 7 3 41 6 22 4 12 80 68 7 76 47 17 
93 37 51 31 13 61 35 38 38 1 44 69 48 88 22 91 94 26 14 95 33 12 21 64 58 85 70 35 45 84 19 26 32 68 31 31 36 14 13 42 31 25 63 61 73 38 7 46 58 52 26 7 43 12 94 12 40 14 60 20 19 62 79 90 61 15 20 45 40 32 24 41 61 19 45 40 54 49 45 33 1 50 23 24 25 59 97 79 25 33 0 64 5 20 41 38 63 59 6 80 87 75 45 11 7 
75 22 63 85 26 13 5 44 97 43 12 39 69 36 18 5 49 18 31 50 68 80 23 1 59 90 6 25 98 42 25 1 19 99 39 74 37 43 91 80 37 40 29 53 59 73 39 35 1 73 26 74 23 65 6 5 20 27 35 12 46 84 79 32 46 32 61 37 95 71 41 39 83 22 99 58 17 21 68 20 22 71 45 20 24 1 66 63 65 88 64 0 33 41 9 67 96 73 58 25 95 34 48 95 53 
63 41 45 58 78 18 6 34 37 40 30 61 44 17 57 17 14 50 24 52 54 96 1 93 74 38 15 84 7 95 40 23 67 14 97 64 74 53 5 45 16 59 10 50 56 75 19 36 78 3 73 38 85 57 3 88 56 52 70 73 65 36 9 20 59 25 7 60 26 61 77 17 60 10 82 74 26 92 16 68 21 24 94 31 28 65 13 26 20 7 5 33 0 92 12 37 7 61 30 50 56 7 41 64 8 
47 78 55 36 17 72 62 96 99 4 77 98 92 88 34 78 20 38 51 15 63 35 70 6 77 6 88 35 88 28 76 15 16 26 88 91 39 10 1 95 22 56 55 37 16 93 72 8 68 83 43 3 29 84 63 27 60 24 51 42 54 36 37 26 24 25 24 89 74 76 98 48 88 3 80 78 8 17 51 77 38 54 47 5 31 14 21 68 72 3 20 41 92 0 76 27 56 32 83 96 55 78 77 7 96 
33 92 1 42 5 92 51 42 2 58 90 10 14 91 44 69 16 21 22 31 76 7 23 73 29 24 3 23 57 33 40 75 44 39 1 49 72 39 35 80 93 1 2 61 83 15 54 72 16 47 62 46 57 23 37 66 58 94 98 24 86 57 96 65 2 23 32 57 74 34 7 39 84 79 98 39 25 36 35 31 51 52 86 8 69 22 86 18 63 41 41 9 12 76 0 91 79 58 14 84 24 21 66 91 85 
89 50 87 82 89 8 77 72 33 44 33 68 7 79 76 31 98 41 72 11 9 70 28 53 77 69 92 90 50 15 7 40 40 76 38 45 57 26 77 87 48 39 29 96 42 15 16 2 71 19 45 14 33 57 95 17 67 11 93 36 44 54 73 87 41 75 92 84 54 18 80 98 3 79 20 32 5 30 53 71 59 13 14 52 26 38 22 20 54 6 38 67 37 27 91 0 55 67 84 88 38 17 8 81 69 
24 48 17 3 28 84 46 70 31 54 51 79 3 88 99 53 42 53 4 86 35 86 26 10 54 21 65 41 48 26 69 76 21 6 67 95 72 58 9 34 74 94 7 48 64 50 53 4 4 87 45 42 59 77 60 76 89 73 22 59 51 23 38 67 14 26 1 57 76 79 35 1 34 7 50 77 10 8 15 9 82 71 32 99 94 99 47 55 5 22 63 96 7 56 79 55 0 16 16 83 21 48 21 59 10 
56 78 20 86 51 57 97 71 8 44 52 64 68 58 3 85 36 24 24 5 34 45 65 95 59 14 99 88 73 14 40 20 2 93 43 17 68 82 24 55 45 86 45 70 28 89 47 47 48 30 54 34 87 75 84 26 58 52 86 30 43 14 78 19 78 20 84 2 78 97 81 66 92 97 67 60 26 29 71 18 79 11 47 67 51 15 32 38 5 4 59 73 61 32 58 67 16 0 97 56 60 89 8 26 10 
66 41 10 94 69 52 22 24 51 75 43 21 94 25 97 37 26 19 13 8 93 71 46 98 32 57 88 76 60 79 47 10 1 23 62 60 50 52 62 16 5 96 68 35 97 46 98 62 43 36 33 4 69 72 20 64 54 30 76 15 14 49 35 87 63 97 72 49 61 1 7 49 10 60 62 82 37 7 31 75 7 99 82 65 68 18 27 1 72 12 6 58 30 83 14 84 16 97 0 11 37 40 21 83 76 
78 79 93 37 4 33 93 87 51 99 24 36 5 56 91 99 52 80 78 55 26 73 39 12 95 30 59 78 94 37 22 72 46 40 19 91 62 70 28 28 67 71 33 62 83 87 75 7 2 12 29 5 67 37 24 25 56 20 44 2 8 22 40 92 52 75 10 9 27 83 33 70 3 37 51 28 90 30 29 67 47 5 67 28 3 91 35 81 84 80 80 25 50 96 84 88 83 56 11 0 29 99 41 86 84 
4 46 52 47 59 77 72 40 33 98 90 56 29 50 84 60 35 52 8 60 68 13 58 99 14 29 25 39 83 25 68 54 83 74 1 45 83 54 16 38 44 74 30 33 90 31 54 4 82 53 6 31 23 51 31 17 3 3 4 50 1 8 20 99 95 62 68 55 7 42 13 32 77 26 26 90 81 98 93 49 13 97 37 96 99 90 59 62 70 68 87 95 56 55 24 38 21 60 37 29 0 6 11 49 61 
1 88 11 81 13 63 93 32 44 76 44 29 36 53 27 32 23 33 53 85 2 47 53 41 39 92 46 76 81 4 74 67 30 15 46 86 99 90 12 6 19 56 70 48 72 84 4 9 48 77 21 66 3 32 18 80 34 37 85 95 6 7 68 99 48 86 66 24 85 68 71 66 44 6 41 40 53 97 73 66 62 12 53 56 86 23 91 62 80 7 75 34 7 78 21 17 48 89 40 99 6 0 68 60 34 
78 17 69 28 3 52 26 38 42 60 89 46 83 25 27 36 34 38 31 99 99 83 53 92 92 55 15 22 99 57 25 28 27 48 83 49 84 70 86 65 60 16 13 19 74 78 25 37 17 38 62 70 74 24 99 85 45 23 7 40 14 78 32 37 62 8 3 94 68 86 96 1 82 62 25 9 70 95 35 17 50 75 35 1 57 21 83 4 61 76 45 48 41 77 66 8 21 8 21 41 11 68 0 22 77 
7 29 24 73 77 97 98 39 70 67 96 93 78 16 53 33 62 31 27 42 9 8 33 77 88 29 78 16 93 94 72 89 8 72 95 18 86 30 54 35 91 97 91 92 97 72 44 85 69 79 8 89 2 29 40 57 54 57 2 28 9 29 71 49 58 54 66 54 78 63 52 76 18 9 56 4 55 3 60 33 52 38 32 44 19 51 70 17 98 47 11 95 64 7 91 81 59 26 83 86 49 60 22 0 84 
53 46 15 29 97 31 2 57 2 75 29 57 47 68 56 51 79 41 9 36 90 30 70 88 60 64 87 56 39 32 33 3 53 2 72 52 88 91 91 43 30 50 16 92 61 59 26 49 22 70 52 75 34 1 56 20 38 99 66 58 39 44 65 15 65 89 48 71 34 35 46 77 89 7 3 15 26 89 15 18 28 32 14 44 13 73 15 54 54 17 7 53 8 96 85 69 10 10 76 84 61 34 77 84 0 
