106
0 38 13 73 10 76 6 80 65 17 2 77 72 7 26 51 21 19 85 12 29 30 15 51 69 88 88 95 97 87 14 10 8 64 62 23 58 2 1 61 82 9 89 14 48 73 31 72 4 71 22 50 58 4 69 25 44 77 27 53 81 42 83 16 65 69 26 99 88 8 27 26 23 10 68 24 28 38 58 84 39 9 33 35 11 24 16 88 26 72 93 75 63 47 33 89 24 56 66 78 4 1 78 7 53 86 
38 0 71 3 77 92 22 76 8 78 73 76 77 44 21 31 37 8 46 69 58 83 97 14 11 24 82 8 25 75 93 21 33 13 66 95 61 25 83 98 3 93 99 11 55 97 83 87 71 67 72 49 55 16 6 18 43 21 49 23 14 98 54 85 11 97 56 62 57 90 22 97 84 26 15 14 85 44 7 78 57 60 16 25 10 67 72 54 70 37 22 41 78 92 50 48 78 41 79 46 88 17 29 46 68 67 
13 71 0 79 47 1 30 64 76 36 54 94 34 3 85 84 49 55 33 29 56 83 32 29 95 75 9 33 9 85 78 51 80 42 65 84 25 21 45 16 31 92 15 20 27 87 8 54 48 61 35 33 20 68 25 84 95 39 48 6 80 64 88 33 43 75 67 89 99 31 18 69 65 61 79 18 40 36 82 29 23 39 42 75 78 71 26 49 51 63 45 55 1 87 17 20 10 93 52 11 69 24 15 64 22 47 
73 3 79 0 4 57 89 81 47 55 80 72 15 78 16 26 54 85 59 86 30 45 38 23 92 55 77 13 60 27 77 72 88 40 44 77 39 92 70 99 34 44 27 57 70 74 53 90 28 44 2 83 95 97 27 85 31 65 23 99 53 4 71 13 40 84 49 62 71 14 37 24 23 67 93 96 54 10 42 58 89 94 77 83 12 37 17 31 85 58 36 42 82 3 86 94 37 47 81 28 73 29 3 14 42 37 
10 77 47 4 0 41 19 98 39 64 47 90 3 99 29 79 76 59 43 27 22 59 17 93 38 12 23 7 97 15 88 76 36 64 33 92 50 1 23 98 71 37 19 28 29 53 95 51 47 8 86 17 30 12 62 15 31 9 41 49 31 24 67 93 65 13 18 34 11 29 76 6 82 6 43 87 53 58 57 79 88 82 11 73 49 20 13 26 78 17 5 89 28 51 69 4 59 13 3 77 97 97 62 16 75 13 
76 92 1 57 41 0 19 31 60 6 17 96 97 61 44 32 45 25 63 80 22 20 78 34 5 40 68 35 35 43 79 83 39 49 82 6 92 9 41 70 6 8 79 38 79 34 28 52 78 31 44 47 10 68 4 68 55 98 64 81 29 38 65 38 94 19 79 71 93 53 11 33 47 64 94 19 37 30 40 29 55 30 56 91 28 61 13 18 72 92 8 84 57 52 33 77 63 52 97 31 23 6 92 96 23 77 
6 22 30 89 19 19 0 23 19 94 30 19 53 32 50 99 84 94 46 52 87 16 72 49 29 84 28 44 20 80 71 89 87 12 66 94 16 52 99 87 46 64 43 23 83 41 45 17 18 89 1 98 83 72 15 37 27 33 2 49 89 23 35 95 22 69 68 49 19 98 12 12 53 77 69 46 65 90 41 8 8 34 59 8 35 5 6 62 51 77 46 97 22 93 72 93 26 98 2 14 39 86 28 39 85 34 
80 76 64 81 98 31 23 0 2 32 39 29 76 32 52 67 68 33 75 33 98 6 1 38 73 44 25 17 97 97 42 25 22 28 47 36 63 69 63 33 46 89 43 58 26 33 34 7 66 52 32 8 14 4 29 16 30 67 62 84 97 59 83 35 31 58 97 50 47 84 42 21 41 51 5 10 1 91 22 75 22 34 39 38 44 34 96 42 72 70 71 24 87 40 32 38 39 57 88 29 37 67 11 85 1 17 
65 8 76 47 39 60 19 2 0 31 4 79 60 54 70 50 75 47 28 34 73 69 40 33 98 8 34 63 15 78 44 62 86 37 13 54 27 83 13 26 2 42 56 56 65 16 93 41 61 71 50 51 33 91 21 53 39 66 81 58 53 90 20 95 65 43 48 22 98 2 90 39 13 19 78 78 89 91 84 40 99 16 38 97 37 99 2 33 31 8 51 51 33 44 42 70 2 98 52 31 83 50 82 83 96 72 
17 78 36 55 64 6 94 32 31 0 22 19 47 45 92 10 5 78 64 24 96 60 65 83 32 2 85 79 69 55 26 84 28 57 93 9 56 77 47 50 12 9 62 75 24 89 90 83 83 6 43 47 22 52 74 43 14 19 24 46 96 53 34 55 15 58 62 41 73 66 23 3 87 2 73 52 72 88 78 63 49 1 43 40 4 58 44 54 44 75 99 98 76 60 67 75 92 6 27 68 32 12 4 55 2 14 
2 73 54 80 47 17 30 39 4 22 0 60 57 82 9 39 5 71 77 74 6 80 85 60 32 91 8 67 33 47 76 83 45 65 38 48 74 91 85 16 66 53 70 67 90 29 20 18 6 80 11 30 18 82 47 8 18 87 62 65 8 30 56 29 44 99 56 6 51 93 64 53 35 99 84 78 38 90 55 5 44 12 30 77 90 33 51 52 43 24 90 44 89 96 29 65 87 59 89 52 23 11 32 10 7 31 
77 76 94 72 90 96 19 29 79 19 60 0 68 19 13 74 75 92 66 86 54 43 7 10 37 88 60 9 54 88 19 22 68 15 21 86 10 43 67 21 17 59 78 43 36 76 29 86 35 45 93 83 9 31 65 78 19 39 12 57 53 84 77 69 26 70 32 60 63 30 67 33 72 61 94 73 28 98 94 69 39 61 98 10 68 79 64 21 36 56 29 46 93 57 52 5 80 76 32 77 53 39 84 81 75 71 
72 77 34 15 3 97 53 76 60 47 57 68 0 27 58 31 65 39 19 96 42 96 58 49 43 53 23 65 71 62 61 97 28 1 27 51 21 27 66 78 19 61 83 60 63 39 24 69 70 62 88 67 20 37 18 22 78 27 33 9 9 21 69 83 55 86 94 75 90 24 95 91 14 12 43 11 89 25 48 69 44 92 14 7 3 68 94 5 29 36 83 78 47 79 7 92 81 21 24 64 72 7 22 65 51 91 
7 44 3 78 99 61 32 32 54 45 82 19 27 0 10 93 68 86 34 72 9 52 34 62 8 60 42 28 52 41 72 46 95 10 89 47 59 22 55 1 20 20 86 28 98 22 95 19 68 36 96 30 23 57 11 43 73 32 13 83 8 88 9 62 24 35 95 4 56 69 16 25 95 63 27 99 48 88 36 17 88 91 79 88 58 25 56 50 53 25 16 68 74 47 21 67 95 13 26 1 98 99 78 12 91 25 
26 21 85 16 29 44 50 52 70 92 9 13 58 10 0 55 48 78 41 60 96 80 90 32 57 34 39 93 21 15 10 68 82 80 4 48 71 43 6 21 58 60 55 78 25 59 80 37 81 59 52 64 74 84 89 83 56 79 71 28 24 54 70 69 24 47 40 67 78 27 25 18 88 2 46 59 22 18 57 34 44 76 99 3 97 91 84 27 27 53 56 8 63 32 80 93 77 47 88 71 70 56 93 99 88 86 
51 31 84 26 79 32 99 67 50 10 39 74 31 93 55 0 75 16 15 57 88 2 85 76 77 91 19 63 46 66 53 29 88 39 21 98 52 60 95 65 15 98 53 45 17 65 31 83 11 46 89 79 60 98 43 65 6 91 77 56 43 21 89 69 19 93 50 84 16 18 62 8 65 56 3 91 5 17 78 69 31 53 85 37 99 60 32 36 33 51 52 6 34 1 10 32 36 89 61 39 12 45 44 8 63 57 
21 37 49 54 76 45 84 68 75 5 5 75 65 68 48 75 0 97 94 53 25 44 52 11 95 50 19 11 62 40 7 8 80 13 1 4 52 16 68 82 60 67 16 62 65 20 45 88 62 22 1 64 95 85 2 85 61 77 23 15 25 47 33 81 71 55 25 78 90 36 58 32 40 15 94 49 14 20 16 98 42 36 26 52 35 23 34 62 79 8 33 4 68 96 58 97 47 90 22 93 85 59 65 41 79 79 
19 8 55 85 59 25 94 33 47 78 71 92 39 86 78 16 97 0 63 63 48 28 72 43 15 94 52 19 79 11 36 50 94 80 90 5 6 87 30 54 81 73 30 39 79 55 43 65 69 45 85 74 51 81 51 36 73 16 40 3 36 98 80 16 16 95 67 35 84 94 19 75 19 26 18 50 38 21 41 53 24 19 80 52 33 38 31 41 51 74 69 81 16 64 65 92 21 55 24 7 25 1 49 81 29 89 
85 46 33 59 43 63 46 75 28 64 77 66 19 34 41 15 94 63 0 2 74 22 1 77 33 41 82 84 31 88 54 34 83 23 4 35 50 89 71 38 34 13 38 80 66 7 80 93 4 33 86 45 30 47 68 67 29 58 85 44 95 94 21 53 32 26 64 53 60 18 23 55 14 31 24 51 22 72 4 24 13 78 8 53 31 27 9 97 85 82 74 40 57 61 26 66 96 28 19 87 2 35 3 18 86 12 
12 69 29 86 27 80 52 33 34 24 74 86 96 72 60 57 53 63 2 0 94 54 60 83 12 84 4 84 1 94 86 52 92 33 87 85 82 6 12 70 10 47 75 94 33 39 43 64 24 41 64 64 32 19 41 6 93 80 83 75 41 26 69 50 83 87 47 14 22 81 82 95 50 52 15 31 11 86 5 8 55 60 85 99 42 36 57 14 12 53 67 22 82 95 35 62 92 86 61 93 99 92 75 9 76 82 
29 58 56 30 22 22 87 98 73 96 6 54 42 9 96 88 25 48 74 94 0 28 26 87 37 15 4 93 85 73 44 9 56 18 61 33 99 84 28 96 53 51 81 92 80 27 38 25 57 41 53 39 20 45 21 64 22 66 69 93 19 69 17 79 60 57 45 36 40 62 33 68 54 63 76 9 35 34 93 26 68 2 99 9 90 28 30 90 78 11 62 17 80 75 77 98 1 31 4 82 65 39 68 31 22 27 
30 83 83 45 59 20 16 6 69 60 80 43 96 52 80 2 44 28 22 54 28 0 96 11 70 34 37 10 1 56 70 11 4 40 78 38 17 26 47 8 44 1 57 15 56 56 53 79 98 54 61 1 15 61 67 96 40 72 8 17 67 62 70 51 59 80 15 78 13 12 80 96 35 7 70 86 45 71 73 13 47 83 8 30 61 83 74 47 87 85 98 48 89 74 77 88 46 37 88 40 38 7 44 59 2 84 
15 97 32 38 17 78 72 1 40 65 85 7 58 34 90 85 52 72 1 60 26 96 0 30 49 56 46 9 35 30 1 80 20 5 72 2 9 27 41 90 33 71 97 8 39 82 30 4 75 51 92 17 50 43 71 9 32 26 35 55 98 97 71 6 64 95 25 47 21 23 1 70 23 28 26 65 46 39 58 53 53 33 70 80 6 34 65 54 54 54 13 81 97 34 52 56 81 55 13 86 11 82 79 72 85 30 
51 14 29 23 93 34 49 38 33 83 60 10 49 62 32 76 11 43 77 83 87 11 30 0 13 64 8 71 83 64 65 45 70 76 89 35 15 60 89 34 25 4 42 31 23 54 97 92 92 83 98 37 7 39 99 32 63 48 63 35 72 43 21 91 51 23 3 64 1 93 6 73 53 10 95 98 12 99 41 92 77 88 62 3 23 83 94 99 48 30 96 99 81 2 76 2 53 93 65 76 79 63 77 49 37 50 
69 11 95 92 38 5 29 73 98 32 32 37 43 8 57 77 95 15 33 12 37 70 49 13 0 15 74 22 33 72 1 47 25 81 38 17 53 69 93 91 8 61 10 35 64 67 69 14 67 92 1 35 71 17 38 18 39 83 15 38 63 1 34 50 78 32 58 59 74 77 29 77 54 59 32 95 14 39 92 88 60 47 63 87 62 40 72 3 60 26 58 33 31 53 92 42 79 58 46 86 26 74 75 7 3 31 
88 24 75 55 12 40 84 44 8 2 91 88 53 60 34 91 50 94 41 84 15 34 56 64 15 0 78 79 92 97 43 19 84 90 89 57 43 5 12 25 23 7 5 80 29 54 31 22 28 6 36 73 83 49 52 95 25 77 41 86 29 41 48 24 29 85 90 38 6 24 69 21 14 57 30 29 92 55 29 64 82 61 70 84 73 80 49 53 93 93 97 58 95 40 91 79 62 58 6 77 26 80 94 38 45 61 
88 82 9 77 23 68 28 25 34 85 8 60 23 42 39 19 19 52 82 4 4 37 46 8 74 78 0 16 93 42 64 8 3 47 76 53 67 26 38 4 26 85 65 1 53 82 47 85 18 55 36 79 61 51 47 24 66 1 33 13 91 76 26 56 70 6 15 88 3 92 65 99 88 59 25 46 15 78 87 33 92 73 39 84 21 25 72 28 38 96 83 17 55 97 53 74 6 67 81 95 51 3 90 33 8 90 
95 8 33 13 7 35 44 17 63 79 67 9 65 28 93 63 11 19 84 84 93 10 9 71 22 79 16 0 86 37 67 74 12 36 43 40 53 94 85 21 74 8 53 70 58 63 90 84 17 29 46 83 82 69 68 62 84 70 39 75 64 73 13 35 25 84 35 23 90 41 88 76 78 39 76 22 16 56 69 83 69 12 37 58 28 80 2 13 2 9 90 64 91 16 86 81 85 28 94 8 15 76 13 62 21 38 
97 25 9 60 97 35 20 97 15 69 33 54 71 52 21 46 62 79 31 1 85 1 35 83 33 92 93 86 0 63 67 34 58 75 73 6 1 3 5 65 58 36 31 5 76 81 15 3 53 55 16 97 89 1 60 63 2 92 68 82 42 84 45 98 7 88 57 50 48 73 60 94 83 81 99 93 39 11 88 66 96 89 60 74 96 92 35 51 52 83 83 52 92 25 56 69 66 38 58 98 88 45 58 42 33 28 
87 75 85 27 15 43 80 97 78 55 47 88 62 41 15 66 40 11 88 94 73 56 30 64 72 97 42 37 63 0 56 64 81 92 77 57 27 63 54 93 23 39 21 59 44 20 46 76 38 85 35 88 59 2 41 86 38 59 8 25 25 84 42 95 28 33 15 26 14 79 37 25 4 57 94 32 29 77 3 61 60 73 41 16 38 8 83 39 48 61 61 49 83 9 86 69 40 64 55 14 62 41 74 75 69 25 
14 93 78 77 88 79 71 42 44 26 76 19 61 72 10 53 7 36 54 86 44 70 1 65 1 43 64 67 67 56 0 26 34 19 79 47 79 8 78 9 39 50 15 18 46 58 78 88 27 32 59 24 38 43 94 90 82 97 27 47 19 25 40 76 40 7 69 40 47 22 68 74 25 72 33 13 87 66 8 3 97 21 4 86 95 36 18 18 56 44 53 96 26 90 30 52 68 48 21 72 80 9 24 61 57 10 
10 21 51 72 76 83 89 25 62 84 83 22 97 46 68 29 8 50 34 52 9 11 80 45 47 19 8 74 34 64 26 0 47 61 66 63 22 14 23 28 26 18 33 94 15 86 53 26 61 84 69 90 25 58 64 13 19 27 78 26 1 23 15 75 40 76 20 10 72 54 67 28 89 3 72 86 20 15 14 98 83 23 62 82 12 29 45 3 4 11 32 92 97 30 56 30 34 42 66 50 26 86 49 54 49 1 
8 33 80 88 36 39 87 22 86 28 45 68 28 95 82 88 80 94 83 92 56 4 20 70 25 84 3 12 58 81 34 47 0 39 8 22 6 16 78 81 64 98 31 33 73 45 41 68 25 79 68 51 49 36 53 32 2 65 32 19 67 16 44 40 21 2 1 46 83 30 27 8 53 4 22 84 80 63 70 68 9 73 44 96 90 77 73 59 69 59 82 64 93 53 38 48 52 24 71 1 24 23 88 60 9 3 
64 13 42 40 64 49 12 28 37 57 65 15 1 10 80 39 13 80 23 33 18 40 5 76 81 90 47 36 75 92 19 61 39 0 19 4 15 80 68 35 82 65 45 43 35 79 45 61 68 43 23 42 69 42 40 81 43 68 99 14 26 39 76 6 93 23 40 74 15 48 72 2 34 71 61 20 16 98 99 54 70 21 36 39 50 82 59 13 76 54 25 96 23 34 25 31 88 1 88 36 46 64 9 42 15 63 
62 66 65 44 33 82 66 47 13 93 38 21 27 89 4 21 1 90 4 87 61 78 72 89 38 89 76 43 73 77 79 66 8 19 0 11 30 31 38 98 40 11 68 55 78 46 74 69 24 82 65 82 82 33 94 15 31 39 97 88 1 38 67 43 62 19 1 46 83 95 72 71 97 54 1 43 41 40 25 41 93 73 32 5 30 36 36 49 31 48 1 80 8 53 10 25 52 86 92 76 15 82 62 41 13 28 
23 95 84 77 92 6 94 36 54 9 48 86 51 47 48 98 4 5 35 85 33 38 2 35 17 57 53 40 6 57 47 63 22 4 11 0 45 1 55 65 17 91 18 60 91 96 38 73 84 82 40 44 71 91 24 31 74 64 91 49 45 95 17 60 91 45 86 49 18 52 49 7 77 67 87 36 45 79 99 1 39 19 82 37 49 4 52 49 4 89 58 17 88 64 87 22 34 95 32 69 39 72 70 54 13 97 
58 61 25 39 50 92 16 63 27 56 74 10 21 59 71 52 52 6 50 82 99 17 9 15 53 43 67 53 1 27 79 22 6 15 30 45 0 47 41 18 94 79 62 36 59 32 31 49 31 97 97 21 7 75 36 37 74 39 72 57 72 68 50 62 83 99 84 86 88 48 1 66 22 22 40 77 61 3 41 78 44 84 60 67 79 86 51 23 38 14 16 85 47 39 90 55 28 30 49 16 74 30 52 50 89 65 
2 25 21 92 1 9 52 69 83 77 91 43 27 22 43 60 16 87 89 6 84 26 27 60 69 5 26 94 3 63 8 14 16 80 31 1 47 0 14 53 95 60 35 4 65 81 93 58 1 10 91 39 18 14 43 53 10 39 26 58 82 52 70 54 90 70 30 91 63 77 21 56 89 96 2 63 55 11 32 70 96 48 49 11 41 26 73 88 23 50 56 89 4 29 25 21 66 88 10 12 22 59 88 95 65 79 
1 83 45 70 23 41 99 63 13 47 85 67 66 55 6 95 68 30 71 12 28 47 41 89 93 12 38 85 5 54 78 23 78 68 38 55 41 14 0 88 72 87 83 1 43 35 67 58 93 7 71 3 13 91 5 1 35 77 9 24 62 28 16 12 86 54 91 48 61 89 30 84 51 70 39 84 75 96 48 6 60 12 36 52 85 74 13 36 17 10 85 59 49 22 48 72 57 52 68 4 93 51 54 88 80 93 
61 98 16 99 98 70 87 33 26 50 16 21 78 1 21 65 82 54 38 70 96 8 90 34 91 25 4 21 65 93 9 28 81 35 98 65 18 53 88 0 40 81 83 83 3 31 86 48 66 42 57 42 80 45 95 80 87 34 55 16 28 38 6 65 35 43 88 45 91 43 45 53 89 58 81 3 65 74 96 50 32 32 42 40 15 3 48 36 51 33 33 42 43 96 17 84 29 32 92 12 39 88 17 57 10 65 
82 3 31 34 71 6 46 46 2 12 66 17 19 20 58 15 60 81 34 10 53 44 33 25 8 23 26 74 58 23 39 26 64 82 40 17 94 95 72 40 0 84 27 3 39 86 31 87 54 32 31 37 16 22 93 48 74 45 5 67 44 19 60 91 30 78 10 24 91 9 92 15 88 48 73 38 42 90 31 40 6 34 75 20 94 38 90 16 13 98 65 1 70 51 48 19 69 68 67 75 70 56 66 82 51 49 
9 93 92 44 37 8 64 89 42 9 53 59 61 20 60 98 67 73 13 47 51 1 71 4 61 7 85 8 36 39 50 18 98 65 11 91 79 60 87 81 84 0 5 51 57 79 39 11 95 25 40 59 56 1 39 94 86 96 71 74 56 16 97 50 56 7 33 30 94 79 20 29 79 42 93 25 90 11 70 16 47 30 45 20 84 75 80 45 99 13 87 78 50 32 54 88 93 79 3 70 97 23 43 3 21 57 
89 99 15 27 19 79 43 43 56 62 70 78 83 86 55 53 16 30 38 75 81 57 97 42 10 5 65 53 31 21 15 33 31 45 68 18 62 35 83 83 27 5 0 40 38 27 22 4 63 29 10 55 2 29 7 45 68 33 30 70 13 91 16 75 93 17 24 16 12 5 72 95 25 81 38 64 61 82 50 79 12 1 48 24 82 91 13 57 82 29 36 81 9 17 7 22 35 48 46 43 26 36 76 27 54 88 
14 11 20 57 28 38 23 58 56 75 67 43 60 28 78 45 62 39 80 94 92 15 8 31 35 80 1 70 5 59 18 94 33 43 55 60 36 4 1 83 3 51 40 0 75 67 78 61 53 50 37 61 96 48 70 35 62 33 48 19 92 92 74 82 13 42 58 71 3 35 81 67 88 72 15 27 40 91 59 46 83 85 53 14 10 26 48 65 89 40 86 22 46 45 89 84 69 68 71 36 35 25 62 88 74 21 
48 55 27 70 29 79 83 26 65 24 90 36 63 98 25 17 65 79 66 33 80 56 39 23 64 29 53 58 76 44 46 15 73 35 78 91 59 65 43 3 39 57 38 75 0 77 73 59 56 16 83 42 64 28 97 83 90 72 74 97 61 90 80 89 23 35 56 8 38 99 1 76 74 64 58 65 40 15 23 27 16 82 77 93 27 50 89 33 26 99 53 61 78 6 47 65 11 98 2 57 73 92 57 22 87 38 
73 97 87 74 53 34 41 33 16 89 29 76 39 22 59 65 20 55 7 39 27 56 82 54 67 54 82 63 81 20 58 86 45 79 46 96 32 81 35 31 86 79 27 67 77 0 73 75 93 15 15 50 89 46 87 31 84 78 72 59 63 43 19 59 76 13 29 46 50 95 23 77 57 90 39 87 12 20 89 51 75 92 91 41 60 3 9 76 72 30 96 11 73 64 14 36 62 28 6 49 37 83 68 7 39 19 
31 83 8 53 95 28 45 34 93 90 20 29 24 95 80 31 45 43 80 43 38 53 30 97 69 31 47 90 15 46 78 53 41 45 74 38 31 93 67 86 31 39 22 78 73 73 0 72 54 16 53 47 98 75 54 4 25 44 26 27 2 7 19 35 32 97 81 99 44 52 37 83 9 3 20 63 95 76 26 36 80 63 77 77 75 71 48 79 32 34 44 10 57 87 47 38 37 11 51 78 20 46 35 36 8 72 
72 87 54 90 51 52 17 7 41 83 18 86 69 19 37 83 88 65 93 64 25 79 4 92 14 22 85 84 3 76 88 26 68 61 69 73 49 58 58 48 87 11 4 61 59 75 72 0 2 4 47 62 7 4 9 37 85 49 82 15 16 49 44 44 58 86 68 47 51 3 1 82 59 19 46 66 28 97 84 59 21 97 44 85 12 99 91 47 38 89 41 7 45 31 59 34 66 22 90 58 1 78 68 16 71 4 
4 71 48 28 47 78 18 66 61 83 6 35 70 68 81 11 62 69 4 24 57 98 75 92 67 28 18 17 53 38 27 61 25 68 24 84 31 1 93 66 54 95 63 53 56 93 54 2 0 48 43 2 82 48 17 69 22 62 30 45 97 67 35 89 87 78 98 39 11 22 17 79 8 54 54 68 78 13 87 86 29 14 62 7 58 46 62 52 94 7 58 41 8 5 93 8 19 52 73 3 83 47 19 87 30 36 
71 67 61 44 8 31 89 52 71 6 80 45 62 36 59 46 22 45 33 41 41 54 51 83 92 6 55 29 55 85 32 84 79 43 82 82 97 10 7 42 32 25 29 50 16 15 16 4 48 0 12 53 77 38 79 70 25 70 30 78 25 43 11 66 86 54 21 14 27 7 32 84 50 66 55 1 51 82 38 77 71 21 55 16 46 30 71 15 14 77 82 48 44 76 63 26 26 73 43 62 45 45 54 33 29 6 
22 72 35 2 86 44 1 32 50 43 11 93 88 96 52 89 1 85 86 64 53 61 92 98 1 36 36 46 16 35 59 69 68 23 65 40 97 91 71 57 31 40 10 37 83 15 53 47 43 12 0 21 62 8 52 98 51 84 22 10 78 12 68 36 38 42 10 16 94 86 77 30 53 26 87 38 16 23 92 37 46 67 4 59 96 73 73 90 17 86 75 33 63 7 74 38 3 46 14 42 34 4 5 31 66 70 
50 49 33 83 17 47 98 8 51 47 30 83 67 30 64 79 64 74 45 64 39 1 17 37 35 73 79 83 97 88 24 90 51 42 82 44 21 39 3 42 37 59 55 61 42 50 47 62 2 53 21 0 89 75 37 66 57 78 71 17 43 98 58 94 6 90 88 30 96 70 87 42 82 52 47 59 40 84 16 76 94 94 53 57 26 80 37 5 83 95 12 43 23 85 29 57 33 59 87 69 67 23 3 74 2 34 
58 55 20 95 30 10 83 14 33 22 18 9 20 23 74 60 95 51 30 32 20 15 50 7 71 83 61 82 89 59 38 25 49 69 82 71 7 18 13 80 16 56 2 96 64 89 98 7 82 77 62 89 0 81 8 64 70 6 43 16 36 47 82 24 21 5 24 26 47 32 26 19 12 54 46 7 21 6 68 12 45 45 27 86 57 81 54 38 47 12 65 57 84 23 57 77 75 72 37 51 32 24 29 1 40 62 
4 16 68 97 12 68 72 4 91 52 82 31 37 57 84 98 85 81 47 19 45 61 43 39 17 49 51 69 1 2 43 58 36 42 33 91 75 14 91 45 22 1 29 48 28 46 75 4 48 38 8 75 81 0 33 67 59 47 80 38 54 91 89 34 35 26 79 20 84 53 76 85 64 97 80 99 42 39 40 7 9 1 88 43 19 45 44 94 6 3 63 37 95 60 84 20 24 31 18 99 40 56 24 17 10 92 
69 6 25 27 62 4 15 29 21 74 47 65 18 11 89 43 2 51 68 41 21 67 71 99 38 52 47 68 60 41 94 64 53 40 94 24 36 43 5 95 93 39 7 70 97 87 54 9 17 79 52 37 8 33 0 31 49 50 38 52 22 1 32 94 19 40 45 50 45 24 37 82 90 70 75 86 69 62 44 47 54 75 13 36 18 12 5 88 27 66 17 76 26 64 25 17 80 85 57 20 34 66 30 39 84 54 
25 18 84 85 15 68 37 16 53 43 8 78 22 43 83 65 85 36 67 6 64 96 9 32 18 95 24 62 63 86 90 13 32 81 15 31 37 53 1 80 48 94 45 35 83 31 4 37 69 70 98 66 64 67 31 0 70 92 65 20 55 76 70 71 94 23 82 29 98 74 58 51 21 30 33 44 92 48 47 58 80 2 13 40 20 56 60 58 67 89 58 54 56 3 34 45 54 38 63 74 61 70 73 87 83 13 
44 43 95 31 31 55 27 30 39 14 18 19 78 73 56 6 61 73 29 93 22 40 32 63 39 25 66 84 2 38 82 19 2 43 31 74 74 10 35 87 74 86 68 62 90 84 25 85 22 25 51 57 70 59 49 70 0 49 9 84 65 27 53 18 28 43 49 54 93 15 85 46 29 16 34 90 71 15 91 80 66 14 27 52 24 94 11 73 52 30 20 3 37 23 57 99 95 59 22 35 40 55 29 12 60 3 
77 21 39 65 9 98 33 67 66 19 87 39 27 32 79 91 77 16 58 80 66 72 26 48 83 77 1 70 92 59 97 27 65 68 39 64 39 39 77 34 45 96 33 33 72 78 44 49 62 70 84 78 6 47 50 92 49 0 4 87 11 28 2 62 71 13 31 68 80 62 58 8 43 4 54 90 13 75 76 60 35 70 51 98 93 22 86 76 44 4 85 7 2 66 97 19 54 8 71 47 26 35 56 72 64 95 
27 49 48 23 41 64 2 62 81 24 62 12 33 13 71 77 23 40 85 83 69 8 35 63 15 41 33 39 68 8 27 78 32 99 97 91 72 26 9 55 5 71 30 48 74 72 26 82 30 30 22 71 43 80 38 65 9 4 0 12 13 50 80 68 55 70 82 42 32 83 34 74 10 89 75 96 2 20 12 73 42 24 36 59 30 15 2 50 95 40 28 58 20 33 12 52 88 86 65 77 61 9 40 85 98 19 
53 23 6 99 49 81 49 84 58 46 65 57 9 83 28 56 15 3 44 75 93 17 55 35 38 86 13 75 82 25 47 26 19 14 88 49 57 58 24 16 67 74 70 19 97 59 27 15 45 78 10 17 16 38 52 20 84 87 12 0 4 47 41 32 96 43 63 24 17 89 32 98 76 84 7 19 46 65 54 86 44 51 43 14 8 1 6 14 9 39 67 60 98 67 6 26 89 7 16 75 60 20 51 23 3 76 
81 14 80 53 31 29 89 97 53 96 8 53 9 8 24 43 25 36 95 41 19 67 98 72 63 29 91 64 42 25 19 1 67 26 1 45 72 82 62 28 44 56 13 92 61 63 2 16 97 25 78 43 36 54 22 55 65 11 13 4 0 76 51 42 9 48 84 28 10 71 19 79 70 62 84 36 36 57 54 23 14 49 22 8 7 78 29 44 85 71 98 29 74 90 7 54 14 73 55 90 51 49 39 58 35 69 
42 98 64 4 24 38 23 59 90 53 30 84 21 88 54 21 47 98 94 26 69 62 97 43 1 41 76 73 84 84 25 23 16 39 38 95 68 52 28 38 19 16 91 92 90 43 7 49 67 43 12 98 47 91 1 76 27 28 50 47 76 0 66 52 25 86 48 39 85 39 32 79 79 9 37 96 73 38 78 35 40 20 68 32 71 65 56 60 57 27 90 78 31 53 89 32 84 44 1 52 11 73 40 77 14 70 
83 54 88 71 67 65 35 83 20 34 56 77 69 9 70 89 33 80 21 69 17 70 71 21 34 48 26 13 45 42 40 15 44 76 67 17 50 70 16 6 60 97 16 74 80 19 19 44 35 11 68 58 82 89 32 70 53 2 80 41 51 66 0 70 50 12 13 60 14 90 32 20 26 65 87 67 19 87 92 99 99 37 49 15 41 46 79 64 1 55 21 85 24 56 60 41 38 3 35 70 44 91 41 84 61 46 
16 85 33 13 93 38 95 35 95 55 29 69 83 62 69 69 81 16 53 50 79 51 6 91 50 24 56 35 98 95 76 75 40 6 43 60 62 54 12 65 91 50 75 82 89 59 35 44 89 66 36 94 24 34 94 71 18 62 68 32 42 52 70 0 19 69 27 61 46 59 24 2 41 14 78 63 52 95 48 62 58 65 98 24 2 3 68 84 5 9 78 15 14 99 7 96 69 98 87 29 74 35 84 59 49 10 
65 11 43 40 65 94 22 31 65 15 44 26 55 24 24 19 71 16 32 83 60 59 64 51 78 29 70 25 7 28 40 40 21 93 62 91 83 90 86 35 30 56 93 13 23 76 32 58 87 86 38 6 21 35 19 94 28 71 55 96 9 25 50 19 0 15 32 25 25 23 75 26 20 97 75 62 86 8 54 89 62 76 69 18 44 29 18 53 49 92 95 60 22 87 72 93 10 11 21 84 16 47 39 20 61 7 
69 97 75 84 13 19 69 58 43 58 99 70 86 35 47 93 55 95 26 87 57 80 95 23 32 85 6 84 88 33 7 76 2 23 19 45 99 70 54 43 78 7 17 42 35 13 97 86 78 54 42 90 5 26 40 23 43 13 70 43 48 86 12 69 15 0 24 32 92 1 84 72 10 68 66 3 66 48 87 26 20 5 53 71 5 23 63 60 41 70 71 24 77 32 59 28 73 31 19 57 45 37 60 89 57 84 
26 56 67 49 18 79 68 97 48 62 56 32 94 95 40 50 25 67 64 47 45 15 25 3 58 90 15 35 57 15 69 20 1 40 1 86 84 30 91 88 10 33 24 58 56 29 81 68 98 21 10 88 24 79 45 82 49 31 82 63 84 48 13 27 32 24 0 57 2 49 9 55 24 94 54 71 24 43 69 62 31 73 27 36 89 95 22 61 33 91 87 19 10 30 75 31 59 40 95 26 74 74 54 76 78 61 
99 62 89 62 34 71 49 50 22 41 6 60 75 4 67 84 78 35 53 14 36 78 47 64 59 38 88 23 50 26 40 10 46 74 46 49 86 91 48 45 24 30 16 71 8 46 99 47 39 14 16 30 26 20 50 29 54 68 42 24 28 39 60 61 25 32 57 0 27 7 85 68 78 34 92 52 37 34 84 41 14 65 52 74 7 57 22 60 31 46 69 58 20 83 32 71 61 76 34 18 79 97 1 83 42 68 
88 57 99 71 11 93 19 47 98 73 51 63 90 56 78 16 90 84 60 22 40 13 21 1 74 6 3 90 48 14 47 72 83 15 83 18 88 63 61 91 91 94 12 3 38 50 44 51 11 27 94 96 47 84 45 98 93 80 32 17 10 85 14 46 25 92 2 27 0 86 63 35 25 98 73 13 51 64 65 34 60 36 20 7 24 97 61 19 97 63 10 24 41 77 98 7 80 35 81 7 33 13 71 96 52 46 
8 90 31 14 29 53 98 84 2 66 93 30 24 69 27 18 36 94 18 81 62 12 23 93 77 24 92 41 73 79 22 54 30 48 95 52 48 77 89 43 9 79 5 35 99 95 52 3 22 7 86 70 32 53 24 74 15 62 83 89 71 39 90 59 23 1 49 7 86 0 18 88 87 85 7 58 58 84 73 7 88 19 31 7 88 14 54 62 41 39 17 48 39 98 1 66 49 70 32 66 1 76 77 20 85 83 
27 22 18 37 76 11 12 42 90 23 64 67 95 16 25 62 58 19 23 82 33 80 1 6 29 69 65 88 60 37 68 67 27 72 72 49 1 21 30 45 92 20 72 81 1 23 37 1 17 32 77 87 26 76 37 58 85 58 34 32 19 32 32 24 75 84 9 85 63 18 0 64 39 55 87 13 22 19 46 60 61 13 29 12 14 61 83 60 88 84 3 34 92 10 3 77 44 82 18 89 54 51 76 7 37 95 
26 97 69 24 6 33 12 21 39 3 53 33 91 25 18 8 32 75 55 95 68 96 70 73 77 21 99 76 94 25 74 28 8 2 71 7 66 56 84 53 15 29 95 67 76 77 83 82 79 84 30 42 19 85 82 51 46 8 74 98 79 79 20 2 26 72 55 68 35 88 64 0 17 77 99 63 23 71 70 83 16 96 19 22 10 3 79 79 7 97 60 37 26 6 62 9 7 21 57 14 94 4 79 6 82 91 
23 84 65 23 82 47 53 41 13 87 35 72 14 95 88 65 40 19 14 50 54 35 23 53 54 14 88 78 83 4 25 89 53 34 97 77 22 89 51 89 88 79 25 88 74 57 9 59 8 50 53 82 12 64 90 21 29 43 10 76 70 79 26 41 20 10 24 78 25 87 39 17 0 40 99 8 33 11 69 45 99 82 80 98 20 50 67 62 51 26 41 25 56 3 87 6 10 95 81 26 54 72 66 56 64 8 
10 26 61 67 6 64 77 51 19 2 99 61 12 63 2 56 15 26 31 52 63 7 28 10 59 57 59 39 81 57 72 3 4 71 54 67 22 96 70 58 48 42 81 72 64 90 3 19 54 66 26 52 54 97 70 30 16 4 89 84 62 9 65 14 97 68 94 34 98 85 55 77 40 0 69 87 40 58 74 78 39 32 77 60 82 28 90 40 9 4 15 99 10 76 79 82 65 74 84 16 65 53 48 27 54 17 
68 15 79 93 43 94 69 5 78 73 84 94 43 27 46 3 94 18 24 15 76 70 26 95 32 30 25 76 99 94 33 72 22 61 1 87 40 2 39 81 73 93 38 15 58 39 20 46 54 55 87 47 46 80 75 33 34 54 75 7 84 37 87 78 75 66 54 92 73 7 87 99 99 69 0 26 8 25 5 10 26 37 90 81 53 70 55 26 42 19 12 81 4 2 18 51 91 19 46 45 49 21 92 17 36 30 
24 14 18 96 87 19 46 10 78 52 78 73 11 99 59 91 49 50 51 31 9 86 65 98 95 29 46 22 93 32 13 86 84 20 43 36 77 63 84 3 38 25 64 27 65 87 63 66 68 1 38 59 7 99 86 44 90 90 96 19 36 96 67 63 62 3 71 52 13 58 13 63 8 87 26 0 8 29 7 30 98 97 95 3 89 91 61 70 1 87 15 69 74 16 87 90 45 68 16 51 35 53 15 71 31 29 
28 85 40 54 53 37 65 1 89 72 38 28 89 48 22 5 14 38 22 11 35 45 46 12 14 92 15 16 39 29 87 20 80 16 41 45 61 55 75 65 42 90 61 40 40 12 95 28 78 51 16 40 21 42 69 92 71 13 2 46 36 73 19 52 86 66 24 37 51 58 22 23 33 40 8 8 0 93 73 35 60 15 81 13 87 64 86 79 3 10 76 31 33 20 68 77 31 71 9 18 75 67 49 66 17 33 
38 44 36 10 58 30 90 91 91 88 90 98 25 88 18 17 20 21 72 86 34 71 39 99 39 55 78 56 11 77 66 15 63 98 40 79 3 11 96 74 90 11 82 91 15 20 76 97 13 82 23 84 6 39 62 48 15 75 20 65 57 38 87 95 8 48 43 34 64 84 19 71 11 58 25 29 93 0 18 78 59 12 67 34 8 7 5 63 1 22 21 38 51 59 82 79 7 47 13 62 50 52 28 60 15 22 
58 7 82 42 57 40 41 22 84 78 55 94 48 36 57 78 16 41 4 5 93 73 58 41 92 29 87 69 88 3 8 14 70 99 25 99 41 32 48 96 31 70 50 59 23 89 26 84 87 38 92 16 68 40 44 47 91 76 12 54 54 78 92 48 54 87 69 84 65 73 46 70 69 74 5 7 73 18 0 88 54 14 75 35 50 71 24 54 52 13 71 11 99 5 97 12 75 38 32 44 95 38 87 1 39 26 
84 78 29 58 79 29 8 75 40 63 5 69 69 17 34 69 98 53 24 8 26 13 53 92 88 64 33 83 66 61 3 98 68 54 41 1 78 70 6 50 40 16 79 46 27 51 36 59 86 77 37 76 12 7 47 58 80 60 73 86 23 35 99 62 89 26 62 41 34 7 60 83 45 78 10 30 35 78 88 0 23 45 94 47 86 14 32 47 82 67 37 53 35 32 14 48 19 26 64 87 6 24 20 31 5 8 
39 57 23 89 88 55 8 22 99 49 44 39 44 88 44 31 42 24 13 55 68 47 53 77 60 82 92 69 96 60 97 83 9 70 93 39 44 96 60 32 6 47 12 83 16 75 80 21 29 71 46 94 45 9 54 80 66 35 42 44 14 40 99 58 62 20 31 14 60 88 61 16 99 39 26 98 60 59 54 23 0 52 99 67 65 28 96 56 1 44 44 91 63 65 5 7 25 24 28 31 69 26 94 51 68 3 
9 60 39 94 82 30 34 34 16 1 12 61 92 91 76 53 36 19 78 60 2 83 33 88 47 61 73 12 89 73 21 23 73 21 73 19 84 48 12 32 34 30 1 85 82 92 63 97 14 21 67 94 45 1 75 2 14 70 24 51 49 20 37 65 76 5 73 65 36 19 13 96 82 32 37 97 15 12 14 45 52 0 99 86 57 19 13 25 38 70 65 59 1 65 14 22 38 99 15 18 91 90 23 21 51 73 
33 16 42 77 11 56 59 39 38 43 30 98 14 79 99 85 26 80 8 85 99 8 70 62 63 70 39 37 60 41 4 62 44 36 32 82 60 49 36 42 75 45 48 53 77 91 77 44 62 55 4 53 27 88 13 13 27 51 36 43 22 68 49 98 69 53 27 52 20 31 29 19 80 77 90 95 81 67 75 94 99 99 0 49 11 24 97 66 13 21 86 22 47 32 27 35 59 91 83 70 15 80 84 79 63 26 
35 25 75 83 73 91 8 38 97 40 77 10 7 88 3 37 52 52 53 99 9 30 80 3 87 84 84 58 74 16 86 82 96 39 5 37 67 11 52 40 20 20 24 14 93 41 77 85 7 16 59 57 86 43 36 40 52 98 59 14 8 32 15 24 18 71 36 74 7 7 12 22 98 60 81 3 13 34 35 47 67 86 49 0 68 18 20 55 38 1 81 62 62 4 17 54 78 25 65 20 72 63 54 5 5 72 
11 10 78 12 49 28 35 44 37 4 90 68 3 58 97 99 35 33 31 42 90 61 6 23 62 73 21 28 96 38 95 12 90 50 30 49 79 41 85 15 94 84 82 10 27 60 75 12 58 46 96 26 57 19 18 20 24 93 30 8 7 71 41 2 44 5 89 7 24 88 14 10 20 82 53 89 87 8 50 86 65 57 11 68 0 84 70 80 61 98 54 33 88 7 3 41 6 22 4 12 80 68 7 76 47 17 
24 67 71 37 20 61 5 34 99 58 33 79 68 25 91 60 23 38 27 36 28 83 34 83 40 80 25 80 92 8 36 29 77 82 36 4 86 26 74 3 38 75 91 26 50 3 71 99 46 30 73 80 81 45 12 56 94 22 15 1 78 65 46 3 29 23 95 57 97 14 61 3 50 28 70 91 64 7 71 14 28 19 24 18 84 0 64 5 20 41 38 63 59 6 80 87 75 45 11 7 33 41 9 67 96 73 
16 72 26 17 13 13 6 96 2 44 51 64 94 56 84 32 34 31 9 57 30 74 65 94 72 49 72 2 35 83 18 45 73 59 36 52 51 73 13 48 90 80 13 48 89 9 48 91 62 71 73 37 54 44 5 60 11 86 2 6 29 56 79 68 18 63 22 22 61 54 83 79 67 90 55 61 86 5 24 32 96 13 97 20 70 64 0 58 25 95 34 48 95 53 92 12 37 7 61 30 50 56 7 41 64 8 
88 54 49 31 26 18 62 42 33 54 52 21 5 50 27 36 62 41 97 14 90 47 54 99 3 53 28 13 51 39 18 3 59 13 49 49 23 88 36 36 16 45 57 65 33 76 79 47 52 15 90 5 38 94 88 58 73 76 50 14 44 60 64 84 53 60 61 60 19 62 60 79 62 40 26 70 79 63 54 47 56 25 66 55 80 5 58 0 76 27 56 32 83 96 55 78 77 7 96 91 79 58 14 84 24 21 
26 70 51 85 78 72 51 72 31 44 43 36 29 53 27 33 79 51 85 12 78 87 54 48 60 93 38 2 52 48 56 4 69 76 31 4 38 23 17 51 13 99 82 89 26 72 32 38 94 14 17 83 47 6 27 67 52 44 95 9 85 57 1 5 49 41 33 31 97 41 88 7 51 9 42 1 3 1 52 82 1 38 13 38 61 20 25 76 0 66 91 85 55 67 84 88 38 17 8 81 69 16 16 83 21 48 
72 37 63 58 17 92 77 70 8 75 24 56 36 25 53 51 8 74 82 53 11 85 54 30 26 93 96 9 83 61 44 11 59 54 48 89 14 50 10 33 98 13 29 40 99 30 34 89 7 77 86 95 12 3 66 89 30 4 40 39 71 27 55 9 92 70 91 46 63 39 84 97 26 4 19 87 10 22 13 67 44 70 21 1 98 41 95 27 66 0 21 59 10 97 56 60 89 8 26 10 11 37 40 21 83 76 
93 22 45 36 5 8 46 71 51 99 90 29 83 16 56 52 33 69 74 67 62 98 13 96 58 97 83 90 83 61 53 32 82 25 1 58 16 56 85 33 65 87 36 86 53 96 44 41 58 82 75 12 65 63 17 58 20 85 28 67 98 90 21 78 95 71 87 69 10 17 3 60 41 15 12 15 76 21 71 37 44 65 86 81 54 38 34 56 91 21 0 29 99 41 86 84 6 11 49 61 68 60 34 22 77 84 
75 41 55 42 89 84 97 24 51 98 44 46 78 68 8 6 4 81 40 22 17 48 81 99 33 58 17 64 52 49 96 92 64 96 80 17 85 89 59 42 1 78 81 22 61 11 10 7 41 48 33 43 57 37 76 54 3 7 58 60 29 78 85 15 60 24 19 58 24 48 34 37 25 99 81 69 31 38 11 53 91 59 22 62 33 63 48 32 85 59 29 0 7 22 15 42 66 79 69 39 92 54 81 95 13 90 
63 78 1 82 28 57 22 87 33 76 89 93 47 74 63 34 68 16 57 82 80 89 97 81 31 95 55 91 92 83 26 97 93 23 8 88 47 4 49 43 70 50 9 46 78 73 57 45 8 44 63 23 84 95 26 56 37 2 20 98 74 31 24 14 22 77 10 20 41 39 92 26 56 10 4 74 33 51 99 35 63 1 47 62 88 59 95 83 55 10 99 7 0 78 61 58 52 15 68 49 55 10 23 34 99 57 
47 92 87 3 51 52 93 40 44 60 96 57 79 47 32 1 96 64 61 95 75 74 34 2 53 40 97 16 25 9 90 30 53 34 53 64 39 29 22 96 51 32 17 45 6 64 87 31 5 76 7 85 23 60 64 3 23 66 33 67 90 53 56 99 87 32 30 83 77 98 10 6 3 76 2 16 20 59 5 32 65 65 32 4 7 6 53 96 67 97 41 22 78 0 81 15 32 20 43 32 74 28 62 15 54 41 
33 50 17 86 69 33 72 32 42 67 29 52 7 21 80 10 58 65 26 35 77 77 52 76 92 91 53 86 56 86 30 56 38 25 10 87 90 25 48 17 48 54 7 89 47 14 47 59 93 63 74 29 57 84 25 34 57 97 12 6 7 89 60 7 72 59 75 32 98 1 3 62 87 79 18 87 68 82 97 14 5 14 27 17 3 80 92 55 84 56 86 15 61 81 0 91 44 12 74 73 32 52 59 16 49 4 
89 48 20 94 4 77 93 38 70 75 65 5 92 67 93 32 97 92 66 62 98 88 56 2 42 79 74 81 69 69 52 30 48 31 25 22 55 21 72 84 19 88 22 84 65 36 38 34 8 26 38 57 77 20 17 45 99 19 52 26 54 32 41 96 93 28 31 71 7 66 77 9 6 82 51 90 77 79 12 48 7 22 35 54 41 87 12 78 88 60 84 42 58 15 91 0 26 65 29 69 60 60 84 78 5 70 
24 78 10 37 59 63 26 39 2 92 87 80 81 95 77 36 47 21 96 92 1 46 81 53 79 62 6 85 66 40 68 34 52 88 52 34 28 66 57 29 69 93 35 69 11 62 37 66 19 26 3 33 75 24 80 54 95 54 88 89 14 84 38 69 10 73 59 61 80 49 44 7 10 65 91 45 31 7 75 19 25 38 59 78 6 75 37 77 38 89 6 66 52 32 44 26 0 67 74 44 88 84 74 79 63 5 
56 41 93 47 13 52 98 57 98 6 59 76 21 13 47 89 90 55 28 86 31 37 55 93 58 58 67 28 38 64 48 42 24 1 86 95 30 88 52 32 68 79 48 68 98 28 11 22 52 73 46 59 72 31 85 38 59 8 86 7 73 44 3 98 11 31 40 76 35 70 82 21 95 74 19 68 71 47 38 26 24 99 91 25 22 45 7 7 17 8 11 79 15 20 12 65 67 0 73 41 98 13 19 55 36 20 
66 79 52 81 3 97 2 88 52 27 89 32 24 26 88 61 22 24 19 61 4 88 13 65 46 6 81 94 58 55 21 66 71 88 92 32 49 10 68 92 67 3 46 71 2 6 51 90 73 43 14 87 37 18 57 63 22 71 65 16 55 1 35 87 21 19 95 34 81 32 18 57 81 84 46 16 9 13 32 64 28 15 83 65 4 11 61 96 8 26 49 69 68 43 74 29 74 73 0 32 10 71 30 33 86 95 
78 46 11 28 77 31 14 29 31 68 52 77 64 1 71 39 93 7 87 93 82 40 86 76 86 77 95 8 98 14 72 50 1 36 76 69 16 12 4 12 75 70 43 36 57 49 78 58 3 62 42 69 51 99 20 74 35 47 77 75 90 52 70 29 84 57 26 18 7 66 89 14 26 16 45 51 18 62 44 87 31 18 70 20 12 7 30 91 81 10 61 39 49 32 73 69 44 41 32 0 87 85 84 12 85 97 
4 88 69 73 97 23 39 37 83 32 23 53 72 98 70 12 85 25 2 99 65 38 11 79 26 26 51 15 88 62 80 26 24 46 15 39 74 22 93 39 70 97 26 35 73 37 20 1 83 45 34 67 32 40 34 61 40 26 61 60 51 11 44 74 16 45 74 79 33 1 54 94 54 65 49 35 75 50 95 6 69 91 15 72 80 33 50 79 69 11 68 92 55 74 32 60 88 98 10 87 0 96 83 29 90 37 
1 17 24 29 97 6 86 67 50 12 11 39 7 99 56 45 59 1 35 92 39 7 82 63 74 80 3 76 45 41 9 86 23 64 82 72 30 59 51 88 56 23 36 25 92 83 46 78 47 45 4 23 24 56 66 70 55 35 9 20 49 73 91 35 47 37 74 97 13 76 51 4 72 53 21 53 67 52 38 24 26 90 80 63 68 41 56 58 16 37 60 54 10 28 52 60 84 13 71 85 96 0 18 96 22 11 
78 29 15 3 62 92 28 11 82 4 32 84 22 78 93 44 65 49 3 75 68 44 79 77 75 94 90 13 58 74 24 49 88 9 62 70 52 88 54 17 66 43 76 62 57 68 35 68 19 54 5 3 29 24 30 73 29 56 40 51 39 40 41 84 39 60 54 1 71 77 76 79 66 48 92 15 49 28 87 20 94 23 84 54 7 9 7 14 16 40 34 81 23 62 59 84 74 19 30 84 83 18 0 80 62 40 
7 46 64 14 16 96 39 85 83 55 10 81 65 12 99 8 41 81 18 9 31 59 72 49 7 38 33 62 42 75 61 54 60 42 41 54 50 95 88 57 82 3 27 88 22 7 36 16 87 33 31 74 1 17 39 87 12 72 85 23 58 77 84 59 20 89 76 83 96 20 7 6 56 27 17 71 66 60 1 31 51 21 79 5 76 67 41 84 83 21 22 95 34 15 16 78 79 55 33 12 29 96 80 0 89 91 
53 68 22 42 75 23 85 1 96 2 7 75 51 91 88 63 79 29 86 76 22 2 85 37 3 45 8 21 33 69 57 49 9 15 13 13 89 65 80 10 51 21 54 74 87 39 8 71 30 29 66 2 40 10 84 83 60 64 98 3 35 14 61 49 61 57 78 42 52 85 37 82 64 54 36 31 17 15 39 5 68 51 63 5 47 96 64 24 21 83 77 13 99 54 49 5 63 36 86 85 90 22 62 89 0 72 
86 67 47 37 13 77 34 17 72 14 31 71 91 25 86 57 79 89 12 82 27 84 30 50 31 61 90 38 28 25 10 1 3 63 28 97 65 79 93 65 49 57 88 21 38 19 72 4 36 6 70 34 62 92 54 13 3 95 19 76 69 70 46 10 7 84 61 68 46 83 95 91 8 17 30 29 33 22 26 8 3 73 26 72 17 73 8 21 48 76 84 90 57 41 4 70 5 20 95 97 37 11 40 91 72 0 
