108
0 38 13 73 10 76 6 80 65 17 2 77 72 7 26 51 21 19 85 12 29 30 15 51 69 88 88 95 97 87 14 10 8 64 62 23 58 2 1 61 82 9 89 14 48 73 31 72 4 71 22 50 58 4 69 25 44 77 27 53 81 42 83 16 65 69 26 99 88 8 27 26 23 10 68 24 28 38 58 84 39 9 33 35 11 24 16 88 26 72 93 75 63 47 33 89 24 56 66 78 4 1 78 7 53 86 71 3 
38 0 77 92 22 76 8 78 73 76 77 44 21 31 37 8 46 69 58 83 97 14 11 24 82 8 25 75 93 21 33 13 66 95 61 25 83 98 3 93 99 11 55 97 83 87 71 67 72 49 55 16 6 18 43 21 49 23 14 98 54 85 11 97 56 62 57 90 22 97 84 26 15 14 85 44 7 78 57 60 16 25 10 67 72 54 70 37 22 41 78 92 50 48 78 41 79 46 88 17 29 46 68 67 79 47 1 30 
13 77 0 64 76 36 54 94 34 3 85 84 49 55 33 29 56 83 32 29 95 75 9 33 9 85 78 51 80 42 65 84 25 21 45 16 31 92 15 20 27 87 8 54 48 61 35 33 20 68 25 84 95 39 48 6 80 64 88 33 43 75 67 89 99 31 18 69 65 61 79 18 40 36 82 29 23 39 42 75 78 71 26 49 51 63 45 55 1 87 17 20 10 93 52 11 69 24 15 64 22 47 4 57 89 81 47 55 
73 92 64 0 80 72 15 78 16 26 54 85 59 86 30 45 38 23 92 55 77 13 60 27 77 72 88 40 44 77 39 92 70 99 34 44 27 57 70 74 53 90 28 44 2 83 95 97 27 85 31 65 23 99 53 4 71 13 40 84 49 62 71 14 37 24 23 67 93 96 54 10 42 58 89 94 77 83 12 37 17 31 85 58 36 42 82 3 86 94 37 47 81 28 73 29 3 14 42 37 41 19 98 39 64 47 90 3 
10 22 76 80 0 99 29 79 76 59 43 27 22 59 17 93 38 12 23 7 97 15 88 76 36 64 33 92 50 1 23 98 71 37 19 28 29 53 95 51 47 8 86 17 30 12 62 15 31 9 41 49 31 24 67 93 65 13 18 34 11 29 76 6 82 6 43 87 53 58 57 79 88 82 11 73 49 20 13 26 78 17 5 89 28 51 69 4 59 13 3 77 97 97 62 16 75 13 19 31 60 6 17 96 97 61 44 32 
76 76 36 72 99 0 45 25 63 80 22 20 78 34 5 40 68 35 35 43 79 83 39 49 82 6 92 9 41 70 6 8 79 38 79 34 28 52 78 31 44 47 10 68 4 68 55 98 64 81 29 38 65 38 94 19 79 71 93 53 11 33 47 64 94 19 37 30 40 29 55 30 56 91 28 61 13 18 72 92 8 84 57 52 33 77 63 52 97 31 23 6 92 96 23 77 23 19 94 30 19 53 32 50 99 84 94 46 
6 8 54 15 29 45 0 52 87 16 72 49 29 84 28 44 20 80 71 89 87 12 66 94 16 52 99 87 46 64 43 23 83 41 45 17 18 89 1 98 83 72 15 37 27 33 2 49 89 23 35 95 22 69 68 49 19 98 12 12 53 77 69 46 65 90 41 8 8 34 59 8 35 5 6 62 51 77 46 97 22 93 72 93 26 98 2 14 39 86 28 39 85 34 2 32 39 29 76 32 52 67 68 33 75 33 98 6 
80 78 94 78 79 25 52 0 1 38 73 44 25 17 97 97 42 25 22 28 47 36 63 69 63 33 46 89 43 58 26 33 34 7 66 52 32 8 14 4 29 16 30 67 62 84 97 59 83 35 31 58 97 50 47 84 42 21 41 51 5 10 1 91 22 75 22 34 39 38 44 34 96 42 72 70 71 24 87 40 32 38 39 57 88 29 37 67 11 85 1 17 31 4 79 60 54 70 50 75 47 28 34 73 69 40 33 98 
65 73 34 16 76 63 87 1 0 8 34 63 15 78 44 62 86 37 13 54 27 83 13 26 2 42 56 56 65 16 93 41 61 71 50 51 33 91 21 53 39 66 81 58 53 90 20 95 65 43 48 22 98 2 90 39 13 19 78 78 89 91 84 40 99 16 38 97 37 99 2 33 31 8 51 51 33 44 42 70 2 98 52 31 83 50 82 83 96 72 22 19 47 45 92 10 5 78 64 24 96 60 65 83 32 2 85 79 
17 76 3 26 59 80 16 38 8 0 69 55 26 84 28 57 93 9 56 77 47 50 12 9 62 75 24 89 90 83 83 6 43 47 22 52 74 43 14 19 24 46 96 53 34 55 15 58 62 41 73 66 23 3 87 2 73 52 72 88 78 63 49 1 43 40 4 58 44 54 44 75 99 98 76 60 67 75 92 6 27 68 32 12 4 55 2 14 60 57 82 9 39 5 71 77 74 6 80 85 60 32 91 8 67 33 47 76 
2 77 85 54 43 22 72 73 34 69 0 83 45 65 38 48 74 91 85 16 66 53 70 67 90 29 20 18 6 80 11 30 18 82 47 8 18 87 62 65 8 30 56 29 44 99 56 6 51 93 64 53 35 99 84 78 38 90 55 5 44 12 30 77 90 33 51 52 43 24 90 44 89 96 29 65 87 59 89 52 23 11 32 10 7 31 68 19 13 74 75 92 66 86 54 43 7 10 37 88 60 9 54 88 19 22 68 15 
77 44 84 85 27 20 49 44 63 55 83 0 21 86 10 43 67 21 17 59 78 43 36 76 29 86 35 45 93 83 9 31 65 78 19 39 12 57 53 84 77 69 26 70 32 60 63 30 67 33 72 61 94 73 28 98 94 69 39 61 98 10 68 79 64 21 36 56 29 46 93 57 52 5 80 76 32 77 53 39 84 81 75 71 27 58 31 65 39 19 96 42 96 58 49 43 53 23 65 71 62 61 97 28 1 27 51 21 
72 21 49 59 22 78 29 25 15 26 45 21 0 27 66 78 19 61 83 60 63 39 24 69 70 62 88 67 20 37 18 22 78 27 33 9 9 21 69 83 55 86 94 75 90 24 95 91 14 12 43 11 89 25 48 69 44 92 14 7 3 68 94 5 29 36 83 78 47 79 7 92 81 21 24 64 72 7 22 65 51 91 10 93 68 86 34 72 9 52 34 62 8 60 42 28 52 41 72 46 95 10 89 47 59 22 55 1 
7 31 55 86 59 34 84 17 78 84 65 86 27 0 20 20 86 28 98 22 95 19 68 36 96 30 23 57 11 43 73 32 13 83 8 88 9 62 24 35 95 4 56 69 16 25 95 63 27 99 48 88 36 17 88 91 79 88 58 25 56 50 53 25 16 68 74 47 21 67 95 13 26 1 98 99 78 12 91 25 55 48 78 41 60 96 80 90 32 57 34 39 93 21 15 10 68 82 80 4 48 71 43 6 21 58 60 55 
26 37 33 30 17 5 28 97 44 28 38 10 66 20 0 78 25 59 80 37 81 59 52 64 74 84 89 83 56 79 71 28 24 54 70 69 24 47 40 67 78 27 25 18 88 2 46 59 22 18 57 34 44 76 99 3 97 91 84 27 27 53 56 8 63 32 80 93 77 47 88 71 70 56 93 99 88 86 75 16 15 57 88 2 85 76 77 91 19 63 46 66 53 29 88 39 21 98 52 60 95 65 15 98 53 45 17 65 
51 8 29 45 93 40 44 97 62 57 48 43 78 20 78 0 31 83 11 46 89 79 60 98 43 65 6 91 77 56 43 21 89 69 19 93 50 84 16 18 62 8 65 56 3 91 5 17 78 69 31 53 85 37 99 60 32 36 33 51 52 6 34 1 10 32 36 89 61 39 12 45 44 8 63 57 97 94 53 25 44 52 11 95 50 19 11 62 40 7 8 80 13 1 4 52 16 68 82 60 67 16 62 65 20 45 88 62 
21 46 56 38 38 68 20 42 86 93 74 67 19 86 25 31 0 22 1 64 95 85 2 85 61 77 23 15 25 47 33 81 71 55 25 78 90 36 58 32 40 15 94 49 14 20 16 98 42 36 26 52 35 23 34 62 79 8 33 4 68 96 58 97 47 90 22 93 85 59 65 41 79 79 63 63 48 28 72 43 15 94 52 19 79 11 36 50 94 80 90 5 6 87 30 54 81 73 30 39 79 55 43 65 69 45 85 74 
19 69 83 23 12 35 80 25 37 9 91 21 61 28 59 83 22 0 51 81 51 36 73 16 40 3 36 98 80 16 16 95 67 35 84 94 19 75 19 26 18 50 38 21 41 53 24 19 80 52 33 38 31 41 51 74 69 81 16 64 65 92 21 55 24 7 25 1 49 81 29 89 2 74 22 1 77 33 41 82 84 31 88 54 34 83 23 4 35 50 89 71 38 34 13 38 80 66 7 80 93 4 33 86 45 30 47 68 
85 58 32 92 23 35 71 22 13 56 85 17 83 98 80 11 1 51 0 67 29 58 85 44 95 94 21 53 32 26 64 53 60 18 23 55 14 31 24 51 22 72 4 24 13 78 8 53 31 27 9 97 85 82 74 40 57 61 26 66 96 28 19 87 2 35 3 18 86 12 94 54 60 83 12 84 4 84 1 94 86 52 92 33 87 85 82 6 12 70 10 47 75 94 33 39 43 64 24 41 64 64 32 19 41 6 93 80 
12 83 29 55 7 43 89 28 54 77 16 59 60 22 37 46 64 81 67 0 83 75 41 26 69 50 83 87 47 14 22 81 82 95 50 52 15 31 11 86 5 8 55 60 85 99 42 36 57 14 12 53 67 22 82 95 35 62 92 86 61 93 99 92 75 9 76 82 28 26 87 37 15 4 93 85 73 44 9 56 18 61 33 99 84 28 96 53 51 81 92 80 27 38 25 57 41 53 39 20 45 21 64 22 66 69 93 19 
29 97 95 77 97 79 87 47 27 47 66 78 63 95 81 89 95 51 29 83 0 69 17 79 60 57 45 36 40 62 33 68 54 63 76 9 35 34 93 26 68 2 99 9 90 28 30 90 78 11 62 17 80 75 77 98 1 31 4 82 65 39 68 31 22 27 96 11 70 34 37 10 1 56 70 11 4 40 78 38 17 26 47 8 44 1 57 15 56 56 53 79 98 54 61 1 15 61 67 96 40 72 8 17 67 62 70 51 
30 14 75 13 15 83 12 36 83 50 53 43 39 19 59 79 85 36 58 75 69 0 59 80 15 78 13 12 80 96 35 7 70 86 45 71 73 13 47 83 8 30 61 83 74 47 87 85 98 48 89 74 77 88 46 37 88 40 38 7 44 59 2 84 30 49 56 46 9 35 30 1 80 20 5 72 2 9 27 41 90 33 71 97 8 39 82 30 4 75 51 92 17 50 43 71 9 32 26 35 55 98 97 71 6 64 95 25 
15 11 9 60 88 39 66 63 13 12 70 36 24 68 52 60 2 73 85 41 17 59 0 47 21 23 1 70 23 28 26 65 46 39 58 53 53 33 70 80 6 34 65 54 54 54 13 81 97 34 52 56 81 55 13 86 11 82 79 72 85 30 13 64 8 71 83 64 65 45 70 76 89 35 15 60 89 34 25 4 42 31 23 54 97 92 92 83 98 37 7 39 99 32 63 48 63 35 72 43 21 91 51 23 3 64 1 93 
51 24 33 27 76 49 94 69 26 9 67 76 69 36 64 98 85 16 44 26 79 80 47 0 6 73 53 10 95 98 12 99 41 92 77 88 62 3 23 83 94 99 48 30 96 99 81 2 76 2 53 93 65 76 79 63 77 49 37 50 15 74 22 33 72 1 47 25 81 38 17 53 69 93 91 8 61 10 35 64 67 69 14 67 92 1 35 71 17 38 18 39 83 15 38 63 1 34 50 78 32 58 59 74 77 29 77 54 
69 82 9 77 36 82 16 63 2 62 90 29 70 96 74 43 61 40 95 69 60 15 21 6 0 59 32 95 14 39 92 88 60 47 63 87 62 40 72 3 60 26 58 33 31 53 92 42 79 58 46 86 26 74 75 7 3 31 78 79 92 97 43 19 84 90 89 57 43 5 12 25 23 7 5 80 29 54 31 22 28 6 36 73 83 49 52 95 25 77 41 86 29 41 48 24 29 85 90 38 6 24 69 21 14 57 30 29 
88 8 85 72 64 6 52 33 42 75 29 86 62 30 84 65 77 3 94 50 57 78 23 73 59 0 92 55 29 64 82 61 70 84 73 80 49 53 93 93 97 58 95 40 91 79 62 58 6 77 26 80 94 38 45 61 16 93 42 64 8 3 47 76 53 67 26 38 4 26 85 65 1 53 82 47 85 18 55 36 79 61 51 47 24 66 1 33 13 91 76 26 56 70 6 15 88 3 92 65 99 88 59 25 46 15 78 87 
88 25 78 88 33 92 99 46 56 24 20 35 88 23 89 6 23 36 21 83 45 13 1 53 32 92 0 33 92 73 39 84 21 25 72 28 38 96 83 17 55 97 53 74 6 67 81 95 51 3 90 33 8 90 86 37 67 74 12 36 43 40 53 94 85 21 74 8 53 70 58 63 90 84 17 29 46 83 82 69 68 62 84 70 39 75 64 73 13 35 25 84 35 23 90 41 88 76 78 39 76 22 16 56 69 83 69 12 
95 75 51 40 92 9 87 89 56 89 18 45 67 57 83 91 15 98 53 87 36 12 70 10 95 55 33 0 37 58 28 80 2 13 2 9 90 64 91 16 86 81 85 28 94 8 15 76 13 62 21 38 63 67 34 58 75 73 6 1 3 5 65 58 36 31 5 76 81 15 3 53 55 16 97 89 1 60 63 2 92 68 82 42 84 45 98 7 88 57 50 48 73 60 94 83 81 99 93 39 11 88 66 96 89 60 74 96 
97 93 80 44 50 41 46 43 65 90 6 93 20 11 56 77 25 80 32 47 40 80 23 95 14 29 92 37 0 92 35 51 52 83 83 52 92 25 56 69 66 38 58 98 88 45 58 42 33 28 56 64 81 92 77 57 27 63 54 93 23 39 21 59 44 20 46 76 38 85 35 88 59 2 41 86 38 59 8 25 25 84 42 95 28 33 15 26 14 79 37 25 4 57 94 32 29 77 3 61 60 73 41 16 38 8 83 39 
87 21 42 77 1 70 64 58 16 83 80 83 37 43 79 56 47 16 26 14 62 96 28 98 39 64 73 58 92 0 48 61 61 49 83 9 86 69 40 64 55 14 62 41 74 75 69 25 26 34 19 79 47 79 8 78 9 39 50 15 18 46 58 78 88 27 32 59 24 38 43 94 90 82 97 27 47 19 25 40 76 40 7 69 40 47 22 68 74 25 72 33 13 87 66 8 3 97 21 4 86 95 36 18 18 56 44 53 
14 33 65 39 23 6 43 26 93 83 11 9 18 73 71 43 33 16 64 22 33 35 26 12 92 82 39 28 35 48 0 96 26 90 30 52 68 48 21 72 80 9 24 61 57 10 47 61 66 63 22 14 23 28 26 18 33 94 15 86 53 26 61 84 69 90 25 58 64 13 19 27 78 26 1 23 15 75 40 76 20 10 72 54 67 28 89 3 72 86 20 15 14 98 83 23 62 82 12 29 45 3 4 11 32 92 97 30 
10 13 84 92 98 8 23 33 41 6 30 31 22 32 28 21 81 95 53 81 68 7 65 99 88 61 84 80 51 61 96 0 56 30 34 42 66 50 26 86 49 54 49 1 39 8 22 6 16 78 81 64 98 31 33 73 45 41 68 25 79 68 51 49 36 53 32 2 65 32 19 67 16 44 40 21 2 1 46 83 30 27 8 53 4 22 84 80 63 70 68 9 73 44 96 90 77 73 59 69 59 82 64 93 53 38 48 52 
8 66 25 70 71 79 83 34 61 43 18 65 78 13 24 89 71 67 60 82 54 70 46 41 60 70 21 2 52 61 26 56 0 24 71 1 24 23 88 60 9 3 19 4 15 80 68 35 82 65 45 43 35 79 45 61 68 43 23 42 69 42 40 81 43 68 99 14 26 39 76 6 93 23 40 74 15 48 72 2 34 71 61 20 16 98 99 54 70 21 36 39 50 82 59 13 76 54 25 96 23 34 25 31 88 1 88 36 
64 95 21 99 37 38 41 7 71 47 82 78 27 83 54 69 55 35 18 95 63 86 39 92 47 84 25 13 83 49 90 30 24 0 46 64 9 42 15 63 11 30 31 38 98 40 11 68 55 78 46 74 69 24 82 65 82 82 33 94 15 31 39 97 88 1 38 67 43 62 19 1 46 83 95 72 71 97 54 1 43 41 40 25 41 93 73 32 5 30 36 36 49 31 48 1 80 8 53 10 25 52 86 92 76 15 82 62 
62 61 45 34 19 79 45 66 50 22 47 19 33 8 70 19 25 84 23 50 76 45 58 77 63 73 72 2 83 83 30 34 71 46 0 41 13 28 45 1 55 65 17 91 18 60 91 96 38 73 84 82 40 44 71 91 24 31 74 64 91 49 45 95 17 60 91 45 86 49 18 52 49 7 77 67 87 36 45 79 99 1 39 19 82 37 49 4 52 49 4 89 58 17 88 64 87 22 34 95 32 69 39 72 70 54 13 97 
23 25 16 44 28 34 17 52 51 52 8 39 9 88 69 93 78 94 55 52 9 71 53 88 87 80 28 9 52 9 52 42 1 64 41 0 47 41 18 94 79 62 36 59 32 31 49 31 97 97 21 7 75 36 37 74 39 72 57 72 68 50 62 83 99 84 86 88 48 1 66 22 22 40 77 61 3 41 78 44 84 60 67 79 86 51 23 38 14 16 85 47 39 90 55 28 30 49 16 74 30 52 50 89 65 14 53 95 
58 83 31 27 29 28 18 32 33 74 18 12 9 9 24 50 90 19 14 15 35 73 53 62 62 49 38 90 92 86 68 66 24 9 13 47 0 60 35 4 65 81 93 58 1 10 91 39 18 14 43 53 10 39 26 58 82 52 70 54 90 70 30 91 63 77 21 56 89 96 2 63 55 11 32 70 96 48 49 11 41 26 73 88 23 50 56 89 4 29 25 21 66 88 10 12 22 59 88 95 65 79 88 72 87 83 1 43 
2 98 92 57 53 52 89 8 91 43 87 57 21 62 47 84 36 75 31 31 34 13 33 3 40 53 96 64 25 69 48 50 23 42 28 41 60 0 35 67 58 93 7 71 3 13 91 5 1 35 77 9 24 62 28 16 12 86 54 91 48 61 89 30 84 51 70 39 84 75 96 48 6 60 12 36 52 85 74 13 36 17 10 85 59 49 22 48 72 57 52 68 4 93 51 54 88 80 93 40 81 83 83 3 31 86 48 66 
1 3 15 70 95 78 1 14 21 14 62 53 69 24 40 16 58 19 24 11 93 47 70 23 72 93 83 91 56 40 21 26 88 15 45 18 35 35 0 42 57 42 80 45 95 80 87 34 55 16 28 38 6 65 35 43 88 45 91 43 45 53 89 58 81 3 65 74 96 50 32 32 42 40 15 3 48 36 51 33 33 42 43 96 17 84 29 32 92 12 39 88 17 57 10 65 84 27 3 39 86 31 87 54 32 31 37 16 
61 93 20 74 51 31 98 4 53 19 65 84 83 35 67 18 32 26 51 86 26 83 80 83 3 93 17 16 69 64 72 86 60 63 1 94 4 67 42 0 22 93 48 74 45 5 67 44 19 60 91 30 78 10 24 91 9 92 15 88 48 73 38 42 90 31 40 6 34 75 20 94 38 90 16 13 98 65 1 70 51 48 19 69 68 67 75 70 56 66 82 51 49 5 51 57 79 39 11 95 25 40 59 56 1 39 94 86 
82 99 27 53 47 44 83 29 39 24 8 77 55 95 78 62 40 18 22 5 68 8 6 94 60 97 55 86 66 55 80 49 9 11 55 79 65 58 57 22 0 96 71 74 56 16 97 50 56 7 33 30 94 79 20 29 79 42 93 25 90 11 70 16 47 30 45 20 84 75 80 45 99 13 87 78 50 32 54 88 93 79 3 70 97 23 43 3 21 57 40 38 27 22 4 63 29 10 55 2 29 7 45 68 33 30 70 13 
9 11 87 90 8 47 72 16 66 46 30 69 86 4 27 8 15 50 72 8 2 30 34 99 26 58 97 81 38 14 9 54 3 30 65 62 81 93 42 93 96 0 91 16 75 93 17 24 16 12 5 72 95 25 81 38 64 61 82 50 79 12 1 48 24 82 91 13 57 82 29 36 81 9 17 7 22 35 48 46 43 26 36 76 27 54 88 75 67 78 61 53 50 37 61 96 48 70 35 62 33 48 19 92 92 74 82 13 
89 55 8 28 86 10 15 30 81 96 56 26 94 56 25 65 94 38 4 55 99 61 65 48 58 95 53 85 58 62 24 49 19 31 17 36 93 7 80 48 71 91 0 42 58 71 3 35 81 67 88 72 15 27 40 91 59 46 83 85 53 14 10 26 48 65 89 40 86 22 46 45 89 84 69 68 71 36 35 25 62 88 74 21 77 73 59 56 16 83 42 64 28 97 83 90 72 74 97 61 90 80 89 23 35 56 8 38 
14 97 54 44 17 68 37 67 58 53 29 70 75 69 18 56 49 21 24 60 9 83 54 30 33 40 74 28 98 41 61 1 4 38 91 59 58 71 45 74 74 16 42 0 99 1 76 74 64 58 65 40 15 23 27 16 82 77 93 27 50 89 33 26 99 53 61 78 6 47 65 11 98 2 57 73 92 57 22 87 38 73 75 93 15 15 50 89 46 87 31 84 78 72 59 63 43 19 59 76 13 29 46 50 95 23 77 57 
48 83 48 2 30 4 27 62 53 34 44 32 90 16 88 3 14 41 13 85 90 74 54 96 31 91 6 94 88 74 57 39 15 98 18 32 1 3 95 45 56 75 58 99 0 90 39 87 12 20 89 51 75 92 91 41 60 3 9 76 72 30 96 11 73 64 14 36 62 28 6 49 37 83 68 7 39 19 72 54 16 53 47 98 75 54 4 25 44 26 27 2 7 19 35 32 97 81 99 44 52 37 83 9 3 20 63 95 
73 87 61 83 12 68 33 84 90 55 99 60 24 25 2 91 20 53 78 99 28 47 54 99 53 79 67 8 45 75 10 8 80 40 60 31 10 13 80 5 16 93 71 1 90 0 76 26 36 80 63 77 77 75 71 48 79 32 34 44 10 57 87 47 38 37 11 51 78 20 46 35 36 8 72 2 4 47 62 7 4 9 37 85 49 82 15 16 49 44 44 58 86 68 47 51 3 1 82 59 19 46 66 28 97 84 59 21 
31 71 35 95 62 55 2 97 20 15 56 63 95 95 46 5 16 24 8 42 30 87 13 81 92 62 81 15 58 69 47 22 68 11 91 49 91 91 87 67 97 17 3 76 39 76 0 97 44 85 12 99 91 47 38 89 41 7 45 31 59 34 66 22 90 58 1 78 68 16 71 4 48 43 2 82 48 17 69 22 62 30 45 97 67 35 89 87 78 98 39 11 22 17 79 8 54 54 68 78 13 87 86 29 14 62 7 58 
72 67 33 97 15 98 49 59 95 58 6 30 91 63 59 17 98 19 53 36 90 85 81 2 42 58 95 76 42 25 61 6 35 68 96 31 39 5 34 44 50 24 35 74 87 26 97 0 46 62 52 94 7 58 41 8 5 93 8 19 52 73 3 83 47 19 87 30 36 12 53 77 38 79 70 25 70 30 78 25 43 11 66 86 54 21 14 27 7 32 84 50 66 55 1 51 82 38 77 71 21 55 16 46 30 71 15 14 
4 72 20 27 31 64 89 83 65 62 51 67 14 27 22 78 42 80 31 57 78 98 97 76 79 6 51 13 33 26 66 16 82 55 38 97 18 1 55 19 56 16 81 64 12 36 44 46 0 77 82 48 44 76 63 26 26 73 43 62 45 45 54 33 29 6 21 62 8 52 98 51 84 22 10 78 12 68 36 38 42 10 16 94 86 77 30 53 26 87 38 16 23 92 37 46 67 4 59 96 73 73 90 17 86 75 33 63 
71 49 68 85 9 81 23 35 43 41 93 33 12 99 18 69 36 52 27 14 11 48 34 2 58 77 3 62 28 34 63 78 65 78 73 97 14 35 16 60 7 12 67 58 20 80 85 62 77 0 7 74 38 3 46 14 42 34 4 5 31 66 70 89 75 37 66 57 78 71 17 43 98 58 94 6 90 88 30 96 70 87 42 82 52 47 59 40 84 16 76 94 94 53 57 26 80 37 5 83 95 12 43 23 85 29 57 33 
22 55 25 31 41 29 35 31 48 73 64 72 43 48 57 31 26 33 9 12 62 89 52 53 46 26 90 21 56 19 22 81 45 46 84 21 43 77 28 91 33 5 88 65 89 63 12 52 82 7 0 59 87 69 67 23 3 74 2 34 81 8 64 70 6 43 16 36 47 82 24 21 5 24 26 47 32 26 19 12 54 46 7 21 6 68 12 45 45 27 86 57 81 54 38 47 12 65 57 84 23 57 77 75 72 37 51 32 
50 16 84 65 49 38 95 58 22 66 53 61 11 88 34 53 52 38 97 53 17 74 56 93 86 80 33 38 64 79 14 64 43 74 82 7 53 9 38 30 30 72 72 40 51 77 99 94 48 74 59 0 24 29 1 40 62 33 67 59 47 80 38 54 91 89 34 35 26 79 20 84 53 76 85 64 97 80 99 42 39 40 7 9 1 88 43 19 45 44 94 6 3 63 37 95 60 84 20 24 31 18 99 40 56 24 17 10 
58 6 95 23 31 65 22 97 98 23 35 94 89 36 44 85 35 31 85 67 80 77 81 65 26 94 8 63 81 47 23 98 35 69 40 75 10 24 6 78 94 95 15 15 75 77 91 7 44 38 87 24 0 92 31 49 50 38 52 22 1 32 94 19 40 45 50 45 24 37 82 90 70 75 86 69 62 44 47 54 75 13 36 18 12 5 88 27 66 17 76 26 64 25 17 80 85 57 20 34 66 30 39 84 54 70 92 65 
4 18 39 99 24 38 69 50 2 3 99 73 25 17 76 37 23 41 82 22 75 88 55 76 74 38 90 67 92 79 28 31 79 24 44 36 39 62 65 10 79 25 27 23 92 75 47 58 76 3 69 29 92 0 20 55 76 70 71 94 23 82 29 98 74 58 51 21 30 33 44 92 48 47 58 80 2 13 40 20 56 60 58 67 89 58 54 56 3 34 45 54 38 63 74 61 70 73 87 83 13 49 9 84 65 27 53 18 
69 43 48 53 67 94 68 47 90 87 84 28 48 88 99 99 34 51 74 82 77 46 13 79 75 45 86 34 77 8 26 33 45 82 71 37 26 28 35 24 20 81 40 27 91 71 38 41 63 46 67 1 31 20 0 28 43 49 54 93 15 85 46 29 16 34 90 71 15 91 80 66 14 27 52 24 94 11 73 52 30 20 3 37 23 57 99 95 59 22 35 40 55 29 12 60 3 4 87 11 28 2 62 71 13 31 68 80 
25 21 6 4 93 19 49 84 39 2 78 98 69 91 3 60 62 74 40 95 98 37 86 63 7 61 37 58 57 78 18 73 61 65 91 74 58 16 43 91 29 38 91 16 41 48 89 8 26 14 23 40 49 55 28 0 62 58 8 43 4 54 90 13 75 76 60 35 70 51 98 93 22 86 76 44 4 85 7 2 66 97 19 54 8 71 47 26 35 56 72 64 95 12 13 50 80 68 55 70 82 42 32 83 34 74 10 89 
44 49 80 71 65 79 19 42 13 73 38 94 44 79 97 32 79 69 57 35 1 88 11 77 3 16 67 75 27 9 33 45 68 82 24 39 82 12 88 9 79 64 59 82 60 79 41 5 26 42 3 62 50 76 43 62 0 75 96 2 20 12 73 42 24 36 59 30 15 2 50 95 40 28 58 20 33 12 52 88 86 65 77 61 9 40 85 98 19 4 47 41 32 96 43 63 24 17 89 32 98 76 84 7 19 46 65 54 
77 23 64 13 13 71 98 21 19 52 90 69 92 88 91 36 8 81 61 62 31 40 82 49 31 93 74 73 63 39 94 41 43 82 31 72 52 86 45 92 42 61 46 77 3 32 7 93 73 34 74 33 38 70 49 58 75 0 86 44 51 43 14 8 1 6 14 9 39 67 60 98 67 6 26 89 7 16 75 60 20 51 23 3 76 76 51 42 9 48 84 28 10 71 19 79 70 62 84 36 36 57 54 23 14 49 22 8 
27 14 88 40 18 93 12 41 78 72 55 39 14 58 84 33 33 16 26 92 4 38 79 37 78 42 12 6 54 50 15 68 23 33 74 57 70 54 91 15 93 82 83 93 9 34 45 8 43 4 2 67 52 71 54 8 96 86 0 7 78 29 44 85 71 98 29 74 90 7 54 14 73 55 90 51 49 39 58 35 69 66 52 25 86 48 39 85 39 32 79 79 9 37 96 73 38 78 35 40 20 68 32 71 65 56 60 57 
53 98 33 84 34 53 12 51 78 88 5 61 7 25 27 51 4 64 66 86 82 7 72 50 79 64 36 1 93 15 86 25 42 94 64 72 54 91 43 88 25 50 85 27 76 44 31 19 62 5 34 59 22 94 93 43 2 44 7 0 27 90 78 31 53 89 32 84 44 1 52 11 73 40 77 14 70 70 50 12 13 60 14 90 32 20 26 65 87 67 19 87 92 99 99 37 49 15 41 46 79 64 1 55 21 85 24 56 
81 54 43 49 11 11 53 5 89 78 44 98 3 56 27 52 68 65 96 61 65 44 85 15 92 8 43 3 23 18 53 79 69 15 91 68 90 48 45 48 90 79 53 50 72 10 59 52 45 31 81 47 1 23 15 4 20 51 78 27 0 60 41 38 3 35 70 44 91 41 84 61 46 19 69 27 61 46 59 24 2 41 14 78 63 52 95 48 62 58 65 98 24 2 3 68 84 5 9 78 15 14 99 7 96 69 98 87 
42 85 75 62 29 33 77 10 91 63 12 10 68 50 53 6 96 92 28 93 39 59 30 74 97 3 40 5 39 46 26 68 42 31 49 50 70 61 53 73 11 12 14 89 30 57 34 73 45 66 8 80 32 82 85 54 12 43 29 90 60 0 29 74 35 84 59 49 10 15 32 25 25 23 75 26 20 97 75 62 86 8 54 89 62 76 69 18 44 29 18 53 49 92 95 60 22 87 72 93 10 11 21 84 16 47 39 20 
83 11 67 71 76 47 69 1 84 49 30 68 94 53 56 34 58 21 19 99 68 2 13 22 43 47 53 65 21 58 61 51 40 39 45 62 30 89 89 38 70 1 10 33 96 87 66 3 54 70 64 38 94 29 46 90 73 14 44 78 41 29 0 61 7 24 32 92 1 84 72 10 68 66 3 66 48 87 26 20 5 53 71 5 23 63 60 41 70 71 24 77 32 59 28 73 31 19 57 45 37 60 89 57 84 57 2 49 
16 97 89 14 6 64 46 91 40 1 77 79 5 25 8 1 97 55 87 92 31 84 64 33 19 76 94 58 59 78 84 49 81 97 95 83 91 30 58 42 16 48 26 26 11 47 22 83 33 89 70 54 19 98 29 13 42 8 85 31 38 74 61 0 9 55 24 94 54 71 24 43 69 62 31 73 27 36 89 95 22 61 33 91 87 19 10 30 75 31 59 40 95 26 74 74 54 76 78 61 27 7 85 68 78 34 92 52 
65 56 99 37 82 94 65 22 99 43 90 64 29 16 63 10 47 24 2 75 22 30 8 72 84 53 85 36 44 88 69 36 43 88 17 99 63 84 81 90 47 24 48 99 73 38 90 47 29 75 6 91 40 74 16 75 24 1 71 53 3 35 7 9 0 37 34 84 41 14 65 52 74 7 57 22 60 31 46 69 58 20 83 32 71 61 76 34 18 79 97 1 83 42 68 86 63 35 25 98 73 13 51 64 65 34 60 36 
69 62 31 24 6 19 90 75 16 40 33 21 36 68 32 32 90 7 35 9 27 49 71 1 90 67 21 31 20 27 90 53 68 1 60 84 77 51 3 31 30 82 65 53 64 37 58 19 6 37 43 89 45 58 34 76 36 6 98 89 35 84 24 55 37 0 20 7 24 97 61 19 97 63 10 24 41 77 98 7 80 35 81 7 33 13 71 96 52 46 18 88 87 85 7 58 58 84 73 7 88 19 31 7 88 14 54 62 
26 57 18 23 43 37 41 22 38 4 51 36 83 74 80 36 22 25 3 76 96 56 83 47 89 26 74 5 46 32 25 32 99 38 91 86 21 70 65 40 45 91 89 61 14 11 1 87 21 66 16 34 50 51 90 60 59 14 29 32 70 59 32 24 34 20 0 41 39 17 48 39 98 1 66 49 70 32 66 1 76 77 20 85 83 64 39 55 87 13 22 19 46 60 61 13 29 12 14 61 83 60 88 84 3 34 92 10 
99 90 69 67 87 30 8 34 97 58 52 56 78 47 93 89 93 1 18 82 11 46 64 25 57 38 8 76 76 59 58 2 14 67 45 88 56 39 74 6 20 13 40 78 36 51 78 30 62 57 36 35 45 21 71 35 30 9 74 84 44 49 92 94 84 7 41 0 3 77 44 82 18 89 54 51 76 7 37 95 17 77 99 63 23 71 70 83 16 96 19 22 10 3 79 79 7 97 60 37 26 6 62 9 7 21 57 14 
88 22 65 93 53 40 8 39 37 44 43 29 47 21 77 61 85 49 86 28 70 9 65 81 43 4 53 81 38 24 64 65 26 43 86 48 89 84 96 34 84 57 86 6 62 78 68 36 8 78 47 26 24 30 15 70 15 39 90 44 91 10 1 54 41 24 39 3 0 94 4 79 6 82 91 40 99 8 33 11 69 45 99 82 80 98 20 50 67 62 51 26 41 25 56 3 87 6 10 95 81 26 54 72 66 56 64 8 
8 97 61 96 58 29 34 38 99 54 24 46 79 67 47 39 59 81 12 26 34 35 45 38 5 26 70 15 85 38 13 32 39 62 49 1 96 75 50 75 75 82 22 47 28 20 16 12 52 71 82 79 37 33 91 51 2 67 7 1 41 15 84 71 14 97 17 77 94 0 69 87 40 58 74 78 39 32 77 60 82 28 90 40 9 4 15 99 10 76 79 82 65 74 84 16 65 53 48 27 54 17 26 8 25 5 10 26 
27 84 79 54 57 55 59 44 2 44 90 93 7 95 88 12 65 29 94 87 37 30 70 17 12 85 58 3 35 43 19 19 76 19 18 66 2 96 32 20 80 29 46 65 6 46 71 53 98 17 24 20 82 44 80 98 50 60 54 52 84 32 72 24 65 61 48 44 4 69 0 37 90 81 53 70 55 26 42 19 12 81 4 2 18 51 91 19 46 45 49 21 92 17 36 30 8 29 7 30 98 97 95 3 89 91 61 70 
26 26 18 10 79 30 8 34 33 75 44 57 92 13 71 45 41 89 54 37 10 1 76 53 25 65 63 53 88 94 27 67 6 1 52 22 63 48 32 94 45 36 45 11 49 35 4 77 51 43 21 84 90 92 66 93 95 98 14 11 61 25 10 43 52 19 39 82 79 87 37 0 1 87 15 69 74 16 87 90 45 68 16 51 35 53 15 71 31 29 93 73 35 60 15 81 13 87 64 86 79 3 10 76 31 33 20 68 
23 15 40 42 88 56 35 96 31 99 89 52 81 26 70 44 79 2 60 15 1 80 89 69 23 1 90 55 59 90 78 16 93 46 49 22 55 6 42 38 99 81 89 98 37 36 48 38 84 98 5 53 70 48 14 22 40 67 73 73 46 25 68 69 74 97 98 18 6 40 90 1 0 77 31 71 9 18 75 67 49 66 17 33 18 78 59 12 67 34 8 7 5 63 1 22 21 38 51 59 82 79 7 47 13 62 50 52 
10 14 36 58 82 91 5 42 8 98 96 5 21 1 56 8 79 74 83 4 56 20 35 93 7 53 84 16 2 82 26 44 23 83 7 40 11 60 40 90 13 9 84 2 83 8 43 79 22 58 24 76 75 47 27 86 28 6 55 40 19 23 66 62 7 63 1 89 82 58 81 87 77 0 28 60 15 22 88 54 14 75 35 50 71 24 54 52 13 71 11 99 5 97 12 75 38 32 44 95 38 87 1 39 26 23 45 94 
68 85 82 89 11 28 6 72 51 76 29 80 24 98 93 63 63 22 12 93 70 5 15 91 5 82 17 97 41 97 1 40 40 95 77 77 32 12 15 16 87 17 69 57 68 72 2 70 10 94 26 85 86 58 52 76 58 26 90 77 69 75 3 31 57 10 66 54 91 74 53 15 31 28 0 47 86 14 32 47 82 67 37 53 35 32 14 48 19 26 64 87 6 24 20 31 5 8 52 99 67 65 28 96 56 1 44 44 
24 44 29 94 73 61 62 70 51 60 65 76 64 99 99 57 63 1 84 85 11 72 60 8 80 47 29 89 86 27 23 21 74 72 67 61 70 36 3 13 78 7 68 73 7 2 82 25 78 6 47 64 69 80 24 44 20 89 51 14 27 26 66 73 22 24 49 51 40 78 70 69 71 60 47 0 91 63 65 5 7 25 24 28 31 69 26 94 51 68 3 99 86 57 19 13 25 38 70 65 59 1 65 14 22 38 99 15 
28 7 23 77 49 13 51 71 33 67 87 32 72 78 88 97 48 77 4 73 4 2 89 61 29 85 46 1 38 47 15 2 15 71 87 3 96 52 48 98 50 22 71 92 39 4 48 70 12 90 32 97 62 2 94 4 33 7 49 70 61 20 48 27 60 41 70 76 99 39 55 74 9 15 86 91 0 18 91 90 23 21 51 73 49 11 24 97 66 13 21 86 22 47 32 27 35 59 91 83 70 15 80 84 79 63 26 68 
38 78 39 83 20 18 77 24 44 75 59 77 7 12 86 94 28 33 84 44 40 9 34 10 54 18 83 60 59 19 75 1 48 97 36 41 48 85 36 65 32 35 36 57 19 47 17 30 68 88 26 80 44 13 11 85 12 16 39 70 46 97 87 36 31 77 32 7 8 32 26 16 18 22 14 63 18 0 18 20 55 38 1 81 62 62 4 17 54 78 25 65 20 72 63 54 5 5 72 84 70 80 61 98 54 33 88 7 
58 57 42 12 13 72 46 87 42 92 89 53 22 91 75 53 72 41 1 9 78 27 25 35 31 55 82 63 8 25 40 46 72 54 45 78 49 74 51 1 54 48 35 22 72 62 69 78 36 30 19 99 47 40 73 7 52 75 58 50 59 75 26 89 46 98 66 37 33 77 42 87 75 88 32 65 91 18 0 3 41 6 22 4 12 80 68 7 76 47 17 64 5 20 41 38 63 59 6 80 87 75 45 11 7 33 41 9 
84 60 75 37 26 92 97 40 70 6 52 39 65 25 16 25 43 82 94 56 38 41 4 64 22 36 69 2 25 40 76 83 2 1 79 44 11 13 33 70 88 46 25 87 54 7 22 25 38 96 12 42 54 20 52 2 88 60 35 12 24 62 20 95 69 7 1 95 11 60 19 90 67 54 47 5 90 20 3 0 67 96 73 58 25 95 34 48 95 53 92 12 37 7 61 30 50 56 7 41 64 8 76 27 56 32 83 96 
39 16 78 17 78 8 22 32 2 27 23 84 51 55 15 44 15 84 86 18 17 90 42 67 28 79 68 92 25 76 20 30 34 43 99 84 41 36 33 51 93 43 62 38 16 4 62 43 42 70 54 39 75 56 30 66 86 20 69 13 2 86 5 22 58 80 76 17 69 82 12 45 49 14 82 7 23 55 41 67 0 55 78 77 7 96 91 79 58 14 84 24 21 66 91 85 55 67 84 88 38 17 8 81 69 16 16 83 
9 25 71 31 17 84 93 38 98 68 11 81 91 48 57 52 94 31 52 61 26 33 31 69 6 61 62 68 84 40 10 27 71 41 1 60 26 17 42 48 79 26 88 73 53 9 30 11 10 87 46 40 13 60 20 97 65 51 66 60 41 8 53 61 20 35 77 77 45 28 81 68 66 75 67 25 21 38 6 96 55 0 21 48 21 59 10 97 56 60 89 8 26 10 11 37 40 21 83 76 29 99 41 86 84 6 11 49 
33 10 26 85 5 57 72 39 52 32 32 75 10 78 88 11 52 88 92 33 47 71 23 14 36 51 84 82 42 7 72 8 61 40 39 67 73 10 43 19 3 36 74 75 47 37 45 66 16 42 7 7 36 58 3 19 77 23 52 14 14 54 71 33 83 81 20 99 99 90 4 16 17 35 37 24 51 1 22 73 78 21 0 61 68 60 34 22 77 84 7 22 15 42 66 79 69 39 92 54 81 95 13 90 78 61 58 52 
35 67 49 58 89 52 93 57 31 12 10 71 93 41 2 95 19 54 33 99 8 97 54 67 73 47 70 42 95 69 54 53 20 25 19 79 88 85 96 69 70 76 21 93 98 85 97 86 94 82 21 9 18 67 37 54 61 3 25 90 78 89 5 91 32 7 85 63 82 40 2 51 33 50 53 28 73 81 4 58 77 48 61 0 15 68 49 55 10 23 34 99 57 81 15 32 20 43 32 74 28 62 15 54 41 91 44 12 
11 72 51 36 28 33 26 88 83 4 7 27 68 60 85 50 79 34 87 84 44 8 97 92 83 24 39 84 28 40 67 4 16 41 82 86 23 59 17 68 97 27 77 15 75 49 67 54 86 52 6 1 12 89 23 8 9 76 86 32 63 62 23 87 71 33 83 23 80 9 18 35 18 71 35 31 49 62 12 25 7 21 68 15 0 74 73 32 52 59 16 49 4 26 65 29 69 60 60 84 78 5 70 67 74 44 88 84 
24 54 63 42 51 77 98 29 50 55 31 58 86 96 76 19 11 83 85 28 1 39 92 1 49 66 75 45 33 47 28 22 98 93 37 51 50 49 84 67 23 54 73 15 54 82 35 21 77 47 68 88 5 58 57 71 40 76 48 20 52 76 63 19 61 13 64 71 98 4 51 53 78 24 32 69 11 62 80 95 96 59 60 68 74 0 74 79 63 5 73 41 98 13 19 55 36 20 32 10 71 30 33 86 95 87 85 84 
16 70 45 82 69 63 2 37 82 2 68 31 34 80 77 11 36 23 82 96 57 82 92 35 52 1 64 98 15 22 89 84 99 73 49 23 56 22 29 75 43 88 59 50 4 15 89 14 30 59 12 43 88 54 99 47 85 51 39 26 95 69 60 10 76 71 39 70 20 15 91 15 59 54 14 26 24 4 68 34 91 10 34 49 73 74 0 12 85 97 96 83 29 90 37 18 96 22 11 80 62 40 89 91 72 84 46 13 
88 37 55 3 4 52 14 67 83 14 19 65 72 90 91 62 50 4 6 53 15 30 83 71 95 33 73 7 26 68 3 80 54 32 4 38 89 48 32 70 3 75 56 89 25 16 87 27 53 40 45 19 27 56 95 26 98 42 85 65 48 18 41 30 34 96 55 83 50 99 19 71 12 52 48 94 97 17 7 48 79 97 22 55 32 79 12 0 20 45 20 85 64 42 64 31 52 12 54 32 75 92 69 11 21 88 73 78 
26 22 1 86 59 97 39 11 96 60 13 39 9 32 19 40 94 35 12 51 56 4 98 17 25 13 13 88 14 74 72 63 70 5 52 14 4 72 92 56 21 67 16 46 44 49 78 7 26 84 45 45 66 3 59 35 19 9 39 87 62 44 70 75 18 52 87 16 67 10 46 31 67 13 19 51 66 54 76 95 58 56 77 10 52 63 85 20 0 1 39 89 48 6 47 75 72 94 58 18 47 38 88 88 74 4 51 64 
72 41 87 94 13 31 86 85 72 57 74 19 52 57 63 7 80 50 70 81 56 75 37 38 77 91 35 57 79 25 86 70 21 30 49 16 29 57 12 66 57 78 83 87 26 44 98 32 87 16 27 44 17 34 22 56 4 48 32 67 58 29 71 31 79 46 13 96 62 76 45 29 34 71 26 68 13 78 47 53 14 60 84 23 59 5 97 45 1 0 64 61 53 49 52 7 64 94 2 25 23 89 49 35 23 40 19 64 
93 78 17 37 3 23 28 1 22 82 75 96 34 34 46 8 90 89 10 92 53 51 7 18 41 76 25 50 37 72 20 68 36 36 4 85 25 52 39 82 40 61 42 31 27 44 39 84 38 76 86 94 76 45 35 72 47 84 79 19 65 18 24 59 97 18 22 19 51 79 49 93 8 11 64 3 21 25 17 92 84 89 7 34 16 73 96 20 39 64 0 75 89 18 8 28 87 79 3 51 17 44 80 12 78 14 95 39 
75 92 20 47 77 6 39 17 19 9 92 42 62 39 66 80 5 71 47 80 79 92 39 39 86 26 84 48 25 33 15 9 39 36 89 47 21 68 88 51 38 53 64 84 2 58 11 50 16 94 57 6 26 54 40 64 41 28 79 87 98 53 77 40 1 88 19 22 26 82 21 73 7 99 87 99 86 65 64 12 24 8 22 99 49 41 83 85 89 61 75 0 1 72 27 93 77 95 89 55 17 63 74 57 54 40 19 65 
63 50 10 81 97 92 85 31 47 39 66 96 8 93 53 13 6 38 75 27 98 17 99 83 29 56 35 73 4 13 14 73 50 49 58 39 66 4 17 49 27 50 28 78 7 86 22 66 23 94 81 3 64 38 55 95 32 10 9 92 24 49 32 95 83 87 46 10 41 65 92 35 5 5 6 86 22 20 5 37 21 26 15 57 4 98 29 64 48 53 89 1 0 79 69 59 51 54 44 48 51 48 88 95 55 75 66 4 
47 48 93 28 97 96 34 4 45 5 86 58 60 21 29 1 87 34 94 38 54 50 32 15 41 70 23 60 57 87 98 44 82 31 17 90 88 93 57 5 22 37 97 72 19 68 17 55 92 53 54 63 25 63 29 12 96 71 37 99 2 92 59 26 42 85 60 3 25 74 17 60 63 97 24 57 47 72 20 7 66 10 42 81 26 13 90 42 6 49 18 72 79 0 45 12 53 57 41 15 39 98 14 47 62 6 62 15 
33 78 52 73 62 23 2 79 92 71 54 49 42 15 88 4 30 13 33 25 61 43 63 38 48 6 90 94 94 66 83 96 59 48 88 55 10 51 10 51 4 61 83 59 35 47 79 1 37 57 38 37 17 74 12 13 43 19 96 99 3 95 28 74 68 7 61 79 56 84 36 15 1 12 20 19 32 63 41 61 91 11 66 15 65 19 37 64 47 52 8 27 69 45 0 78 66 93 48 77 14 6 23 42 7 16 31 47 
89 41 11 29 16 77 32 60 10 77 43 43 28 10 39 52 54 38 39 57 1 71 48 63 24 15 41 83 32 8 23 90 13 1 64 28 12 54 65 57 63 96 90 63 32 51 8 51 46 26 47 95 80 61 60 50 63 79 73 37 68 60 73 74 86 58 13 79 3 16 30 81 22 75 31 13 27 54 38 30 85 37 79 32 29 55 18 31 75 7 28 93 59 12 78 0 93 33 19 30 72 4 1 51 70 41 36 52 
24 79 69 3 75 23 39 54 5 74 7 53 52 68 21 16 81 80 43 41 15 9 63 1 29 88 88 81 29 3 62 77 76 80 87 30 22 88 84 79 29 48 72 43 97 3 54 82 67 80 12 60 85 70 3 80 24 70 38 49 84 22 31 54 63 58 29 7 87 65 8 13 21 38 5 25 35 5 63 50 55 40 69 20 69 36 96 52 72 64 87 77 51 53 66 93 0 16 50 9 68 66 35 35 86 39 3 46 
56 46 24 14 13 19 29 70 78 6 10 23 41 82 98 68 73 66 64 53 61 32 35 34 85 3 76 99 77 97 82 73 54 8 22 49 59 80 27 39 10 70 74 19 81 1 54 38 4 37 65 84 57 73 4 68 17 62 78 15 5 87 19 76 35 84 12 97 6 53 29 87 38 32 8 38 59 5 59 56 67 21 39 43 60 20 22 12 94 94 79 95 54 57 93 33 16 0 59 18 34 93 9 45 6 10 42 51 
66 88 15 42 19 94 76 50 64 80 37 65 72 80 52 82 30 7 24 39 67 26 72 50 90 92 78 93 3 21 12 59 25 53 34 16 88 93 3 11 55 35 97 59 99 82 68 77 59 5 57 20 20 87 87 55 89 84 35 41 9 72 57 78 25 73 14 60 10 48 7 64 51 44 52 70 91 72 6 7 84 83 92 32 60 32 11 54 58 2 3 89 44 41 48 19 50 59 0 74 78 63 8 33 80 67 42 78 
78 17 64 37 31 30 32 75 24 85 88 71 46 4 60 60 39 80 41 20 96 35 43 78 38 65 39 39 61 4 29 69 96 10 95 74 95 40 39 95 2 62 61 76 44 59 78 71 96 83 84 24 34 83 11 70 32 36 40 46 78 93 45 61 98 7 61 37 95 27 30 86 59 95 99 65 83 84 80 41 88 76 54 74 84 10 80 32 18 25 51 55 48 15 77 30 9 18 74 0 77 49 92 14 76 2 33 28 
4 29 22 41 60 19 52 47 96 60 60 62 95 48 95 67 79 93 64 45 40 55 21 32 6 99 76 11 60 86 45 59 23 25 32 30 65 81 86 25 29 33 90 13 52 19 13 21 73 95 23 31 66 13 28 82 98 36 20 79 15 10 37 27 73 88 83 26 81 54 98 79 82 38 67 59 70 70 87 64 38 29 81 28 78 71 62 75 47 23 17 17 51 39 14 72 68 34 78 77 0 10 37 8 55 12 90 37 
1 46 47 19 6 53 67 28 60 32 9 61 10 71 65 16 55 4 64 21 72 98 91 58 24 88 22 88 73 95 3 82 34 52 69 52 79 83 31 40 7 48 80 29 37 46 87 55 73 12 57 18 30 49 2 42 76 57 68 64 14 11 60 7 13 19 60 6 26 17 97 3 79 87 65 1 15 80 75 8 17 99 95 62 5 30 40 92 38 89 44 63 48 98 6 4 66 93 63 49 10 0 81 59 77 64 24 33 
78 68 4 98 17 32 68 34 65 91 54 97 89 43 15 62 43 33 32 64 8 97 51 59 69 59 16 66 41 36 4 64 25 86 39 50 88 83 87 59 45 19 89 46 83 66 86 16 90 43 77 99 39 9 62 32 84 54 32 1 99 21 89 85 51 31 88 62 54 26 95 10 7 1 28 65 80 61 45 76 8 41 13 15 70 33 89 69 88 49 80 74 88 14 23 1 35 9 8 92 37 81 0 66 80 76 74 63 
7 67 57 39 96 50 33 73 83 8 88 28 47 6 98 65 65 86 19 22 17 71 23 74 21 25 56 96 16 18 11 93 31 92 72 89 72 3 54 56 68 92 23 50 9 28 29 46 17 23 75 40 84 84 71 83 7 23 71 55 7 84 57 68 64 7 84 9 72 8 3 76 47 39 96 14 84 98 11 27 81 86 90 54 67 86 91 11 88 35 12 57 95 47 42 51 35 45 33 14 8 59 66 0 18 87 66 6 
53 79 89 64 97 99 75 69 32 67 19 1 59 21 53 20 69 45 41 66 67 6 3 77 14 46 69 89 38 18 32 53 88 76 70 65 87 31 32 1 33 92 35 95 3 97 14 30 86 85 72 56 54 65 13 34 19 14 65 21 96 16 84 78 65 88 3 7 66 25 89 31 13 26 56 22 79 54 7 56 69 84 78 41 74 95 72 21 74 23 78 54 55 62 7 70 86 6 80 76 55 77 80 18 0 77 60 45 
86 47 81 47 61 84 33 40 2 33 22 27 22 58 45 45 45 30 6 69 62 64 64 29 57 15 83 60 8 56 92 38 1 15 54 14 83 86 31 39 30 74 56 23 20 84 62 71 75 29 37 24 70 27 31 74 46 49 56 85 69 47 57 34 34 14 34 21 56 5 91 33 62 23 1 38 63 33 33 32 16 6 61 91 44 87 84 88 4 40 14 40 75 6 16 41 39 10 67 2 12 64 76 87 77 0 93 30 
71 1 47 90 44 94 98 33 85 47 68 51 55 60 17 88 85 47 93 93 70 95 1 77 30 78 69 74 83 44 97 48 88 82 13 53 1 48 37 94 70 82 8 77 63 59 7 15 33 57 51 17 92 53 68 10 65 22 60 24 98 39 2 92 60 54 92 57 64 10 61 20 50 45 44 99 26 88 41 83 16 11 58 44 88 85 46 73 51 19 95 19 66 62 31 36 3 42 42 33 90 24 74 66 60 93 0 57 
3 30 55 3 32 46 6 98 79 76 15 21 1 55 65 62 74 68 80 19 51 25 93 54 29 87 12 96 39 53 30 52 36 62 97 95 43 66 16 86 13 13 38 57 95 21 58 14 63 33 32 10 65 18 80 89 54 8 57 56 87 20 49 52 36 62 10 14 8 26 70 68 52 94 44 15 68 7 9 96 83 49 52 12 84 84 13 78 64 64 39 65 4 15 47 52 46 51 78 28 37 33 63 6 45 30 57 0 
