109
0 38 13 73 10 76 6 80 65 17 2 77 72 7 26 51 21 19 85 12 29 30 15 51 69 88 88 95 97 87 14 10 8 64 62 23 58 2 1 61 82 9 89 14 48 73 31 72 4 71 22 50 58 4 69 25 44 77 27 53 81 42 83 16 65 69 26 99 88 8 27 26 23 10 68 24 28 38 58 84 39 9 33 35 11 24 16 88 26 72 93 75 63 47 33 89 24 56 66 78 4 1 78 7 53 86 71 3 77 
38 0 92 22 76 8 78 73 76 77 44 21 31 37 8 46 69 58 83 97 14 11 24 82 8 25 75 93 21 33 13 66 95 61 25 83 98 3 93 99 11 55 97 83 87 71 67 72 49 55 16 6 18 43 21 49 23 14 98 54 85 11 97 56 62 57 90 22 97 84 26 15 14 85 44 7 78 57 60 16 25 10 67 72 54 70 37 22 41 78 92 50 48 78 41 79 46 88 17 29 46 68 67 79 47 1 30 64 76 
13 92 0 36 54 94 34 3 85 84 49 55 33 29 56 83 32 29 95 75 9 33 9 85 78 51 80 42 65 84 25 21 45 16 31 92 15 20 27 87 8 54 48 61 35 33 20 68 25 84 95 39 48 6 80 64 88 33 43 75 67 89 99 31 18 69 65 61 79 18 40 36 82 29 23 39 42 75 78 71 26 49 51 63 45 55 1 87 17 20 10 93 52 11 69 24 15 64 22 47 4 57 89 81 47 55 80 72 15 
73 22 36 0 78 16 26 54 85 59 86 30 45 38 23 92 55 77 13 60 27 77 72 88 40 44 77 39 92 70 99 34 44 27 57 70 74 53 90 28 44 2 83 95 97 27 85 31 65 23 99 53 4 71 13 40 84 49 62 71 14 37 24 23 67 93 96 54 10 42 58 89 94 77 83 12 37 17 31 85 58 36 42 82 3 86 94 37 47 81 28 73 29 3 14 42 37 41 19 98 39 64 47 90 3 99 29 79 76 
10 76 54 78 0 59 43 27 22 59 17 93 38 12 23 7 97 15 88 76 36 64 33 92 50 1 23 98 71 37 19 28 29 53 95 51 47 8 86 17 30 12 62 15 31 9 41 49 31 24 67 93 65 13 18 34 11 29 76 6 82 6 43 87 53 58 57 79 88 82 11 73 49 20 13 26 78 17 5 89 28 51 69 4 59 13 3 77 97 97 62 16 75 13 19 31 60 6 17 96 97 61 44 32 45 25 63 80 22 
76 8 94 16 59 0 20 78 34 5 40 68 35 35 43 79 83 39 49 82 6 92 9 41 70 6 8 79 38 79 34 28 52 78 31 44 47 10 68 4 68 55 98 64 81 29 38 65 38 94 19 79 71 93 53 11 33 47 64 94 19 37 30 40 29 55 30 56 91 28 61 13 18 72 92 8 84 57 52 33 77 63 52 97 31 23 6 92 96 23 77 23 19 94 30 19 53 32 50 99 84 94 46 52 87 16 72 49 29 
6 78 34 26 43 20 0 84 28 44 20 80 71 89 87 12 66 94 16 52 99 87 46 64 43 23 83 41 45 17 18 89 1 98 83 72 15 37 27 33 2 49 89 23 35 95 22 69 68 49 19 98 12 12 53 77 69 46 65 90 41 8 8 34 59 8 35 5 6 62 51 77 46 97 22 93 72 93 26 98 2 14 39 86 28 39 85 34 2 32 39 29 76 32 52 67 68 33 75 33 98 6 1 38 73 44 25 17 97 
80 73 3 54 27 78 84 0 97 42 25 22 28 47 36 63 69 63 33 46 89 43 58 26 33 34 7 66 52 32 8 14 4 29 16 30 67 62 84 97 59 83 35 31 58 97 50 47 84 42 21 41 51 5 10 1 91 22 75 22 34 39 38 44 34 96 42 72 70 71 24 87 40 32 38 39 57 88 29 37 67 11 85 1 17 31 4 79 60 54 70 50 75 47 28 34 73 69 40 33 98 8 34 63 15 78 44 62 86 
65 76 85 85 22 34 28 97 0 37 13 54 27 83 13 26 2 42 56 56 65 16 93 41 61 71 50 51 33 91 21 53 39 66 81 58 53 90 20 95 65 43 48 22 98 2 90 39 13 19 78 78 89 91 84 40 99 16 38 97 37 99 2 33 31 8 51 51 33 44 42 70 2 98 52 31 83 50 82 83 96 72 22 19 47 45 92 10 5 78 64 24 96 60 65 83 32 2 85 79 69 55 26 84 28 57 93 9 56 
17 77 84 59 59 5 44 42 37 0 77 47 50 12 9 62 75 24 89 90 83 83 6 43 47 22 52 74 43 14 19 24 46 96 53 34 55 15 58 62 41 73 66 23 3 87 2 73 52 72 88 78 63 49 1 43 40 4 58 44 54 44 75 99 98 76 60 67 75 92 6 27 68 32 12 4 55 2 14 60 57 82 9 39 5 71 77 74 6 80 85 60 32 91 8 67 33 47 76 83 45 65 38 48 74 91 85 16 66 
2 44 49 86 17 40 20 25 13 77 0 53 70 67 90 29 20 18 6 80 11 30 18 82 47 8 18 87 62 65 8 30 56 29 44 99 56 6 51 93 64 53 35 99 84 78 38 90 55 5 44 12 30 77 90 33 51 52 43 24 90 44 89 96 29 65 87 59 89 52 23 11 32 10 7 31 68 19 13 74 75 92 66 86 54 43 7 10 37 88 60 9 54 88 19 22 68 15 21 86 10 43 67 21 17 59 78 43 36 
77 21 55 30 93 68 80 22 54 47 53 0 76 29 86 35 45 93 83 9 31 65 78 19 39 12 57 53 84 77 69 26 70 32 60 63 30 67 33 72 61 94 73 28 98 94 69 39 61 98 10 68 79 64 21 36 56 29 46 93 57 52 5 80 76 32 77 53 39 84 81 75 71 27 58 31 65 39 19 96 42 96 58 49 43 53 23 65 71 62 61 97 28 1 27 51 21 27 66 78 19 61 83 60 63 39 24 69 70 
72 31 33 45 38 35 71 28 27 50 70 76 0 62 88 67 20 37 18 22 78 27 33 9 9 21 69 83 55 86 94 75 90 24 95 91 14 12 43 11 89 25 48 69 44 92 14 7 3 68 94 5 29 36 83 78 47 79 7 92 81 21 24 64 72 7 22 65 51 91 10 93 68 86 34 72 9 52 34 62 8 60 42 28 52 41 72 46 95 10 89 47 59 22 55 1 20 20 86 28 98 22 95 19 68 36 96 30 23 
7 37 29 38 12 35 89 47 83 12 67 29 62 0 57 11 43 73 32 13 83 8 88 9 62 24 35 95 4 56 69 16 25 95 63 27 99 48 88 36 17 88 91 79 88 58 25 56 50 53 25 16 68 74 47 21 67 95 13 26 1 98 99 78 12 91 25 55 48 78 41 60 96 80 90 32 57 34 39 93 21 15 10 68 82 80 4 48 71 43 6 21 58 60 55 78 25 59 80 37 81 59 52 64 74 84 89 83 56 
26 8 56 23 23 43 87 36 13 9 90 86 88 57 0 79 71 28 24 54 70 69 24 47 40 67 78 27 25 18 88 2 46 59 22 18 57 34 44 76 99 3 97 91 84 27 27 53 56 8 63 32 80 93 77 47 88 71 70 56 93 99 88 86 75 16 15 57 88 2 85 76 77 91 19 63 46 66 53 29 88 39 21 98 52 60 95 65 15 98 53 45 17 65 31 83 11 46 89 79 60 98 43 65 6 91 77 56 43 
51 46 83 92 7 79 12 63 26 62 29 35 67 11 79 0 21 89 69 19 93 50 84 16 18 62 8 65 56 3 91 5 17 78 69 31 53 85 37 99 60 32 36 33 51 52 6 34 1 10 32 36 89 61 39 12 45 44 8 63 57 97 94 53 25 44 52 11 95 50 19 11 62 40 7 8 80 13 1 4 52 16 68 82 60 67 16 62 65 20 45 88 62 22 1 64 95 85 2 85 61 77 23 15 25 47 33 81 71 
21 69 32 55 97 83 66 69 2 75 20 45 20 43 71 21 0 55 25 78 90 36 58 32 40 15 94 49 14 20 16 98 42 36 26 52 35 23 34 62 79 8 33 4 68 96 58 97 47 90 22 93 85 59 65 41 79 79 63 63 48 28 72 43 15 94 52 19 79 11 36 50 94 80 90 5 6 87 30 54 81 73 30 39 79 55 43 65 69 45 85 74 51 81 51 36 73 16 40 3 36 98 80 16 16 95 67 35 84 
19 58 29 77 15 39 94 63 42 24 18 93 37 73 28 89 55 0 94 19 75 19 26 18 50 38 21 41 53 24 19 80 52 33 38 31 41 51 74 69 81 16 64 65 92 21 55 24 7 25 1 49 81 29 89 2 74 22 1 77 33 41 82 84 31 88 54 34 83 23 4 35 50 89 71 38 34 13 38 80 66 7 80 93 4 33 86 45 30 47 68 67 29 58 85 44 95 94 21 53 32 26 64 53 60 18 23 55 14 
85 83 95 13 88 49 16 33 56 89 6 83 18 32 24 69 25 94 0 31 24 51 22 72 4 24 13 78 8 53 31 27 9 97 85 82 74 40 57 61 26 66 96 28 19 87 2 35 3 18 86 12 94 54 60 83 12 84 4 84 1 94 86 52 92 33 87 85 82 6 12 70 10 47 75 94 33 39 43 64 24 41 64 64 32 19 41 6 93 80 83 75 41 26 69 50 83 87 47 14 22 81 82 95 50 52 15 31 11 
12 97 75 60 76 82 52 46 56 90 80 9 22 13 54 19 78 19 31 0 86 5 8 55 60 85 99 42 36 57 14 12 53 67 22 82 95 35 62 92 86 61 93 99 92 75 9 76 82 28 26 87 37 15 4 93 85 73 44 9 56 18 61 33 99 84 28 96 53 51 81 92 80 27 38 25 57 41 53 39 20 45 21 64 22 66 69 93 19 69 17 79 60 57 45 36 40 62 33 68 54 63 76 9 35 34 93 26 68 
29 14 9 27 36 6 99 89 65 83 11 31 78 83 70 93 90 75 24 86 0 2 99 9 90 28 30 90 78 11 62 17 80 75 77 98 1 31 4 82 65 39 68 31 22 27 96 11 70 34 37 10 1 56 70 11 4 40 78 38 17 26 47 8 44 1 57 15 56 56 53 79 98 54 61 1 15 61 67 96 40 72 8 17 67 62 70 51 59 80 15 78 13 12 80 96 35 7 70 86 45 71 73 13 47 83 8 30 61 
30 11 33 77 64 92 87 43 16 83 30 65 27 8 69 50 36 19 51 5 2 0 83 74 47 87 85 98 48 89 74 77 88 46 37 88 40 38 7 44 59 2 84 30 49 56 46 9 35 30 1 80 20 5 72 2 9 27 41 90 33 71 97 8 39 82 30 4 75 51 92 17 50 43 71 9 32 26 35 55 98 97 71 6 64 95 25 47 21 23 1 70 23 28 26 65 46 39 58 53 53 33 70 80 6 34 65 54 54 
15 24 9 72 33 9 46 58 93 6 18 78 33 88 24 84 58 26 22 8 99 83 0 54 13 81 97 34 52 56 81 55 13 86 11 82 79 72 85 30 13 64 8 71 83 64 65 45 70 76 89 35 15 60 89 34 25 4 42 31 23 54 97 92 92 83 98 37 7 39 99 32 63 48 63 35 72 43 21 91 51 23 3 64 1 93 6 73 53 10 95 98 12 99 41 92 77 88 62 3 23 83 94 99 48 30 96 99 81 
51 82 85 88 92 41 64 26 41 43 82 19 9 9 47 16 32 18 72 55 9 74 54 0 2 76 2 53 93 65 76 79 63 77 49 37 50 15 74 22 33 72 1 47 25 81 38 17 53 69 93 91 8 61 10 35 64 67 69 14 67 92 1 35 71 17 38 18 39 83 15 38 63 1 34 50 78 32 58 59 74 77 29 77 54 59 32 95 14 39 92 88 60 47 63 87 62 40 72 3 60 26 58 33 31 53 92 42 79 
69 8 78 40 50 70 43 33 61 47 47 39 9 62 40 18 40 50 4 60 90 47 13 2 0 58 46 86 26 74 75 7 3 31 78 79 92 97 43 19 84 90 89 57 43 5 12 25 23 7 5 80 29 54 31 22 28 6 36 73 83 49 52 95 25 77 41 86 29 41 48 24 29 85 90 38 6 24 69 21 14 57 30 29 92 55 29 64 82 61 70 84 73 80 49 53 93 93 97 58 95 40 91 79 62 58 6 77 26 
88 25 51 44 1 6 23 34 71 22 8 12 21 24 67 62 15 38 24 85 28 87 81 76 58 0 80 94 38 45 61 16 93 42 64 8 3 47 76 53 67 26 38 4 26 85 65 1 53 82 47 85 18 55 36 79 61 51 47 24 66 1 33 13 91 76 26 56 70 6 15 88 3 92 65 99 88 59 25 46 15 78 87 33 92 73 39 84 21 25 72 28 38 96 83 17 55 97 53 74 6 67 81 95 51 3 90 33 8 
88 75 80 77 23 8 83 7 50 52 18 57 69 35 78 8 94 21 13 99 30 85 97 2 46 80 0 90 86 37 67 74 12 36 43 40 53 94 85 21 74 8 53 70 58 63 90 84 17 29 46 83 82 69 68 62 84 70 39 75 64 73 13 35 25 84 35 23 90 41 88 76 78 39 76 22 16 56 69 83 69 12 37 58 28 80 2 13 2 9 90 64 91 16 86 81 85 28 94 8 15 76 13 62 21 38 63 67 34 
95 93 42 39 98 79 41 66 51 74 87 53 83 95 27 65 49 41 78 42 90 98 34 53 86 94 90 0 58 75 73 6 1 3 5 65 58 36 31 5 76 81 15 3 53 55 16 97 89 1 60 63 2 92 68 82 42 84 45 98 7 88 57 50 48 73 60 94 83 81 99 93 39 11 88 66 96 89 60 74 96 92 35 51 52 83 83 52 92 25 56 69 66 38 58 98 88 45 58 42 33 28 56 64 81 92 77 57 27 
97 21 65 92 71 38 45 52 33 43 62 84 55 4 25 56 14 53 8 36 78 48 52 93 26 38 86 58 0 63 54 93 23 39 21 59 44 20 46 76 38 85 35 88 59 2 41 86 38 59 8 25 25 84 42 95 28 33 15 26 14 79 37 25 4 57 94 32 29 77 3 61 60 73 41 16 38 8 83 39 48 61 61 49 83 9 86 69 40 64 55 14 62 41 74 75 69 25 26 34 19 79 47 79 8 78 9 39 50 
87 33 84 70 37 79 17 32 91 14 65 77 86 56 18 3 20 24 53 57 11 89 56 65 74 45 37 75 63 0 15 18 46 58 78 88 27 32 59 24 38 43 94 90 82 97 27 47 19 25 40 76 40 7 69 40 47 22 68 74 25 72 33 13 87 66 8 3 97 21 4 86 95 36 18 18 56 44 53 96 26 90 30 52 68 48 21 72 80 9 24 61 57 10 47 61 66 63 22 14 23 28 26 18 33 94 15 86 53 
14 13 25 99 19 34 18 8 21 19 8 69 94 69 88 91 16 19 31 14 62 74 81 76 75 61 67 73 54 15 0 26 61 84 69 90 25 58 64 13 19 27 78 26 1 23 15 75 40 76 20 10 72 54 67 28 89 3 72 86 20 15 14 98 83 23 62 82 12 29 45 3 4 11 32 92 97 30 56 30 34 42 66 50 26 86 49 54 49 1 39 8 22 6 16 78 81 64 98 31 33 73 45 41 68 25 79 68 51 
10 66 21 34 28 28 89 14 53 24 30 26 75 16 2 5 98 80 27 12 17 77 55 79 7 16 74 6 93 18 26 0 49 36 53 32 2 65 32 19 67 16 44 40 21 2 1 46 83 30 27 8 53 4 22 84 80 63 70 68 9 73 44 96 90 77 73 59 69 59 82 64 93 53 38 48 52 24 71 1 24 23 88 60 9 3 19 4 15 80 68 35 82 65 45 43 35 79 45 61 68 43 23 42 69 42 40 81 43 
8 95 45 44 29 52 1 4 39 46 56 70 90 25 46 17 42 52 9 53 80 88 13 63 3 93 12 1 23 46 61 49 0 68 99 14 26 39 76 6 93 23 40 74 15 48 72 2 34 71 61 20 16 98 99 54 70 21 36 39 50 82 59 13 76 54 25 96 23 34 25 31 88 1 88 36 46 64 9 42 15 63 11 30 31 38 98 40 11 68 55 78 46 74 69 24 82 65 82 82 33 94 15 31 39 97 88 1 38 
64 61 16 27 53 78 98 29 66 96 29 32 24 95 59 78 36 33 97 67 75 46 86 77 31 42 36 3 39 58 84 36 68 0 67 43 62 19 1 46 83 95 72 71 97 54 1 43 41 40 25 41 93 73 32 5 30 36 36 49 31 48 1 80 8 53 10 25 52 86 92 76 15 82 62 41 13 28 45 1 55 65 17 91 18 60 91 96 38 73 84 82 40 44 71 91 24 31 74 64 91 49 45 95 17 60 91 45 86 
62 25 31 57 95 31 83 16 81 53 44 60 95 63 22 69 26 38 85 22 77 37 11 49 78 64 43 5 21 78 69 53 99 67 0 49 18 52 49 7 77 67 87 36 45 79 99 1 39 19 82 37 49 4 52 49 4 89 58 17 88 64 87 22 34 95 32 69 39 72 70 54 13 97 47 41 18 94 79 62 36 59 32 31 49 31 97 97 21 7 75 36 37 74 39 72 57 72 68 50 62 83 99 84 86 88 48 1 66 
23 83 92 70 51 44 72 30 58 34 99 63 91 27 18 31 52 31 82 82 98 88 82 37 79 8 40 65 59 88 90 32 14 43 49 0 22 22 40 77 61 3 41 78 44 84 60 67 79 86 51 23 38 14 16 85 47 39 90 55 28 30 49 16 74 30 52 50 89 65 14 53 95 60 35 4 65 81 93 58 1 10 91 39 18 14 43 53 10 39 26 58 82 52 70 54 90 70 30 91 63 77 21 56 89 96 2 63 55 
58 98 15 74 47 47 15 67 53 55 56 30 14 99 57 53 35 41 74 95 1 40 79 50 92 3 53 58 44 27 25 2 26 62 18 22 0 11 32 70 96 48 49 11 41 26 73 88 23 50 56 89 4 29 25 21 66 88 10 12 22 59 88 95 65 79 88 72 87 83 1 43 35 67 58 93 7 71 3 13 91 5 1 35 77 9 24 62 28 16 12 86 54 91 48 61 89 30 84 51 70 39 84 75 96 48 6 60 12 
2 3 20 53 8 10 37 62 90 15 6 67 12 48 34 85 23 51 40 35 31 38 72 15 97 47 94 36 20 32 58 65 39 19 52 22 11 0 36 52 85 74 13 36 17 10 85 59 49 22 48 72 57 52 68 4 93 51 54 88 80 93 40 81 83 83 3 31 86 48 66 42 57 42 80 45 95 80 87 34 55 16 28 38 6 65 35 43 88 45 91 43 45 53 89 58 81 3 65 74 96 50 32 32 42 40 15 3 48 
1 93 27 90 86 68 27 84 20 58 51 33 43 88 44 37 34 74 57 62 4 7 85 74 43 76 85 31 46 59 64 32 76 1 49 40 32 36 0 36 51 33 33 42 43 96 17 84 29 32 92 12 39 88 17 57 10 65 84 27 3 39 86 31 87 54 32 31 37 16 22 93 48 74 45 5 67 44 19 60 91 30 78 10 24 91 9 92 15 88 48 73 38 42 90 31 40 6 34 75 20 94 38 90 16 13 98 65 1 
61 99 87 28 17 4 33 97 95 62 93 72 11 36 76 99 62 69 61 92 82 44 30 22 19 53 21 5 76 24 13 19 6 46 7 77 70 52 36 0 70 51 48 19 69 68 67 75 70 56 66 82 51 49 5 51 57 79 39 11 95 25 40 59 56 1 39 94 86 96 71 74 56 16 97 50 56 7 33 30 94 79 20 29 79 42 93 25 90 11 70 16 47 30 45 20 84 75 80 45 99 13 87 78 50 32 54 88 93 
82 11 8 44 30 68 2 59 65 41 64 61 89 17 99 60 79 81 26 86 65 59 13 33 84 67 74 76 38 38 19 67 93 83 77 61 96 85 51 70 0 79 3 70 97 23 43 3 21 57 40 38 27 22 4 63 29 10 55 2 29 7 45 68 33 30 70 13 91 16 75 93 17 24 16 12 5 72 95 25 81 38 64 61 82 50 79 12 1 48 24 82 91 13 57 82 29 36 81 9 17 7 22 35 48 46 43 26 36 
9 55 54 2 12 55 49 83 43 73 53 94 25 88 3 32 8 16 66 61 39 2 64 72 90 26 8 81 85 43 27 16 23 95 67 3 48 74 33 51 79 0 76 27 54 88 75 67 78 61 53 50 37 61 96 48 70 35 62 33 48 19 92 92 74 82 13 42 58 71 3 35 81 67 88 72 15 27 40 91 59 46 83 85 53 14 10 26 48 65 89 40 86 22 46 45 89 84 69 68 71 36 35 25 62 88 74 21 77 
89 97 48 83 62 98 89 35 48 66 35 73 48 91 97 36 33 64 96 93 68 84 8 1 89 38 53 15 35 94 78 44 40 72 87 41 49 13 33 48 3 76 0 73 59 56 16 83 42 64 28 97 83 90 72 74 97 61 90 80 89 23 35 56 8 38 99 1 76 74 64 58 65 40 15 23 27 16 82 77 93 27 50 89 33 26 99 53 61 78 6 47 65 11 98 2 57 73 92 57 22 87 38 73 75 93 15 15 50 
14 83 61 95 15 64 23 31 22 23 99 28 69 79 91 33 4 65 28 99 31 30 71 47 57 4 70 3 88 90 26 40 74 71 36 78 11 36 42 19 70 27 73 0 89 46 87 31 84 78 72 59 63 43 19 59 76 13 29 46 50 95 23 77 57 90 39 87 12 20 89 51 75 92 91 41 60 3 9 76 72 30 96 11 73 64 14 36 62 28 6 49 37 83 68 7 39 19 72 54 16 53 47 98 75 54 4 25 44 
48 87 35 97 31 81 35 58 98 3 84 98 44 88 84 51 68 92 19 92 22 49 83 25 43 26 58 53 59 82 1 21 15 97 45 44 41 17 43 69 97 54 59 89 0 26 27 2 7 19 35 32 97 81 99 44 52 37 83 9 3 20 63 95 76 26 36 80 63 77 77 75 71 48 79 32 34 44 10 57 87 47 38 37 11 51 78 20 46 35 36 8 72 2 4 47 62 7 4 9 37 85 49 82 15 16 49 44 44 
73 71 33 27 9 29 95 97 2 87 78 94 92 58 27 52 96 21 87 75 27 56 64 81 5 85 63 55 2 97 23 2 48 54 79 84 26 10 96 68 23 88 56 46 26 0 58 86 68 47 51 3 1 82 59 19 46 66 28 97 84 59 21 97 44 85 12 99 91 47 38 89 41 7 45 31 59 34 66 22 90 58 1 78 68 16 71 4 48 43 2 82 48 17 69 22 62 30 45 97 67 35 89 87 78 98 39 11 22 
31 67 20 85 41 38 22 50 90 2 38 69 14 25 27 6 58 55 2 9 96 46 65 38 12 65 90 16 41 27 15 1 72 1 99 60 73 85 17 67 43 75 16 87 27 58 0 17 79 8 54 54 68 78 13 87 86 29 14 62 7 58 46 62 52 94 7 58 41 8 5 93 8 19 52 73 3 83 47 19 87 30 36 12 53 77 38 79 70 25 70 30 78 25 43 11 66 86 54 21 14 27 7 32 84 50 66 55 1 
72 72 68 31 49 65 69 47 39 73 90 39 7 56 53 34 97 24 35 76 11 9 45 17 25 1 84 97 86 47 75 46 2 43 1 67 88 59 84 75 3 67 83 31 2 86 17 0 51 82 38 77 71 21 55 16 46 30 71 15 14 77 82 48 44 76 63 26 26 73 43 62 45 45 54 33 29 6 21 62 8 52 98 51 84 22 10 78 12 68 36 38 42 10 16 94 86 77 30 53 26 87 38 16 23 92 37 46 67 
4 49 25 65 31 38 68 84 13 52 55 61 3 50 56 1 47 7 3 82 70 35 70 53 23 53 17 89 38 19 40 83 34 41 39 79 23 49 29 70 21 78 42 84 7 68 79 51 0 4 59 96 73 73 90 17 86 75 33 63 7 74 38 3 46 14 42 34 4 5 31 66 70 89 75 37 66 57 78 71 17 43 98 58 94 6 90 88 30 96 70 87 42 82 52 47 59 40 84 16 76 94 94 53 57 26 80 37 5 
71 55 84 23 24 94 49 42 19 72 5 98 68 53 8 10 90 25 18 28 34 30 76 69 7 82 29 1 59 25 76 30 71 40 19 86 50 22 32 56 57 61 64 78 19 47 8 82 4 0 83 95 12 43 23 85 29 57 33 59 87 69 67 23 3 74 2 34 81 8 64 70 6 43 16 36 47 82 24 21 5 24 26 47 32 26 19 12 54 46 7 21 6 68 12 45 45 27 86 57 81 54 38 47 12 65 57 84 23 
22 16 95 99 67 19 19 21 78 88 44 10 94 25 63 32 22 1 86 26 37 1 89 93 5 47 46 60 8 40 20 27 61 25 82 51 56 48 92 66 40 53 28 72 35 51 54 38 59 83 0 57 77 75 72 37 51 32 24 29 1 40 62 33 67 59 47 80 38 54 91 89 34 35 26 79 20 84 53 76 85 64 97 80 99 42 39 40 7 9 1 88 43 19 45 44 94 6 3 63 37 95 60 84 20 24 31 18 99 
50 6 39 53 93 79 98 41 78 78 12 68 5 16 32 36 93 49 12 87 10 80 35 91 80 85 83 63 25 76 10 8 20 41 37 23 89 72 12 82 38 50 97 59 32 3 54 77 96 95 57 0 40 56 24 17 10 92 31 49 50 38 52 22 1 32 94 19 40 45 50 45 24 37 82 90 70 75 86 69 62 44 47 54 75 13 36 18 12 5 88 27 66 17 76 26 64 25 17 80 85 57 20 34 66 30 39 84 54 
58 18 48 4 65 71 12 51 89 63 30 79 29 68 80 89 85 81 94 37 1 20 15 8 29 18 82 2 25 40 72 53 16 93 49 38 4 57 39 51 27 37 83 63 97 1 68 71 73 12 77 40 0 70 92 65 20 55 76 70 71 94 23 82 29 98 74 58 51 21 30 33 44 92 48 47 58 80 2 13 40 20 56 60 58 67 89 58 54 56 3 34 45 54 38 63 74 61 70 73 87 83 13 49 9 84 65 27 53 
4 43 6 71 13 93 12 5 91 49 77 64 36 74 93 61 59 29 54 15 56 5 60 61 54 55 69 92 84 7 54 4 98 73 4 14 29 52 88 49 22 61 90 43 81 82 78 21 73 43 75 56 70 0 18 28 43 49 54 93 15 85 46 29 16 34 90 71 15 91 80 66 14 27 52 24 94 11 73 52 30 20 3 37 23 57 99 95 59 22 35 40 55 29 12 60 3 4 87 11 28 2 62 71 13 31 68 80 62 
69 21 80 13 18 53 53 10 84 1 90 21 83 47 77 39 65 89 60 4 70 72 89 10 31 36 68 68 42 69 67 22 99 32 52 16 25 68 17 5 4 96 72 19 99 59 13 55 90 23 72 24 92 18 0 58 8 43 4 54 90 13 75 76 60 35 70 51 98 93 22 86 76 44 4 85 7 2 66 97 19 54 8 71 47 26 35 56 72 64 95 12 13 50 80 68 55 70 82 42 32 83 34 74 10 89 75 96 2 
25 49 64 40 34 11 77 1 40 43 33 36 78 21 47 12 41 2 83 93 11 2 34 35 22 79 62 82 95 40 28 84 54 5 49 85 21 4 57 51 63 48 74 59 44 19 87 16 17 85 37 17 65 28 58 0 20 12 73 42 24 36 59 30 15 2 50 95 40 28 58 20 33 12 52 88 86 65 77 61 9 40 85 98 19 4 47 41 32 96 43 63 24 17 89 32 98 76 84 7 19 46 65 54 86 44 51 43 14 
44 23 88 84 11 33 69 91 99 40 51 56 47 67 88 45 79 74 12 85 4 9 25 64 28 61 84 42 28 47 89 80 70 30 4 47 66 93 10 57 29 70 97 76 52 46 86 46 86 29 51 10 20 43 8 20 0 8 1 6 14 9 39 67 60 98 67 6 26 89 7 16 75 60 20 51 23 3 76 76 51 42 9 48 84 28 10 71 19 79 70 62 84 36 36 57 54 23 14 49 22 8 7 78 29 44 85 71 98 
77 14 33 49 29 47 46 22 16 4 52 29 79 95 71 44 79 22 84 73 40 27 4 67 6 51 70 84 33 22 3 63 21 36 89 39 88 51 65 79 10 35 61 13 37 66 29 30 75 57 32 92 55 49 43 12 8 0 29 74 90 7 54 14 73 55 90 51 49 39 58 35 69 66 52 25 86 48 39 85 39 32 79 79 9 37 96 73 38 78 35 40 20 68 32 71 65 56 60 57 27 90 78 31 53 89 32 84 44 
27 98 43 62 76 64 65 75 38 58 43 46 7 13 70 8 63 1 4 44 78 41 42 69 36 47 39 45 15 68 72 70 36 36 58 90 10 54 84 39 55 62 90 29 83 28 14 71 33 33 24 31 76 54 4 73 1 29 0 1 52 11 73 40 77 14 70 70 50 12 13 60 14 90 32 20 26 65 87 67 19 87 92 99 99 37 49 15 41 46 79 64 1 55 21 85 24 56 60 41 38 3 35 70 44 91 41 84 61 
53 54 75 71 6 94 90 22 97 44 24 93 92 26 56 63 63 77 84 9 38 90 31 14 73 24 75 98 26 74 86 68 39 49 17 55 12 88 27 11 2 33 80 46 9 97 62 15 63 59 29 49 70 93 54 42 6 74 1 0 46 19 69 27 61 46 59 24 2 41 14 78 63 52 95 48 62 58 65 98 24 2 3 68 84 5 9 78 15 14 99 7 96 69 98 87 29 74 35 84 59 49 10 15 32 25 25 23 75 
81 85 67 14 82 19 41 34 37 54 90 57 81 1 93 57 48 33 1 56 17 33 23 67 83 66 64 7 14 25 20 9 50 31 88 28 22 80 3 95 29 48 89 50 3 84 7 14 7 87 1 50 71 15 90 24 14 90 52 46 0 26 20 97 75 62 86 8 54 89 62 76 69 18 44 29 18 53 49 92 95 60 22 87 72 93 10 11 21 84 16 47 39 20 61 7 24 32 92 1 84 72 10 68 66 3 66 48 87 
42 11 89 37 6 37 8 39 99 44 44 52 21 98 99 97 28 41 94 18 26 71 54 92 49 1 73 88 79 72 15 73 82 48 64 30 59 93 39 25 7 19 23 95 20 59 58 77 74 69 40 38 94 85 13 36 9 7 11 19 26 0 26 20 5 53 71 5 23 63 60 41 70 71 24 77 32 59 28 73 31 19 57 45 37 60 89 57 84 57 2 49 9 55 24 94 54 71 24 43 69 62 31 73 27 36 89 95 22 
83 97 99 24 43 30 8 38 2 75 89 5 24 99 88 94 72 82 86 61 47 97 97 1 52 33 13 57 37 33 14 44 59 1 87 49 88 40 86 40 45 92 35 23 63 21 46 82 38 67 62 52 23 46 75 59 39 54 73 69 20 26 0 61 33 91 87 19 10 30 75 31 59 40 95 26 74 74 54 76 78 61 27 7 85 68 78 34 92 52 37 34 84 41 14 65 52 74 7 57 22 60 31 46 69 58 20 83 32 
16 56 31 23 87 40 34 44 33 99 96 80 64 78 86 53 43 84 52 33 8 8 92 35 95 13 35 50 25 13 98 96 13 80 22 16 95 81 31 59 68 92 56 77 95 97 62 48 3 23 33 22 82 29 76 30 67 14 40 27 97 20 61 0 71 61 76 34 18 79 97 1 83 42 68 86 63 35 25 98 73 13 51 64 65 34 60 36 20 7 24 97 61 19 97 63 10 24 41 77 98 7 80 35 81 7 33 13 71 
65 62 18 67 53 29 59 34 31 98 29 76 72 12 75 25 15 31 92 99 44 39 92 71 25 91 25 48 4 87 83 90 76 8 34 74 65 83 87 56 33 74 8 57 76 44 52 44 46 3 67 1 29 16 60 15 60 73 77 61 75 5 33 71 0 96 52 46 18 88 87 85 7 58 58 84 73 7 88 19 31 7 88 14 54 62 41 39 17 48 39 98 1 66 49 70 32 66 1 76 77 20 85 83 64 39 55 87 13 
69 57 69 93 58 55 8 96 8 76 65 32 7 91 16 44 94 88 33 84 1 82 83 17 77 76 84 73 57 66 23 77 54 53 95 30 79 83 54 1 30 82 38 90 26 85 94 76 14 74 59 32 98 34 35 2 98 55 14 46 62 53 91 61 96 0 22 19 46 60 61 13 29 12 14 61 83 60 88 84 3 34 92 10 3 77 44 82 18 89 54 51 76 7 37 95 17 77 99 63 23 71 70 83 16 96 19 22 10 
26 90 65 96 57 30 35 42 51 60 87 77 22 25 15 52 52 54 87 28 57 30 98 38 41 26 35 60 94 8 62 73 25 10 32 52 88 3 32 39 70 13 99 39 36 12 7 63 42 2 47 94 74 90 70 50 67 90 70 59 86 71 87 76 52 22 0 3 79 79 7 97 60 37 26 6 62 9 7 21 57 14 94 4 79 6 82 91 40 99 8 33 11 69 45 99 82 80 98 20 50 67 62 51 26 41 25 56 3 
99 22 61 54 79 56 5 72 51 67 59 53 65 55 57 11 19 34 85 96 15 4 37 18 86 56 23 94 32 3 82 59 96 25 69 50 72 31 31 94 13 42 1 87 80 99 58 26 34 34 80 19 58 71 51 95 6 51 70 24 8 5 19 34 46 19 3 0 87 6 10 95 81 26 54 72 66 56 64 8 69 87 40 58 74 78 39 32 77 60 82 28 90 40 9 4 15 99 10 76 79 82 65 74 84 16 65 53 48 
88 97 79 10 88 91 6 70 33 75 89 39 51 48 88 95 79 83 82 53 56 75 7 39 29 70 90 83 29 97 12 69 23 52 39 89 87 86 37 86 91 58 76 12 63 91 41 26 4 81 38 40 51 15 98 40 26 49 50 2 54 23 10 18 18 46 79 87 0 27 54 17 26 8 25 5 10 26 37 90 81 53 70 55 26 42 19 12 81 4 2 18 51 91 19 46 45 49 21 92 17 36 30 8 29 7 30 98 97 
8 84 18 42 82 28 62 71 44 92 52 84 91 78 2 50 11 23 6 51 56 51 39 83 41 6 41 81 77 21 29 59 34 86 72 65 83 48 16 96 16 71 74 20 77 47 8 73 5 8 54 45 21 91 93 28 89 39 12 41 89 63 30 79 88 60 79 6 27 0 95 3 89 91 61 70 1 87 15 69 74 16 87 90 45 68 16 51 35 53 15 71 31 29 93 73 35 60 15 81 13 87 64 86 79 3 10 76 31 
27 26 40 58 11 61 51 24 42 6 23 81 10 41 85 19 36 4 12 81 53 92 99 15 48 15 88 99 3 4 45 82 25 92 70 14 1 66 22 71 75 3 64 89 77 38 5 43 31 64 91 50 30 80 22 58 7 58 13 14 62 60 75 97 87 61 7 10 54 95 0 33 20 68 77 31 71 9 18 75 67 49 66 17 33 18 78 59 12 67 34 8 7 5 63 1 22 21 38 51 59 82 79 7 47 13 62 50 52 
26 15 36 89 73 13 77 87 70 27 11 75 93 60 76 11 50 35 70 92 79 17 32 38 24 88 76 93 61 86 3 64 31 76 54 53 43 42 93 74 93 35 58 51 75 89 93 62 66 70 89 45 33 66 86 20 16 35 60 78 76 41 31 1 85 13 97 95 17 3 33 0 28 60 15 22 88 54 14 75 35 50 71 24 54 52 13 71 11 99 5 97 12 75 38 32 44 95 38 87 1 39 26 23 45 94 47 86 14 
23 14 82 94 49 18 46 40 2 68 32 71 68 96 77 62 94 50 10 80 98 50 63 63 29 3 78 39 60 95 4 93 88 15 13 95 35 57 48 56 17 81 65 75 71 41 8 45 70 6 34 24 44 14 76 33 75 69 14 63 69 70 59 83 7 29 60 81 26 89 20 28 0 32 47 82 67 37 53 35 32 14 48 19 26 64 87 6 24 20 31 5 8 52 99 67 65 28 96 56 1 44 44 91 63 65 5 7 25 
10 85 29 77 20 72 97 32 98 32 10 27 86 80 91 40 80 89 47 27 54 43 48 1 85 92 39 11 73 36 11 53 1 82 97 60 67 42 74 16 24 67 40 92 48 7 19 45 89 43 35 37 92 27 44 12 60 66 90 52 18 71 40 42 58 12 37 26 8 91 68 60 32 0 24 28 31 69 26 94 51 68 3 99 86 57 19 13 25 38 70 65 59 1 65 14 22 38 99 15 18 91 90 23 21 51 73 49 11 
68 44 23 83 13 92 22 38 52 12 7 58 34 90 19 7 90 71 75 38 61 71 63 34 90 65 76 88 41 18 32 38 88 62 47 35 58 80 45 97 16 88 15 91 79 45 52 54 75 16 26 82 48 52 4 52 20 52 32 95 44 24 95 68 58 14 26 54 25 61 77 15 47 24 0 24 97 66 13 21 86 22 47 32 27 35 59 91 83 70 15 80 84 79 63 26 68 18 20 55 38 1 81 62 62 4 17 54 78 
24 7 39 12 26 8 93 39 31 4 31 31 72 32 63 8 5 38 94 25 1 9 35 50 38 99 22 66 16 18 92 48 36 41 41 4 93 45 5 50 12 72 23 41 32 31 73 33 37 36 79 90 47 24 85 88 51 25 20 48 29 77 26 86 84 61 6 72 5 70 31 22 82 28 24 0 25 65 20 72 63 54 5 5 72 84 70 80 61 98 54 33 88 7 3 41 6 22 4 12 80 68 7 76 47 17 64 5 20 
28 78 42 37 78 84 72 57 83 55 68 65 9 57 46 80 6 34 33 57 15 32 72 78 6 88 16 96 38 56 97 52 46 13 18 65 7 95 67 56 5 15 27 60 34 59 3 29 66 47 20 70 58 94 7 86 23 86 26 62 18 32 74 63 73 83 62 66 10 1 71 88 67 31 97 25 0 41 38 63 59 6 80 87 75 45 11 7 33 41 9 67 96 73 58 25 95 34 48 95 53 92 12 37 7 61 30 50 56 
38 57 75 17 17 57 93 88 50 2 19 39 52 34 66 13 87 13 39 41 61 26 43 32 24 59 56 89 8 44 30 24 64 28 94 81 71 80 44 7 72 27 16 3 44 34 83 6 57 82 84 75 80 11 2 65 3 48 65 58 53 59 74 35 7 60 9 56 26 87 9 54 37 69 66 65 41 0 7 41 64 8 76 27 56 32 83 96 55 78 77 7 96 91 79 58 14 84 24 21 66 91 85 55 67 84 88 38 17 
58 60 78 31 5 52 26 29 82 14 13 19 34 39 53 1 30 38 43 53 67 35 21 58 69 25 69 60 83 53 56 71 9 45 79 93 3 87 19 33 95 40 82 9 10 66 47 21 78 24 53 86 2 73 66 77 76 39 87 65 49 28 54 25 88 88 7 64 37 15 18 14 53 26 13 20 38 7 0 8 81 69 16 16 83 21 48 21 59 10 97 56 60 89 8 26 10 11 37 40 21 83 76 29 99 41 86 84 6 
84 16 71 85 89 33 98 37 83 60 74 96 62 93 29 4 54 80 64 39 96 55 91 59 21 46 83 74 39 96 30 1 42 1 62 58 13 34 60 30 25 91 77 76 57 22 19 62 71 21 76 69 13 52 97 61 76 85 67 98 92 73 76 98 19 84 21 8 90 69 75 75 35 94 21 72 63 41 8 0 11 49 61 68 60 34 22 77 84 7 22 15 42 66 79 69 39 92 54 81 95 13 90 78 61 58 52 15 68 
39 25 26 58 28 77 2 67 96 57 75 42 8 21 88 52 81 66 24 20 40 98 51 74 14 15 69 96 48 26 34 24 15 55 36 1 91 55 91 94 81 59 93 72 87 90 87 8 17 5 85 62 40 30 19 9 51 39 19 24 95 31 78 73 31 3 57 69 81 74 67 35 32 51 86 63 59 64 81 11 0 49 55 10 23 34 99 57 81 15 32 20 43 32 74 28 62 15 54 41 91 44 12 74 73 32 52 59 16 
9 10 49 36 51 63 14 11 72 82 92 96 60 15 39 16 73 7 41 45 72 97 23 77 57 78 12 92 61 90 42 23 63 65 59 10 5 16 30 79 38 46 27 30 47 58 30 52 43 24 64 44 20 20 54 40 42 32 87 2 60 19 61 13 7 34 14 87 53 16 49 50 14 68 22 54 6 8 69 49 49 0 49 4 26 65 29 69 60 60 84 78 5 70 67 74 44 88 84 74 79 63 5 73 41 98 13 19 55 
33 67 51 42 69 52 39 85 22 9 66 58 42 10 21 68 30 80 64 21 8 71 3 29 30 87 37 35 61 30 66 88 11 17 32 91 1 28 78 20 64 83 50 96 38 1 36 98 98 26 97 47 56 3 8 85 9 79 92 3 22 57 27 51 88 92 94 40 70 87 66 71 48 3 47 5 80 76 16 61 55 49 0 36 20 32 10 71 30 33 86 95 87 85 84 12 85 97 96 83 29 90 37 18 96 22 11 80 62 
35 72 63 82 4 97 86 1 19 39 86 49 28 68 98 82 39 93 64 64 17 6 64 77 29 33 58 51 49 52 50 60 30 91 31 39 35 38 10 29 61 85 89 11 37 78 12 51 58 47 80 54 60 37 71 98 48 79 99 68 87 45 7 64 14 10 4 58 55 90 17 24 19 99 32 5 87 27 16 68 10 4 36 0 40 89 91 72 84 46 13 20 45 20 85 64 42 64 31 52 12 54 32 75 92 69 11 21 88 
11 54 45 3 59 31 28 17 47 5 54 43 52 82 52 60 79 4 32 22 67 64 1 54 92 92 28 52 83 68 26 9 31 18 49 18 77 6 24 79 82 53 33 73 11 68 53 84 94 32 99 75 58 23 47 19 84 9 99 84 72 37 85 65 54 3 79 74 26 45 33 54 26 86 27 72 75 56 83 60 23 26 20 40 0 73 78 1 39 89 48 6 47 75 72 94 58 18 47 38 88 88 74 4 51 64 64 61 53 
24 70 55 86 13 23 39 31 45 71 43 53 41 80 60 67 55 33 19 66 62 95 93 59 55 73 80 83 9 48 86 3 38 60 31 14 9 65 91 42 50 14 26 64 51 16 77 22 6 26 42 13 67 57 26 4 28 37 37 5 93 60 68 34 62 77 6 78 42 68 18 52 64 57 35 84 45 32 21 34 34 65 32 89 73 0 49 52 7 64 94 2 25 23 89 49 35 23 40 19 64 75 89 18 8 28 87 79 3 
16 37 1 94 3 6 85 4 92 77 7 23 72 4 95 16 43 86 41 69 70 25 6 32 29 39 2 83 86 21 49 19 98 91 97 43 24 35 9 93 79 10 99 14 78 71 38 10 90 19 39 36 89 99 35 47 10 96 49 9 10 89 78 60 41 44 82 39 19 16 78 13 87 19 59 70 11 83 48 22 99 29 10 91 78 49 0 51 17 44 80 12 78 14 95 39 1 72 27 93 77 95 89 55 17 63 74 57 54 
88 22 87 37 77 92 34 79 10 74 10 65 46 48 65 62 65 45 6 93 51 47 73 95 64 84 13 52 69 72 54 4 40 96 97 53 62 43 92 25 12 26 53 36 20 4 79 78 88 12 40 18 58 95 56 41 71 73 15 78 11 57 34 36 39 82 91 32 12 51 59 71 6 13 91 80 7 96 21 77 57 69 71 72 1 52 51 0 40 19 65 79 69 59 51 54 44 48 51 48 88 95 55 75 66 4 45 12 53 
26 41 17 47 97 96 2 60 5 6 37 71 95 71 15 65 69 30 93 19 59 21 53 14 82 21 2 92 40 80 49 15 11 38 21 10 28 88 15 90 1 48 61 62 46 48 70 12 30 54 7 12 54 59 72 32 19 38 41 15 21 84 92 20 17 18 40 77 81 35 12 11 24 25 83 61 33 55 59 84 81 60 30 84 39 7 17 40 0 57 41 15 39 98 14 47 62 6 62 15 78 66 93 48 77 14 6 23 42 
72 78 20 81 97 23 32 54 78 80 88 62 10 43 98 20 45 47 80 69 80 23 10 39 61 25 9 25 64 9 1 80 68 73 7 39 16 45 88 11 48 65 78 28 35 43 25 68 96 46 9 5 56 22 64 96 79 78 46 14 84 57 52 7 48 89 99 60 4 53 67 99 20 38 70 98 41 78 10 7 15 60 33 46 89 64 44 19 57 0 7 16 31 47 93 33 19 30 72 4 1 51 70 41 36 52 16 50 9 
93 92 10 28 62 77 39 70 64 85 60 61 89 6 53 45 85 68 83 17 15 1 95 92 70 72 90 56 55 24 39 68 55 84 75 26 12 91 48 70 24 89 6 6 36 2 70 36 70 7 1 88 3 35 95 43 70 35 79 99 16 2 37 24 39 54 8 82 2 15 34 5 31 70 15 54 9 77 97 22 32 84 86 13 48 94 80 65 41 7 0 68 66 35 35 86 39 3 46 59 18 34 93 9 45 6 10 42 51 
75 50 93 73 16 23 29 50 24 60 9 97 47 21 45 88 74 67 75 79 78 70 98 88 84 28 64 69 14 61 8 35 78 82 36 58 86 43 73 16 82 40 47 49 8 82 30 38 87 21 88 27 34 40 12 63 62 40 64 7 47 49 34 97 98 51 33 28 18 71 8 97 5 65 80 33 67 7 56 15 20 78 95 20 6 2 12 79 15 16 68 0 74 78 63 8 33 80 67 42 78 77 49 92 14 76 2 33 28 
63 48 52 29 75 19 76 75 96 32 54 28 59 58 17 62 51 29 41 60 13 23 12 60 73 38 91 66 62 57 22 82 46 40 37 82 54 45 38 47 91 86 65 37 72 48 78 42 42 6 43 66 45 55 13 24 84 20 1 96 39 9 84 61 1 76 11 90 51 31 7 12 8 59 84 88 96 96 60 42 43 5 87 45 47 25 78 69 39 31 66 74 0 10 37 8 55 12 90 37 81 59 77 64 24 33 66 80 76 
47 78 11 3 13 94 32 47 60 91 88 1 22 60 65 22 81 58 26 57 12 28 99 47 80 96 16 38 41 10 6 65 74 44 74 52 91 53 42 30 13 22 11 83 2 17 25 10 82 68 19 17 54 29 50 17 36 68 55 69 20 55 41 19 66 7 69 40 91 29 5 75 52 1 79 7 73 91 89 66 32 70 85 20 75 23 14 59 98 47 35 78 10 0 74 63 18 87 66 6 77 60 45 93 30 57 57 68 54 
33 41 69 14 19 30 52 28 65 8 19 27 55 55 31 1 51 85 69 45 80 26 41 63 49 83 86 58 74 47 16 45 69 71 39 70 48 89 90 45 57 46 98 68 4 69 43 16 52 12 45 76 38 12 80 89 36 32 21 98 61 24 14 97 49 37 45 9 19 93 63 38 99 65 63 3 58 79 8 79 74 67 84 85 72 89 95 51 14 93 35 63 37 74 0 18 13 53 83 94 20 61 58 34 62 89 74 80 33 
89 79 24 42 31 19 67 34 83 67 22 51 1 78 83 64 36 44 50 36 96 65 92 87 53 17 81 98 75 61 78 43 24 91 72 54 61 58 31 20 82 45 2 7 47 22 11 94 47 45 44 26 63 60 68 32 57 71 85 87 7 94 65 63 70 95 99 4 46 73 1 32 67 14 26 41 25 58 26 69 28 74 12 64 94 49 39 54 47 33 86 8 8 63 18 0 61 71 19 35 74 39 72 23 16 55 28 24 27 
24 46 15 37 60 53 68 73 32 33 68 21 20 25 11 95 73 95 83 40 35 46 77 62 93 55 85 88 69 66 81 35 82 24 57 90 89 81 40 84 29 89 57 39 62 62 66 86 59 45 94 64 74 3 55 98 54 65 24 29 24 54 52 10 32 17 82 15 45 35 22 44 65 22 68 6 95 14 10 39 62 44 85 42 58 35 1 44 62 19 39 33 55 18 13 61 0 12 61 31 62 98 74 45 81 24 65 72 18 
56 88 64 41 6 32 33 69 2 47 15 27 20 59 46 85 16 94 87 62 7 39 88 40 93 97 28 45 25 63 64 79 65 31 72 70 30 3 6 75 36 84 73 19 7 30 86 77 40 27 6 25 61 4 70 76 23 56 56 74 32 71 74 24 66 77 80 99 49 60 21 95 28 38 18 22 34 84 11 92 15 88 97 64 18 23 72 48 6 30 3 80 12 87 53 71 12 0 65 13 85 39 77 38 38 84 44 88 78 
66 17 22 19 17 50 75 40 85 76 21 66 86 80 89 2 40 21 47 33 70 58 62 72 97 53 94 58 26 22 98 45 82 74 68 30 84 65 34 80 81 69 92 72 4 45 54 30 84 86 3 17 70 87 82 84 14 60 60 35 92 24 7 41 1 99 98 10 21 15 38 38 96 99 20 4 48 24 37 54 54 84 96 31 47 40 27 51 62 72 46 67 90 66 83 19 61 65 0 14 44 91 28 47 69 5 99 32 59 
78 29 47 98 96 99 33 33 79 83 86 78 28 37 79 85 3 53 14 68 86 53 3 3 58 74 8 42 34 14 31 61 82 64 50 91 51 74 75 45 9 68 57 54 9 97 21 53 16 57 63 80 73 11 42 7 49 57 41 84 1 43 57 77 76 63 20 76 92 81 51 87 56 15 55 12 95 21 40 81 41 74 83 52 38 19 93 48 15 4 59 42 37 6 94 35 31 13 14 0 90 42 64 97 83 55 88 40 72 
4 46 4 39 97 84 98 98 69 45 10 19 98 81 60 61 36 32 22 54 45 53 23 60 95 6 15 33 19 23 33 68 33 91 62 63 70 96 20 99 17 71 22 16 37 67 14 26 76 81 37 85 87 28 32 19 22 27 38 59 84 69 22 98 77 23 50 79 17 13 59 1 1 18 38 80 53 66 21 95 91 79 29 12 88 64 77 88 78 1 18 78 81 77 20 74 62 85 44 90 0 37 40 71 17 11 26 48 12 
1 68 57 64 61 94 6 8 55 65 43 61 22 59 98 77 98 26 81 63 71 33 83 26 40 67 76 28 79 28 73 43 94 49 83 77 39 50 94 13 7 36 87 53 85 35 27 87 94 54 95 57 83 2 83 46 8 90 3 49 72 62 60 7 20 71 67 82 36 87 82 39 44 91 1 68 92 91 83 13 44 63 90 54 88 75 95 95 66 51 34 77 59 60 61 39 98 39 91 42 37 0 79 64 44 94 42 24 34 
78 67 89 47 44 46 1 34 26 38 67 83 95 52 43 23 80 64 82 76 73 70 94 58 91 81 13 56 47 26 45 23 15 45 99 21 84 32 38 87 22 35 38 47 49 89 7 38 94 38 60 20 13 62 34 65 7 78 35 10 10 31 31 80 85 70 62 65 30 64 79 26 44 90 81 7 12 85 76 90 12 5 37 32 74 89 89 55 93 70 93 49 77 45 58 72 74 77 28 64 40 79 0 89 47 26 46 31 95 
7 79 81 90 32 52 38 63 84 48 21 60 19 64 65 15 16 53 95 9 13 80 99 33 79 95 62 64 79 18 41 42 31 95 84 56 75 32 90 78 35 25 73 98 82 87 32 16 53 47 84 34 49 71 74 54 78 31 70 15 68 73 46 35 83 83 51 74 8 86 7 23 91 23 62 76 37 55 29 78 74 73 18 75 4 18 55 75 48 41 9 92 64 93 34 23 45 38 47 97 71 64 89 0 87 26 97 38 7 
53 47 47 3 45 87 73 15 28 74 17 63 68 74 6 25 16 60 50 35 47 6 48 31 62 51 21 81 8 33 68 69 39 17 86 89 96 42 16 50 48 62 75 75 15 78 84 23 57 12 20 66 9 13 10 86 29 53 44 32 66 27 69 81 64 16 26 84 29 79 47 45 63 21 62 47 7 67 99 61 73 41 96 92 51 8 17 66 77 36 45 14 24 30 62 16 81 38 69 83 17 44 47 87 0 23 30 84 32 
86 1 55 99 25 16 44 78 57 91 59 39 36 84 91 47 95 18 52 34 83 34 30 53 58 3 38 92 78 94 25 42 97 60 88 96 48 40 13 32 46 88 93 54 16 98 50 92 26 65 24 30 84 31 89 44 44 89 91 25 3 36 58 7 39 96 41 16 7 3 13 94 65 51 4 17 61 84 41 58 32 98 22 69 64 28 63 4 14 52 6 76 33 57 89 55 24 84 5 55 11 94 26 26 23 0 88 98 54 
71 30 80 29 63 72 25 44 93 85 78 24 96 89 77 33 67 23 15 93 8 65 96 92 6 90 63 77 9 15 79 40 88 91 48 2 6 15 98 54 43 74 15 4 49 39 66 37 80 57 31 39 65 68 75 51 85 32 41 25 66 89 20 33 55 19 25 65 30 10 62 47 5 73 17 64 30 88 86 52 52 13 11 11 64 87 74 45 6 16 10 2 66 57 74 28 65 44 99 88 26 42 46 97 30 88 0 16 84 
3 64 72 79 80 49 17 62 9 16 43 69 30 83 56 81 35 55 31 26 30 54 99 42 77 33 67 57 39 86 68 81 1 45 1 63 60 3 65 88 26 21 15 25 44 11 55 46 37 84 18 84 27 80 96 43 71 84 84 23 48 95 83 13 87 22 56 53 98 76 50 86 7 49 54 5 50 38 84 15 59 19 80 21 61 79 57 12 23 50 42 33 80 68 80 24 72 88 32 40 48 24 31 38 84 98 16 0 87 
77 76 15 76 22 29 97 86 56 66 36 70 23 56 43 71 84 14 11 68 61 54 81 79 26 8 34 27 50 53 51 43 38 86 66 55 12 48 1 93 36 77 50 44 44 22 1 67 5 23 99 54 53 62 2 14 98 44 61 75 87 22 32 71 13 10 3 48 97 31 52 14 25 11 78 20 56 17 6 68 16 55 62 88 53 3 54 53 42 9 51 28 76 54 33 27 18 78 59 72 12 34 95 7 32 54 84 87 0 
