110
0 38 13 73 10 76 6 80 65 17 2 77 72 7 26 51 21 19 85 12 29 30 15 51 69 88 88 95 97 87 14 10 8 64 62 23 58 2 1 61 82 9 89 14 48 73 31 72 4 71 22 50 58 4 69 25 44 77 27 53 81 42 83 16 65 69 26 99 88 8 27 26 23 10 68 24 28 38 58 84 39 9 33 35 11 24 16 88 26 72 93 75 63 47 33 89 24 56 66 78 4 1 78 7 53 86 71 3 77 92 
38 0 22 76 8 78 73 76 77 44 21 31 37 8 46 69 58 83 97 14 11 24 82 8 25 75 93 21 33 13 66 95 61 25 83 98 3 93 99 11 55 97 83 87 71 67 72 49 55 16 6 18 43 21 49 23 14 98 54 85 11 97 56 62 57 90 22 97 84 26 15 14 85 44 7 78 57 60 16 25 10 67 72 54 70 37 22 41 78 92 50 48 78 41 79 46 88 17 29 46 68 67 79 47 1 30 64 76 36 54 
13 22 0 94 34 3 85 84 49 55 33 29 56 83 32 29 95 75 9 33 9 85 78 51 80 42 65 84 25 21 45 16 31 92 15 20 27 87 8 54 48 61 35 33 20 68 25 84 95 39 48 6 80 64 88 33 43 75 67 89 99 31 18 69 65 61 79 18 40 36 82 29 23 39 42 75 78 71 26 49 51 63 45 55 1 87 17 20 10 93 52 11 69 24 15 64 22 47 4 57 89 81 47 55 80 72 15 78 16 26 
73 76 94 0 54 85 59 86 30 45 38 23 92 55 77 13 60 27 77 72 88 40 44 77 39 92 70 99 34 44 27 57 70 74 53 90 28 44 2 83 95 97 27 85 31 65 23 99 53 4 71 13 40 84 49 62 71 14 37 24 23 67 93 96 54 10 42 58 89 94 77 83 12 37 17 31 85 58 36 42 82 3 86 94 37 47 81 28 73 29 3 14 42 37 41 19 98 39 64 47 90 3 99 29 79 76 59 43 27 22 
10 8 34 54 0 59 17 93 38 12 23 7 97 15 88 76 36 64 33 92 50 1 23 98 71 37 19 28 29 53 95 51 47 8 86 17 30 12 62 15 31 9 41 49 31 24 67 93 65 13 18 34 11 29 76 6 82 6 43 87 53 58 57 79 88 82 11 73 49 20 13 26 78 17 5 89 28 51 69 4 59 13 3 77 97 97 62 16 75 13 19 31 60 6 17 96 97 61 44 32 45 25 63 80 22 20 78 34 5 40 
76 78 3 85 59 0 68 35 35 43 79 83 39 49 82 6 92 9 41 70 6 8 79 38 79 34 28 52 78 31 44 47 10 68 4 68 55 98 64 81 29 38 65 38 94 19 79 71 93 53 11 33 47 64 94 19 37 30 40 29 55 30 56 91 28 61 13 18 72 92 8 84 57 52 33 77 63 52 97 31 23 6 92 96 23 77 23 19 94 30 19 53 32 50 99 84 94 46 52 87 16 72 49 29 84 28 44 20 80 71 
6 73 85 59 17 68 0 89 87 12 66 94 16 52 99 87 46 64 43 23 83 41 45 17 18 89 1 98 83 72 15 37 27 33 2 49 89 23 35 95 22 69 68 49 19 98 12 12 53 77 69 46 65 90 41 8 8 34 59 8 35 5 6 62 51 77 46 97 22 93 72 93 26 98 2 14 39 86 28 39 85 34 2 32 39 29 76 32 52 67 68 33 75 33 98 6 1 38 73 44 25 17 97 97 42 25 22 28 47 36 
80 76 84 86 93 35 89 0 63 69 63 33 46 89 43 58 26 33 34 7 66 52 32 8 14 4 29 16 30 67 62 84 97 59 83 35 31 58 97 50 47 84 42 21 41 51 5 10 1 91 22 75 22 34 39 38 44 34 96 42 72 70 71 24 87 40 32 38 39 57 88 29 37 67 11 85 1 17 31 4 79 60 54 70 50 75 47 28 34 73 69 40 33 98 8 34 63 15 78 44 62 86 37 13 54 27 83 13 26 2 
65 77 49 30 38 35 87 63 0 42 56 56 65 16 93 41 61 71 50 51 33 91 21 53 39 66 81 58 53 90 20 95 65 43 48 22 98 2 90 39 13 19 78 78 89 91 84 40 99 16 38 97 37 99 2 33 31 8 51 51 33 44 42 70 2 98 52 31 83 50 82 83 96 72 22 19 47 45 92 10 5 78 64 24 96 60 65 83 32 2 85 79 69 55 26 84 28 57 93 9 56 77 47 50 12 9 62 75 24 89 
17 44 55 45 12 43 12 69 42 0 90 83 83 6 43 47 22 52 74 43 14 19 24 46 96 53 34 55 15 58 62 41 73 66 23 3 87 2 73 52 72 88 78 63 49 1 43 40 4 58 44 54 44 75 99 98 76 60 67 75 92 6 27 68 32 12 4 55 2 14 60 57 82 9 39 5 71 77 74 6 80 85 60 32 91 8 67 33 47 76 83 45 65 38 48 74 91 85 16 66 53 70 67 90 29 20 18 6 80 11 
2 21 33 38 23 79 66 63 56 90 0 30 18 82 47 8 18 87 62 65 8 30 56 29 44 99 56 6 51 93 64 53 35 99 84 78 38 90 55 5 44 12 30 77 90 33 51 52 43 24 90 44 89 96 29 65 87 59 89 52 23 11 32 10 7 31 68 19 13 74 75 92 66 86 54 43 7 10 37 88 60 9 54 88 19 22 68 15 21 86 10 43 67 21 17 59 78 43 36 76 29 86 35 45 93 83 9 31 65 78 
77 31 29 23 7 83 94 33 56 83 30 0 19 39 12 57 53 84 77 69 26 70 32 60 63 30 67 33 72 61 94 73 28 98 94 69 39 61 98 10 68 79 64 21 36 56 29 46 93 57 52 5 80 76 32 77 53 39 84 81 75 71 27 58 31 65 39 19 96 42 96 58 49 43 53 23 65 71 62 61 97 28 1 27 51 21 27 66 78 19 61 83 60 63 39 24 69 70 62 88 67 20 37 18 22 78 27 33 9 9 
72 37 56 92 97 39 16 46 65 83 18 19 0 21 69 83 55 86 94 75 90 24 95 91 14 12 43 11 89 25 48 69 44 92 14 7 3 68 94 5 29 36 83 78 47 79 7 92 81 21 24 64 72 7 22 65 51 91 10 93 68 86 34 72 9 52 34 62 8 60 42 28 52 41 72 46 95 10 89 47 59 22 55 1 20 20 86 28 98 22 95 19 68 36 96 30 23 57 11 43 73 32 13 83 8 88 9 62 24 35 
7 8 83 55 15 49 52 89 16 6 82 39 21 0 95 4 56 69 16 25 95 63 27 99 48 88 36 17 88 91 79 88 58 25 56 50 53 25 16 68 74 47 21 67 95 13 26 1 98 99 78 12 91 25 55 48 78 41 60 96 80 90 32 57 34 39 93 21 15 10 68 82 80 4 48 71 43 6 21 58 60 55 78 25 59 80 37 81 59 52 64 74 84 89 83 56 79 71 28 24 54 70 69 24 47 40 67 78 27 25 
26 46 32 77 88 82 99 43 93 43 47 12 69 95 0 18 88 2 46 59 22 18 57 34 44 76 99 3 97 91 84 27 27 53 56 8 63 32 80 93 77 47 88 71 70 56 93 99 88 86 75 16 15 57 88 2 85 76 77 91 19 63 46 66 53 29 88 39 21 98 52 60 95 65 15 98 53 45 17 65 31 83 11 46 89 79 60 98 43 65 6 91 77 56 43 21 89 69 19 93 50 84 16 18 62 8 65 56 3 91 
51 69 29 13 76 6 87 58 41 47 8 57 83 4 18 0 5 17 78 69 31 53 85 37 99 60 32 36 33 51 52 6 34 1 10 32 36 89 61 39 12 45 44 8 63 57 97 94 53 25 44 52 11 95 50 19 11 62 40 7 8 80 13 1 4 52 16 68 82 60 67 16 62 65 20 45 88 62 22 1 64 95 85 2 85 61 77 23 15 25 47 33 81 71 55 25 78 90 36 58 32 40 15 94 49 14 20 16 98 42 
21 58 95 60 36 92 46 26 61 22 18 53 55 56 88 5 0 36 26 52 35 23 34 62 79 8 33 4 68 96 58 97 47 90 22 93 85 59 65 41 79 79 63 63 48 28 72 43 15 94 52 19 79 11 36 50 94 80 90 5 6 87 30 54 81 73 30 39 79 55 43 65 69 45 85 74 51 81 51 36 73 16 40 3 36 98 80 16 16 95 67 35 84 94 19 75 19 26 18 50 38 21 41 53 24 19 80 52 33 38 
19 83 75 27 64 9 64 33 71 52 87 84 86 69 2 17 36 0 31 41 51 74 69 81 16 64 65 92 21 55 24 7 25 1 49 81 29 89 2 74 22 1 77 33 41 82 84 31 88 54 34 83 23 4 35 50 89 71 38 34 13 38 80 66 7 80 93 4 33 86 45 30 47 68 67 29 58 85 44 95 94 21 53 32 26 64 53 60 18 23 55 14 31 24 51 22 72 4 24 13 78 8 53 31 27 9 97 85 82 74 
85 97 9 77 33 41 43 34 50 74 62 77 94 16 46 78 26 31 0 40 57 61 26 66 96 28 19 87 2 35 3 18 86 12 94 54 60 83 12 84 4 84 1 94 86 52 92 33 87 85 82 6 12 70 10 47 75 94 33 39 43 64 24 41 64 64 32 19 41 6 93 80 83 75 41 26 69 50 83 87 47 14 22 81 82 95 50 52 15 31 11 86 5 8 55 60 85 99 42 36 57 14 12 53 67 22 82 95 35 62 
12 14 33 72 92 70 23 7 51 43 65 69 75 25 59 69 52 41 40 0 92 86 61 93 99 92 75 9 76 82 28 26 87 37 15 4 93 85 73 44 9 56 18 61 33 99 84 28 96 53 51 81 92 80 27 38 25 57 41 53 39 20 45 21 64 22 66 69 93 19 69 17 79 60 57 45 36 40 62 33 68 54 63 76 9 35 34 93 26 68 2 99 9 90 28 30 90 78 11 62 17 80 75 77 98 1 31 4 82 65 
29 11 9 88 50 6 83 66 33 14 8 26 90 95 22 31 35 51 57 92 0 39 68 31 22 27 96 11 70 34 37 10 1 56 70 11 4 40 78 38 17 26 47 8 44 1 57 15 56 56 53 79 98 54 61 1 15 61 67 96 40 72 8 17 67 62 70 51 59 80 15 78 13 12 80 96 35 7 70 86 45 71 73 13 47 83 8 30 61 83 74 47 87 85 98 48 89 74 77 88 46 37 88 40 38 7 44 59 2 84 
30 24 85 40 1 8 41 52 91 19 30 70 24 63 18 53 23 74 61 86 39 0 30 49 56 46 9 35 30 1 80 20 5 72 2 9 27 41 90 33 71 97 8 39 82 30 4 75 51 92 17 50 43 71 9 32 26 35 55 98 97 71 6 64 95 25 47 21 23 1 70 23 28 26 65 46 39 58 53 53 33 70 80 6 34 65 54 54 54 13 81 97 34 52 56 81 55 13 86 11 82 79 72 85 30 13 64 8 71 83 
15 82 78 44 23 79 45 32 21 24 56 32 95 27 57 85 34 69 26 61 68 30 0 64 65 45 70 76 89 35 15 60 89 34 25 4 42 31 23 54 97 92 92 83 98 37 7 39 99 32 63 48 63 35 72 43 21 91 51 23 3 64 1 93 6 73 53 10 95 98 12 99 41 92 77 88 62 3 23 83 94 99 48 30 96 99 81 2 76 2 53 93 65 76 79 63 77 49 37 50 15 74 22 33 72 1 47 25 81 38 
51 8 51 77 98 38 17 8 53 46 29 60 91 99 34 37 62 81 66 93 31 49 64 0 17 53 69 93 91 8 61 10 35 64 67 69 14 67 92 1 35 71 17 38 18 39 83 15 38 63 1 34 50 78 32 58 59 74 77 29 77 54 59 32 95 14 39 92 88 60 47 63 87 62 40 72 3 60 26 58 33 31 53 92 42 79 58 46 86 26 74 75 7 3 31 78 79 92 97 43 19 84 90 89 57 43 5 12 25 23 
69 25 80 39 71 79 18 14 39 96 44 63 14 48 44 99 79 16 96 99 22 56 65 17 0 7 5 80 29 54 31 22 28 6 36 73 83 49 52 95 25 77 41 86 29 41 48 24 29 85 90 38 6 24 69 21 14 57 30 29 92 55 29 64 82 61 70 84 73 80 49 53 93 93 97 58 95 40 91 79 62 58 6 77 26 80 94 38 45 61 16 93 42 64 8 3 47 76 53 67 26 38 4 26 85 65 1 53 82 47 
88 75 42 92 37 34 89 4 66 53 99 30 12 88 76 60 8 64 28 92 27 46 45 53 7 0 85 18 55 36 79 61 51 47 24 66 1 33 13 91 76 26 56 70 6 15 88 3 92 65 99 88 59 25 46 15 78 87 33 92 73 39 84 21 25 72 28 38 96 83 17 55 97 53 74 6 67 81 95 51 3 90 33 8 90 86 37 67 74 12 36 43 40 53 94 85 21 74 8 53 70 58 63 90 84 17 29 46 83 82 
88 93 65 70 19 28 1 29 81 34 56 67 43 36 99 32 33 65 19 75 96 9 70 69 5 85 0 69 68 62 84 70 39 75 64 73 13 35 25 84 35 23 90 41 88 76 78 39 76 22 16 56 69 83 69 12 37 58 28 80 2 13 2 9 90 64 91 16 86 81 85 28 94 8 15 76 13 62 21 38 63 67 34 58 75 73 6 1 3 5 65 58 36 31 5 76 81 15 3 53 55 16 97 89 1 60 63 2 92 68 
95 21 84 99 28 52 98 16 58 55 6 33 11 17 3 36 4 92 87 9 11 35 76 93 80 18 69 0 82 42 84 45 98 7 88 57 50 48 73 60 94 83 81 99 93 39 11 88 66 96 89 60 74 96 92 35 51 52 83 83 52 92 25 56 69 66 38 58 98 88 45 58 42 33 28 56 64 81 92 77 57 27 63 54 93 23 39 21 59 44 20 46 76 38 85 35 88 59 2 41 86 38 59 8 25 25 84 42 95 28 
97 33 25 34 29 78 83 30 53 15 51 72 89 88 97 33 68 21 2 76 70 30 89 91 29 55 68 82 0 33 15 26 14 79 37 25 4 57 94 32 29 77 3 61 60 73 41 16 38 8 83 39 48 61 61 49 83 9 86 69 40 64 55 14 62 41 74 75 69 25 26 34 19 79 47 79 8 78 9 39 50 15 18 46 58 78 88 27 32 59 24 38 43 94 90 82 97 27 47 19 25 40 76 40 7 69 40 47 22 68 
87 13 21 44 53 31 72 67 90 58 93 61 25 91 91 51 96 55 35 82 34 1 35 8 54 36 62 42 33 0 74 25 72 33 13 87 66 8 3 97 21 4 86 95 36 18 18 56 44 53 96 26 90 30 52 68 48 21 72 80 9 24 61 57 10 47 61 66 63 22 14 23 28 26 18 33 94 15 86 53 26 61 84 69 90 25 58 64 13 19 27 78 26 1 23 15 75 40 76 20 10 72 54 67 28 89 3 72 86 20 
14 66 45 27 95 44 15 62 20 62 64 94 48 79 84 52 58 24 3 28 37 80 15 61 31 79 84 84 15 74 0 15 14 98 83 23 62 82 12 29 45 3 4 11 32 92 97 30 56 30 34 42 66 50 26 86 49 54 49 1 39 8 22 6 16 78 81 64 98 31 33 73 45 41 68 25 79 68 51 49 36 53 32 2 65 32 19 67 16 44 40 21 2 1 46 83 30 27 8 53 4 22 84 80 63 70 68 9 73 44 
10 95 16 57 51 47 37 84 95 41 53 73 69 88 27 6 97 7 18 26 10 20 60 10 22 61 70 45 26 25 15 0 96 90 77 73 59 69 59 82 64 93 53 38 48 52 24 71 1 24 23 88 60 9 3 19 4 15 80 68 35 82 65 45 43 35 79 45 61 68 43 23 42 69 42 40 81 43 68 99 14 26 39 76 6 93 23 40 74 15 48 72 2 34 71 61 20 16 98 99 54 70 21 36 39 50 82 59 13 76 
8 61 31 70 47 10 27 97 65 73 35 28 44 58 27 34 47 25 86 87 1 5 89 35 28 51 39 98 14 72 14 96 0 54 25 96 23 34 25 31 88 1 88 36 46 64 9 42 15 63 11 30 31 38 98 40 11 68 55 78 46 74 69 24 82 65 82 82 33 94 15 31 39 97 88 1 38 67 43 62 19 1 46 83 95 72 71 97 54 1 43 41 40 25 41 93 73 32 5 30 36 36 49 31 48 1 80 8 53 10 
64 25 92 74 8 68 33 59 43 66 99 98 92 25 53 1 90 1 12 37 56 72 34 64 6 47 75 7 79 33 98 90 54 0 25 52 86 92 76 15 82 62 41 13 28 45 1 55 65 17 91 18 60 91 96 38 73 84 82 40 44 71 91 24 31 74 64 91 49 45 95 17 60 91 45 86 49 18 52 49 7 77 67 87 36 45 79 99 1 39 19 82 37 49 4 52 49 4 89 58 17 88 64 87 22 34 95 32 69 39 
62 83 15 53 86 4 2 83 48 23 84 94 14 56 56 10 22 49 94 15 70 2 25 67 36 24 64 88 37 13 83 77 25 25 0 72 70 54 13 97 47 41 18 94 79 62 36 59 32 31 49 31 97 97 21 7 75 36 37 74 39 72 57 72 68 50 62 83 99 84 86 88 48 1 66 22 22 40 77 61 3 41 78 44 84 60 67 79 86 51 23 38 14 16 85 47 39 90 55 28 30 49 16 74 30 52 50 89 65 14 
23 98 20 90 17 68 49 35 22 3 78 69 7 50 8 32 93 81 54 4 11 9 4 69 73 66 73 57 25 87 23 73 96 52 72 0 53 95 60 35 4 65 81 93 58 1 10 91 39 18 14 43 53 10 39 26 58 82 52 70 54 90 70 30 91 63 77 21 56 89 96 2 63 55 11 32 70 96 48 49 11 41 26 73 88 23 50 56 89 4 29 25 21 66 88 10 12 22 59 88 95 65 79 88 72 87 83 1 43 35 
58 3 27 28 30 55 89 31 98 87 38 39 3 53 63 36 85 29 60 93 4 27 42 14 83 1 13 50 4 66 62 59 23 86 70 53 0 67 58 93 7 71 3 13 91 5 1 35 77 9 24 62 28 16 12 86 54 91 48 61 89 30 84 51 70 39 84 75 96 48 6 60 12 36 52 85 74 13 36 17 10 85 59 49 22 48 72 57 52 68 4 93 51 54 88 80 93 40 81 83 83 3 31 86 48 66 42 57 42 80 
2 93 87 44 12 98 23 58 2 2 90 61 68 25 32 89 59 89 83 85 40 41 31 67 49 33 35 48 57 8 82 69 34 92 54 95 67 0 45 95 80 87 34 55 16 28 38 6 65 35 43 88 45 91 43 45 53 89 58 81 3 65 74 96 50 32 32 42 40 15 3 48 36 51 33 33 42 43 96 17 84 29 32 92 12 39 88 17 57 10 65 84 27 3 39 86 31 87 54 32 31 37 16 22 93 48 74 45 5 67 
1 99 8 2 62 64 35 97 90 73 55 98 94 16 80 61 65 2 12 73 78 90 23 92 52 13 25 73 94 3 12 59 25 76 13 60 58 45 0 44 19 60 91 30 78 10 24 91 9 92 15 88 48 73 38 42 90 31 40 6 34 75 20 94 38 90 16 13 98 65 1 70 51 48 19 69 68 67 75 70 56 66 82 51 49 5 51 57 79 39 11 95 25 40 59 56 1 39 94 86 96 71 74 56 16 97 50 56 7 33 
61 11 54 83 15 81 95 50 39 52 5 10 5 68 93 39 41 74 84 44 38 33 54 1 95 91 84 60 32 97 29 82 31 15 97 35 93 95 44 0 30 94 79 20 29 79 42 93 25 90 11 70 16 47 30 45 20 84 75 80 45 99 13 87 78 50 32 54 88 93 79 3 70 97 23 43 3 21 57 40 38 27 22 4 63 29 10 55 2 29 7 45 68 33 30 70 13 91 16 75 93 17 24 16 12 5 72 95 25 81 
82 55 48 95 31 29 22 47 13 72 44 68 29 74 77 12 79 22 4 9 17 71 97 35 25 76 35 94 29 21 45 64 88 82 47 4 7 80 19 30 0 38 64 61 82 50 79 12 1 48 24 82 91 13 57 82 29 36 81 9 17 7 22 35 48 46 43 26 36 76 27 54 88 75 67 78 61 53 50 37 61 96 48 70 35 62 33 48 19 92 92 74 82 13 42 58 71 3 35 81 67 88 72 15 27 40 91 59 46 83 
9 97 61 97 9 38 69 84 19 88 12 79 36 47 47 45 79 1 84 56 26 97 92 71 77 26 23 83 77 4 3 93 1 62 41 65 71 87 60 94 38 0 85 53 14 10 26 48 65 89 40 86 22 46 45 89 84 69 68 71 36 35 25 62 88 74 21 77 73 59 56 16 83 42 64 28 97 83 90 72 74 97 61 90 80 89 23 35 56 8 38 99 1 76 74 64 58 65 40 15 23 27 16 82 77 93 27 50 89 33 
89 83 35 27 41 65 68 42 78 78 30 64 83 21 88 44 63 77 1 18 47 8 92 17 41 56 90 81 3 86 4 53 88 41 18 81 3 34 91 79 64 85 0 26 99 53 61 78 6 47 65 11 98 2 57 73 92 57 22 87 38 73 75 93 15 15 50 89 46 87 31 84 78 72 59 63 43 19 59 76 13 29 46 50 95 23 77 57 90 39 87 12 20 89 51 75 92 91 41 60 3 9 76 72 30 96 11 73 64 14 
14 87 33 85 49 38 49 21 78 63 77 21 78 67 71 8 63 33 94 61 8 39 83 38 86 70 41 99 61 95 11 38 36 13 94 93 13 55 30 20 61 53 26 0 36 62 28 6 49 37 83 68 7 39 19 72 54 16 53 47 98 75 54 4 25 44 26 27 2 7 19 35 32 97 81 99 44 52 37 83 9 3 20 63 95 76 26 36 80 63 77 77 75 71 48 79 32 34 44 10 57 87 47 38 37 11 51 78 20 46 
48 71 20 31 31 94 19 41 89 49 90 36 47 95 70 63 48 41 86 33 44 82 98 18 29 6 88 93 60 36 32 48 46 28 79 58 91 16 78 29 82 14 99 36 0 35 36 8 72 2 4 47 62 7 4 9 37 85 49 82 15 16 49 44 44 58 86 68 47 51 3 1 82 59 19 46 66 28 97 84 59 21 97 44 85 12 99 91 47 38 89 41 7 45 31 59 34 66 22 90 58 1 78 68 16 71 4 48 43 2 
73 67 68 65 24 19 98 51 91 1 33 56 79 13 56 57 28 82 52 99 1 30 37 39 41 15 76 39 73 18 92 52 64 45 62 1 5 28 10 79 50 10 53 62 35 0 82 48 17 69 22 62 30 45 97 67 35 89 87 78 98 39 11 22 17 79 8 54 54 68 78 13 87 86 29 14 62 7 58 46 62 52 94 7 58 41 8 5 93 8 19 52 73 3 83 47 19 87 30 36 12 53 77 38 79 70 25 70 30 78 
31 72 25 23 67 79 12 5 84 43 51 29 7 26 93 97 72 84 92 84 57 4 7 83 48 88 78 11 41 18 97 24 9 1 36 10 1 38 24 42 79 26 61 28 36 82 0 25 43 11 66 86 54 21 14 27 7 32 84 50 66 55 1 51 82 38 77 71 21 55 16 46 30 71 15 14 77 82 48 44 76 63 26 26 73 43 62 45 45 54 33 29 6 21 62 8 52 98 51 84 22 10 78 12 68 36 38 42 10 16 
72 49 84 99 93 71 12 10 40 40 52 46 92 1 99 94 43 31 33 28 15 75 39 15 24 3 39 88 16 56 30 71 42 55 59 91 35 6 91 93 12 48 78 6 8 48 25 0 94 86 77 30 53 26 87 38 16 23 92 37 46 67 4 59 96 73 73 90 17 86 75 33 63 7 74 38 3 46 14 42 34 4 5 31 66 70 89 75 37 66 57 78 71 17 43 98 58 94 6 90 88 30 96 70 87 42 82 52 47 59 
4 55 95 53 65 93 53 1 99 4 43 93 81 98 88 53 15 88 87 96 56 51 99 38 29 92 76 66 38 44 56 1 15 65 32 39 77 65 9 25 1 65 6 49 72 17 43 94 0 40 84 16 76 94 94 53 57 26 80 37 5 83 95 12 43 23 85 29 57 33 59 87 69 67 23 3 74 2 34 81 8 64 70 6 43 16 36 47 82 24 21 5 24 26 47 32 26 19 12 54 46 7 21 6 68 12 45 45 27 86 
71 16 39 4 13 53 77 91 16 58 24 57 21 99 86 25 94 54 85 53 56 92 32 63 85 65 22 96 8 53 30 24 63 17 31 18 9 35 92 90 48 89 47 37 2 69 11 86 40 0 57 81 54 38 47 12 65 57 84 23 57 77 75 72 37 51 32 24 29 1 40 62 33 67 59 47 80 38 54 91 89 34 35 26 79 20 84 53 76 85 64 97 80 99 42 39 40 7 9 1 88 43 19 45 44 94 6 3 63 37 
22 6 48 71 18 11 69 22 38 44 90 52 24 78 75 44 52 34 82 51 53 17 63 1 90 99 16 89 83 96 34 23 11 91 49 14 24 43 15 11 24 40 65 83 4 22 66 77 84 57 0 95 60 84 20 24 31 18 99 40 56 24 17 10 92 31 49 50 38 52 22 1 32 94 19 40 45 50 45 24 37 82 90 70 75 86 69 62 44 47 54 75 13 36 18 12 5 88 27 66 17 76 26 64 25 17 80 85 57 20 
50 18 6 13 34 33 46 75 97 54 44 5 64 12 16 52 19 83 6 81 79 50 48 34 38 88 56 60 39 26 42 88 30 18 31 43 62 88 88 70 82 86 11 68 47 62 86 30 16 81 95 0 34 66 30 39 84 54 70 92 65 20 55 76 70 71 94 23 82 29 98 74 58 51 21 30 33 44 92 48 47 58 80 2 13 40 20 56 60 58 67 89 58 54 56 3 34 45 54 38 63 74 61 70 73 87 83 13 49 9 
58 43 80 40 11 47 65 22 37 44 89 80 72 91 15 11 79 23 12 92 98 43 63 50 6 59 69 74 48 90 66 60 31 60 97 53 28 45 48 16 91 22 98 7 62 30 54 53 76 54 60 34 0 84 65 27 53 18 28 43 49 54 93 15 85 46 29 16 34 90 71 15 91 80 66 14 27 52 24 94 11 73 52 30 20 3 37 23 57 99 95 59 22 35 40 55 29 12 60 3 4 87 11 28 2 62 71 13 31 68 
4 21 64 84 29 64 90 34 99 75 96 76 7 25 57 95 11 4 70 80 54 71 35 78 24 25 83 96 61 30 50 9 38 91 97 10 16 91 73 47 13 46 2 39 7 45 21 26 94 38 84 66 84 0 80 62 58 8 43 4 54 90 13 75 76 60 35 70 51 98 93 22 86 76 44 4 85 7 2 66 97 19 54 8 71 47 26 35 56 72 64 95 12 13 50 80 68 55 70 82 42 32 83 34 74 10 89 75 96 2 
69 49 88 49 76 94 41 39 2 99 29 32 22 55 88 50 36 35 10 27 61 9 72 32 69 46 69 92 61 52 26 3 98 96 21 39 12 43 38 30 57 45 57 19 4 97 14 87 94 47 20 30 65 80 0 20 12 73 42 24 36 59 30 15 2 50 95 40 28 58 20 33 12 52 88 86 65 77 61 9 40 85 98 19 4 47 41 32 96 43 63 24 17 89 32 98 76 84 7 19 46 65 54 86 44 51 43 14 8 1 
25 23 33 62 6 19 8 38 33 98 65 77 65 48 2 19 50 50 47 38 1 32 43 58 21 15 12 35 49 68 86 19 40 38 7 26 86 45 42 45 82 89 73 72 9 67 27 38 53 12 24 39 27 62 20 0 6 14 9 39 67 60 98 67 6 26 89 7 16 75 60 20 51 23 3 76 76 51 42 9 48 84 28 10 71 19 79 70 62 84 36 36 57 54 23 14 49 22 8 7 78 29 44 85 71 98 29 74 90 7 
44 14 43 71 82 37 8 44 31 76 87 53 51 78 85 11 94 89 75 25 15 26 21 59 14 78 37 51 83 48 49 4 11 73 75 58 54 53 90 20 29 84 92 54 37 35 7 16 57 65 31 84 53 58 12 6 0 54 14 73 55 90 51 49 39 58 35 69 66 52 25 86 48 39 85 39 32 79 79 9 37 96 73 38 78 35 40 20 68 32 71 65 56 60 57 27 90 78 31 53 89 32 84 44 1 52 11 73 40 77 
77 98 75 14 6 30 34 34 8 60 59 39 91 41 76 62 80 71 94 57 61 35 91 74 57 87 58 52 9 21 54 15 68 84 36 82 91 89 31 84 36 69 57 16 85 89 32 23 26 57 18 54 18 8 73 14 54 0 14 70 70 50 12 13 60 14 90 32 20 26 65 87 67 19 87 92 99 99 37 49 15 41 46 79 64 1 55 21 85 24 56 60 41 38 3 35 70 44 91 41 84 61 46 19 69 27 61 46 59 24 
27 54 67 37 43 40 59 96 51 67 89 84 10 60 77 40 90 38 33 41 67 55 51 77 30 33 28 83 86 72 49 80 55 82 37 52 48 58 40 75 81 68 22 53 49 87 84 92 80 84 99 70 28 43 42 9 14 14 0 2 41 14 78 63 52 95 48 62 58 65 98 24 2 3 68 84 5 9 78 15 14 99 7 96 69 98 87 29 74 35 84 59 49 10 15 32 25 25 23 75 26 20 97 75 62 86 8 54 89 62 
53 85 89 24 87 29 8 42 51 75 52 81 93 96 91 7 5 34 39 53 96 98 23 29 29 92 80 83 69 80 1 68 78 40 74 70 61 81 6 80 9 71 87 47 82 78 50 37 37 23 40 92 43 4 24 39 73 70 2 0 76 69 18 44 29 18 53 49 92 95 60 22 87 72 93 10 11 21 84 16 47 39 20 61 7 24 32 92 1 84 72 10 68 66 3 66 48 87 26 20 5 53 71 5 23 63 60 41 70 71 
81 11 99 23 53 55 35 72 33 92 23 75 68 80 19 8 6 13 43 39 40 97 3 77 92 73 2 52 40 9 39 35 46 44 39 54 89 3 34 45 17 36 38 98 15 98 66 46 5 57 56 65 49 54 36 67 55 70 41 76 0 24 77 32 59 28 73 31 19 57 45 37 60 89 57 84 57 2 49 9 55 24 94 54 71 24 43 69 62 31 73 27 36 89 95 22 61 33 91 87 19 10 30 75 31 59 40 95 26 74 
42 97 31 67 58 30 5 70 44 6 11 71 86 90 63 80 87 38 64 20 72 71 64 54 55 39 13 92 64 24 8 82 74 71 72 90 30 65 75 99 7 35 73 75 16 39 55 67 83 77 24 20 54 90 59 60 90 50 14 69 24 0 74 54 76 78 61 27 7 85 68 78 34 92 52 37 34 84 41 14 65 52 74 7 57 22 60 31 46 69 58 20 83 32 71 61 76 34 18 79 97 1 83 42 68 86 63 35 25 98 
83 56 18 93 57 56 6 71 42 27 32 27 34 32 46 13 30 80 24 45 8 6 1 59 29 84 2 25 55 61 22 65 69 91 57 70 84 74 20 13 22 25 75 54 49 11 1 4 95 75 17 55 93 13 30 98 51 12 78 18 77 74 0 73 13 51 64 65 34 60 36 20 7 24 97 61 19 97 63 10 24 41 77 98 7 80 35 81 7 33 13 71 96 52 46 18 88 87 85 7 58 58 84 73 7 88 19 31 7 88 
16 62 69 96 79 91 62 24 70 68 10 58 72 57 66 1 54 66 41 21 17 64 93 32 64 21 9 56 14 57 6 45 24 24 72 30 51 96 94 87 35 62 93 4 44 22 51 59 12 72 10 76 15 75 15 67 49 13 63 44 32 54 73 0 14 54 62 41 39 17 48 39 98 1 66 49 70 32 66 1 76 77 20 85 83 64 39 55 87 13 22 19 46 60 61 13 29 12 14 61 83 60 88 84 3 34 92 10 3 77 
65 57 65 54 88 28 51 87 2 32 7 31 9 34 53 4 81 7 64 64 67 95 6 95 82 25 90 69 62 10 16 43 82 31 68 91 70 50 38 78 48 88 15 25 44 17 82 96 43 37 92 70 85 76 2 6 39 60 52 29 59 76 13 14 0 44 82 18 89 54 51 76 7 37 95 17 77 99 63 23 71 70 83 16 96 19 22 10 3 79 79 7 97 60 37 26 6 62 9 7 21 57 14 94 4 79 6 82 91 40 
69 90 61 10 82 61 77 40 98 12 31 65 52 39 29 52 73 80 64 22 62 25 73 14 61 72 64 66 41 47 78 35 65 74 50 63 39 32 90 50 46 74 15 44 58 79 38 73 23 51 31 71 46 60 50 26 58 14 95 18 28 78 51 54 44 0 99 8 33 11 69 45 99 82 80 98 20 50 67 62 51 26 41 25 56 3 87 6 10 95 81 26 54 72 66 56 64 8 69 87 40 58 74 78 39 32 77 60 82 28 
26 22 79 42 11 13 46 32 52 4 68 39 34 93 88 16 30 93 32 66 70 47 53 39 70 28 91 38 74 61 81 79 82 64 62 77 84 32 16 32 43 21 50 26 86 8 77 73 85 32 49 94 29 35 95 89 35 90 48 53 73 61 64 62 82 99 0 90 40 9 4 15 99 10 76 79 82 65 74 84 16 65 53 48 27 54 17 26 8 25 5 10 26 37 90 81 53 70 55 26 42 19 12 81 4 2 18 51 91 19 
99 97 18 58 73 18 97 38 31 55 19 19 62 21 39 68 39 4 19 69 51 21 10 92 84 38 16 58 75 66 64 45 82 91 83 21 75 42 13 54 26 77 89 27 68 54 71 90 29 24 50 23 16 70 40 7 69 32 62 49 31 27 65 41 18 8 90 0 46 45 49 21 92 17 36 30 8 29 7 30 98 97 95 3 89 91 61 70 1 87 15 69 74 16 87 90 45 68 16 51 35 53 15 71 31 29 93 73 35 60 
88 84 40 89 49 72 22 39 83 2 13 96 8 15 21 82 79 33 41 93 59 23 95 88 73 96 86 98 69 63 98 61 33 49 99 56 96 40 98 88 36 73 46 2 47 54 21 17 57 29 38 82 34 51 28 16 66 20 58 92 19 7 34 39 89 33 40 46 0 15 81 13 87 64 86 79 3 10 76 31 33 20 68 77 31 71 9 18 75 67 49 66 17 33 18 78 59 12 67 34 8 7 5 63 1 22 21 38 51 59 
8 26 36 94 20 92 93 57 50 14 74 42 60 10 98 60 55 86 6 19 80 1 98 60 80 83 81 88 25 22 31 68 94 45 84 89 48 15 65 93 76 59 87 7 51 68 55 86 33 1 52 29 90 98 58 75 52 26 65 95 57 85 60 17 54 11 9 45 15 0 82 79 7 47 13 62 50 52 28 60 15 22 88 54 14 75 35 50 71 24 54 52 13 71 11 99 5 97 12 75 38 32 44 95 38 87 1 39 26 23 
27 15 82 77 13 8 72 88 82 60 75 96 42 68 52 67 43 45 93 69 15 70 12 47 49 17 85 45 26 14 33 43 15 95 86 96 6 3 1 79 27 56 31 19 3 78 16 75 59 40 22 98 71 93 20 60 25 65 98 60 45 68 36 48 51 69 4 49 81 82 0 45 94 47 86 14 32 47 82 67 37 53 35 32 14 48 19 26 64 87 6 24 20 31 5 8 52 99 67 65 28 96 56 1 44 44 91 63 65 5 
26 14 29 83 26 84 93 29 83 57 92 58 28 82 60 16 65 30 80 17 78 23 99 63 53 55 28 58 34 23 73 23 31 17 88 2 60 48 70 3 54 16 84 35 1 13 46 33 87 62 1 74 15 22 33 20 86 87 24 22 37 78 20 39 76 45 15 21 13 79 45 0 7 25 24 28 31 69 26 94 51 68 3 99 86 57 19 13 25 38 70 65 59 1 65 14 22 38 99 15 18 91 90 23 21 51 73 49 11 24 
23 85 23 12 78 57 26 37 96 82 66 49 52 80 95 62 69 47 83 79 13 28 41 87 93 97 94 42 19 28 45 42 39 60 48 63 12 36 51 70 88 83 78 32 82 87 30 63 69 33 32 58 91 86 12 51 48 67 2 87 60 34 7 98 7 99 99 92 87 7 94 7 0 97 66 13 21 86 22 47 32 27 35 59 91 83 70 15 80 84 79 63 26 68 18 20 55 38 1 81 62 62 4 17 54 78 25 65 20 72 
10 44 39 37 17 52 98 67 72 9 86 43 41 4 65 65 45 68 75 60 12 26 92 62 93 53 8 33 79 26 41 69 97 91 1 55 36 51 48 97 75 42 72 97 59 86 71 7 67 67 94 51 80 76 52 23 39 19 3 72 89 92 24 1 37 82 10 17 64 47 47 25 97 0 63 54 5 5 72 84 70 80 61 98 54 33 88 7 3 41 6 22 4 12 80 68 7 76 47 17 64 5 20 41 38 63 59 6 80 87 
68 7 42 17 5 33 2 11 22 39 54 53 72 48 15 20 85 67 41 57 80 65 77 40 97 74 15 28 47 18 68 42 88 45 66 11 52 33 19 23 67 64 59 81 19 29 15 74 23 59 19 21 66 44 88 3 85 87 68 93 57 52 97 66 95 80 76 36 86 13 86 24 66 63 0 75 45 11 7 33 41 9 67 96 73 58 25 95 34 48 95 53 92 12 37 7 61 30 50 56 7 41 64 8 76 27 56 32 83 96 
24 78 75 31 89 77 14 85 19 5 43 23 46 71 98 45 74 29 26 45 96 46 88 72 58 6 76 56 79 33 25 40 1 86 22 32 85 33 69 43 78 28 63 99 46 14 14 38 3 47 40 30 14 4 86 76 39 92 84 10 84 37 61 49 17 98 79 30 79 62 14 28 13 54 75 0 55 78 77 7 96 91 79 58 14 84 24 21 66 91 85 55 67 84 88 38 17 8 81 69 16 16 83 21 48 21 59 10 97 56 
28 57 78 85 28 63 39 1 47 71 7 65 95 43 53 88 51 58 69 36 35 39 62 3 95 67 13 64 8 94 79 81 38 49 22 70 74 42 68 3 61 97 43 44 66 62 77 3 74 80 45 33 27 85 65 76 32 99 5 11 57 34 19 70 77 20 82 8 3 50 32 31 21 5 45 55 0 60 89 8 26 10 11 37 40 21 83 76 29 99 41 86 84 6 11 49 61 68 60 34 22 77 84 7 22 15 42 66 79 69 
38 60 71 58 51 52 86 17 45 77 10 71 10 6 45 62 81 85 50 40 7 58 3 60 40 81 62 81 78 15 68 43 67 18 40 96 13 43 67 21 53 83 19 52 28 7 82 46 2 38 50 44 52 7 77 51 79 99 9 21 2 84 97 32 99 50 65 29 10 52 47 69 86 5 11 78 60 0 39 92 54 81 95 13 90 78 61 58 52 15 68 49 55 10 23 34 99 57 81 15 32 20 43 32 74 28 62 15 54 41 
58 16 26 36 69 97 28 31 92 74 37 62 89 21 17 22 51 44 83 62 70 53 23 26 91 95 21 92 9 86 51 68 43 52 77 48 36 96 75 57 50 90 59 37 97 58 48 14 34 54 45 92 24 2 61 42 79 37 78 84 49 41 63 66 63 67 74 7 76 28 82 26 22 72 7 77 89 39 0 91 44 12 74 73 32 52 59 16 49 4 26 65 29 69 60 60 84 78 5 70 67 74 44 88 84 74 79 63 5 73 
84 25 49 42 4 31 39 4 10 6 88 61 47 58 65 1 36 95 87 33 86 53 83 58 79 51 38 77 39 53 49 99 62 49 61 49 17 17 70 40 37 72 76 83 84 46 44 42 81 91 24 48 94 66 9 9 9 49 15 16 9 14 10 1 23 62 84 30 31 60 67 94 47 84 33 7 8 92 91 0 41 98 13 19 55 36 20 32 10 71 30 33 86 95 87 85 84 12 85 97 96 83 29 90 37 18 96 22 11 80 
39 10 51 82 59 23 85 79 5 80 60 97 59 60 31 64 73 94 47 68 45 33 94 33 62 3 63 57 50 26 36 14 19 7 3 11 10 84 56 38 61 74 13 9 59 62 76 34 8 89 37 47 11 97 40 48 37 15 14 47 55 65 24 76 71 51 16 98 33 15 37 51 32 70 41 96 26 54 44 41 0 62 40 89 91 72 84 46 13 20 45 20 85 64 42 64 31 52 12 54 32 75 92 69 11 21 88 73 78 1 
9 67 63 3 13 6 34 60 78 85 9 28 22 55 83 95 16 21 14 54 71 70 99 31 58 90 67 27 15 61 53 26 1 77 41 41 85 29 66 27 96 97 29 3 21 52 63 4 64 34 82 58 73 19 85 84 96 41 99 39 24 52 41 77 70 26 65 97 20 22 53 68 27 80 9 91 10 81 12 98 62 0 39 89 48 6 47 75 72 94 58 18 47 38 88 88 74 4 51 64 64 61 53 49 52 7 64 94 2 25 
33 72 45 86 3 92 2 54 64 60 54 1 55 78 11 85 40 53 22 63 73 80 48 53 6 33 34 63 18 84 32 39 46 67 78 26 59 32 82 22 48 61 46 20 97 94 26 5 70 35 90 80 52 54 98 28 73 46 7 20 94 74 77 20 83 41 53 95 68 88 35 3 35 61 67 79 11 95 74 13 40 39 0 23 89 49 35 23 40 19 64 75 89 18 8 28 87 79 3 51 17 44 80 12 78 14 95 39 1 72 
35 54 55 94 77 96 32 70 24 32 88 27 1 25 46 2 3 32 81 76 13 6 30 92 77 8 58 54 46 69 2 76 83 87 44 73 49 92 51 4 70 90 50 63 44 7 26 31 6 26 70 2 30 8 19 10 38 79 96 61 54 7 98 85 16 25 48 3 77 54 32 99 59 98 96 58 37 13 73 19 89 89 23 0 27 93 77 95 89 55 17 63 74 57 54 40 19 65 79 69 59 51 54 44 48 51 48 88 95 55 
11 70 1 37 97 23 39 50 96 91 19 51 20 59 89 85 36 26 82 9 47 34 96 42 26 90 75 93 58 90 65 6 95 36 84 88 22 12 49 63 35 80 95 95 85 58 73 66 43 79 75 13 20 71 4 71 78 64 69 7 71 57 7 83 96 56 27 89 31 14 14 86 91 54 73 14 40 90 32 55 91 48 89 27 0 75 66 4 45 12 53 57 41 15 39 98 14 47 62 6 62 15 78 66 93 48 77 14 6 23 
24 37 87 47 97 77 29 75 60 8 22 21 20 80 79 61 98 64 95 35 83 65 99 79 80 86 73 23 78 25 32 93 72 45 60 23 48 39 5 29 62 89 23 76 12 41 43 70 16 20 86 40 3 47 47 19 35 1 98 24 24 22 80 64 19 3 54 91 71 75 48 57 83 33 58 84 21 78 52 36 72 6 49 93 75 0 42 7 16 31 47 93 33 19 30 72 4 1 51 70 41 36 52 16 50 9 68 66 35 35 
16 22 17 81 62 23 76 47 65 67 68 27 86 37 60 77 80 53 50 34 8 54 81 58 94 37 6 39 88 58 19 23 71 79 67 50 72 88 51 10 33 23 77 26 99 8 62 89 36 84 69 20 37 26 41 79 40 55 87 32 43 60 35 39 22 87 17 61 9 35 19 19 70 88 25 24 83 61 59 20 84 47 35 77 66 42 0 86 39 3 46 59 18 34 93 9 45 6 10 42 51 74 78 63 8 33 80 67 42 78 
88 41 20 28 16 19 32 28 83 33 15 66 28 81 98 23 16 60 52 93 30 54 2 46 38 67 1 21 27 64 67 40 97 99 79 56 57 17 57 55 48 35 57 36 91 5 45 75 47 53 62 56 23 35 32 70 20 21 29 92 69 31 81 55 10 6 26 70 18 50 26 13 15 7 95 21 76 58 16 32 46 75 23 95 4 7 86 0 77 49 92 14 76 2 33 28 10 37 8 55 12 90 37 81 59 77 64 24 33 66 
26 78 10 73 75 94 52 34 32 47 21 78 98 59 43 15 16 18 15 26 61 54 76 86 45 74 3 59 32 13 16 74 54 1 86 89 52 57 79 2 19 56 90 80 47 93 45 37 82 76 44 60 57 56 96 62 68 85 74 1 62 46 7 87 3 10 8 1 75 71 64 25 80 3 34 66 29 52 49 10 13 72 40 89 45 16 39 77 0 80 76 74 63 18 87 66 6 77 60 45 93 30 57 57 68 54 18 13 53 83 
72 92 93 29 13 30 67 73 2 76 86 19 22 52 65 25 95 23 31 68 83 13 2 26 61 12 5 44 59 19 44 15 1 39 51 4 68 10 39 29 92 8 39 63 38 8 54 66 24 85 47 58 99 72 43 84 32 24 35 84 31 69 33 13 79 95 25 87 67 24 87 38 84 41 48 91 99 15 4 71 20 94 19 55 12 31 3 49 80 0 94 20 61 58 34 62 89 74 80 33 61 71 19 35 74 39 72 23 16 55 
93 50 52 3 19 19 68 69 85 83 10 61 95 64 6 47 67 55 11 2 74 81 53 74 16 36 65 20 24 27 40 48 43 19 23 29 4 65 11 7 92 38 87 77 89 19 33 57 21 64 54 67 95 64 63 36 71 56 84 72 73 58 13 22 79 81 5 15 49 54 6 70 79 6 95 85 41 68 26 30 45 58 64 17 53 47 46 92 76 94 0 28 24 27 12 61 31 62 98 74 45 81 24 65 72 18 65 13 85 39 
75 48 11 14 31 53 33 40 79 45 43 83 19 74 91 33 35 14 86 99 47 97 93 75 93 43 58 46 38 78 21 72 41 82 38 25 93 84 95 45 74 99 12 77 41 52 29 78 5 97 75 89 59 95 24 36 65 60 59 10 27 20 71 19 7 26 10 69 66 52 24 65 63 22 53 55 86 49 65 33 20 18 75 63 57 93 59 14 74 20 28 0 77 38 38 84 44 88 78 14 44 91 28 47 69 5 99 32 59 90 
63 78 69 42 60 32 75 33 69 65 67 60 68 84 77 81 84 31 5 9 87 34 65 7 42 40 36 76 43 26 2 2 40 37 14 21 51 27 25 68 82 1 20 75 7 73 6 71 24 80 13 58 22 12 17 57 56 41 49 68 36 83 96 46 97 54 26 74 17 13 20 59 26 4 92 67 84 55 29 86 85 47 89 74 41 33 18 76 63 61 24 77 0 42 64 97 83 55 88 40 72 37 40 71 17 11 26 48 12 79 
47 41 24 37 6 50 33 98 55 38 21 63 36 89 56 71 94 24 8 90 85 52 76 3 64 53 31 38 94 1 1 34 25 49 16 66 54 3 40 33 13 76 89 71 45 3 21 17 26 99 36 54 35 13 89 54 60 38 10 66 89 32 52 60 60 72 37 16 33 71 31 1 68 12 12 84 6 10 69 95 64 38 18 57 15 19 34 2 18 58 27 38 42 0 64 44 94 42 24 34 89 47 26 46 31 95 87 26 97 38 
33 79 15 41 17 99 98 8 26 48 17 39 96 83 43 55 19 51 55 28 98 56 79 31 8 94 5 85 90 23 46 71 41 4 85 88 88 39 59 30 42 74 51 48 31 83 62 43 47 42 18 56 40 50 32 23 57 3 15 3 95 71 46 61 37 66 90 87 18 11 5 65 18 80 37 88 11 23 60 87 42 88 8 54 39 30 93 33 87 34 12 38 64 64 0 7 23 30 84 32 88 98 54 16 84 87 16 79 36 7 
89 46 64 19 96 84 6 34 84 74 59 24 30 56 21 25 75 22 60 30 48 81 63 78 3 85 76 35 82 15 83 61 93 52 47 10 80 86 56 70 58 64 75 79 59 47 8 98 32 39 12 3 55 80 98 14 27 35 32 66 22 61 18 13 26 56 81 90 78 99 8 14 20 68 7 38 49 34 60 85 64 88 28 40 98 72 9 28 66 62 61 84 97 44 7 0 2 9 83 12 79 81 93 40 7 27 74 77 65 35 
24 88 22 98 97 94 1 63 28 91 78 69 23 79 89 78 19 72 85 90 89 55 77 79 47 21 81 88 97 75 30 20 73 49 39 12 93 31 1 13 71 58 92 32 34 19 52 58 26 40 5 34 29 68 76 49 90 70 25 48 61 76 88 29 6 64 53 45 59 5 52 22 55 7 61 17 61 99 84 84 31 74 87 19 14 4 45 10 6 89 31 44 83 94 23 2 0 27 83 39 92 9 19 25 6 56 46 3 25 48 
56 17 47 39 61 46 38 15 57 85 43 70 57 71 69 90 26 4 99 78 74 13 49 92 76 74 15 59 27 40 27 16 32 4 90 22 40 87 39 91 3 65 91 34 66 87 98 94 19 7 88 45 12 55 84 22 78 44 25 87 33 34 87 12 62 8 70 68 12 97 99 38 38 76 30 8 68 57 78 12 52 4 79 65 47 1 6 37 77 74 62 88 55 42 30 9 27 0 58 40 80 38 52 10 38 9 70 16 57 67 
66 29 4 64 44 52 73 78 93 16 36 62 11 28 19 36 18 24 42 11 77 86 37 97 53 8 3 2 47 76 8 98 5 89 55 59 81 54 94 16 35 40 41 44 22 30 51 6 12 9 27 54 60 70 7 8 31 91 23 26 91 18 85 14 9 69 55 16 67 12 67 99 1 47 50 81 60 81 5 85 12 51 3 79 62 51 10 8 60 80 98 78 88 24 84 83 83 58 0 38 23 76 19 7 78 72 35 41 53 25 
78 46 57 47 32 87 44 44 9 66 76 88 43 24 93 58 50 13 36 62 88 11 50 43 67 53 53 41 19 20 53 99 30 58 28 88 83 32 86 75 81 15 60 10 90 36 84 90 54 1 66 38 3 82 19 7 53 41 75 20 87 79 7 61 7 87 26 51 34 75 65 15 81 17 56 69 34 15 70 97 54 64 51 69 6 70 42 55 45 33 74 14 40 34 32 12 39 40 38 0 50 7 33 67 13 59 87 33 49 46 
4 68 89 90 45 16 25 62 56 53 29 67 73 54 50 32 38 78 57 17 46 82 15 19 26 70 55 86 25 10 4 54 36 17 30 95 83 31 96 93 67 23 3 57 58 12 22 88 46 88 17 63 4 42 46 78 89 84 26 5 19 97 58 83 21 40 42 35 8 38 28 18 62 64 7 16 22 32 67 96 32 64 17 59 62 41 51 12 93 61 45 44 72 89 88 79 92 80 23 50 0 56 33 27 16 60 57 31 67 28 
1 67 81 3 25 72 17 86 77 70 86 20 32 70 84 40 21 8 14 80 37 79 74 84 38 58 16 38 40 72 22 70 36 88 49 65 3 37 71 17 88 27 9 87 1 53 10 30 7 43 76 74 87 32 65 29 32 61 20 53 10 1 58 60 57 58 19 53 7 32 96 91 62 5 41 16 77 20 74 83 75 61 44 51 15 36 74 90 30 71 81 91 37 47 98 81 9 38 76 7 56 0 94 21 49 39 23 65 62 85 
78 79 47 99 63 49 97 37 47 67 35 37 13 69 16 15 41 53 12 75 88 72 22 90 4 63 97 59 76 54 84 21 49 64 16 79 31 16 74 24 72 16 76 47 78 77 78 96 21 19 26 61 11 83 54 44 84 46 97 71 30 83 84 88 14 74 12 15 5 44 56 90 4 20 64 83 84 43 44 29 92 53 80 54 78 52 78 37 57 19 24 28 40 26 54 93 19 52 19 33 33 94 0 88 68 70 67 8 16 26 
7 47 55 29 80 29 97 13 50 90 45 18 83 24 18 94 53 31 53 77 40 85 33 89 26 90 89 8 40 67 80 36 31 87 74 88 86 22 56 16 15 82 72 38 68 38 12 70 6 45 64 70 28 34 86 85 44 19 75 5 75 42 73 84 94 78 81 71 63 95 1 23 17 41 8 21 7 32 88 90 69 49 12 44 66 16 63 81 57 35 65 47 71 46 16 40 25 10 7 67 27 21 88 0 95 63 28 94 19 91 
53 1 80 79 22 84 42 54 12 29 93 22 8 47 62 49 24 27 67 98 38 30 72 57 85 84 1 25 7 28 63 39 48 22 30 72 48 93 16 12 27 77 30 37 16 79 68 87 68 44 25 73 2 74 44 71 1 69 62 23 31 68 7 3 4 39 4 31 1 38 44 21 54 38 76 48 22 74 84 37 11 52 78 48 93 50 8 59 68 74 72 69 17 31 84 7 6 38 78 13 16 49 68 95 0 85 74 80 37 1 
86 30 72 76 20 28 25 27 9 20 83 78 88 40 8 14 19 9 22 1 7 13 1 43 65 17 60 25 69 89 70 50 1 34 52 87 66 48 97 5 40 93 96 11 71 70 36 42 12 94 17 87 62 10 51 98 52 27 86 63 59 86 88 34 79 32 2 29 22 87 44 51 78 63 27 21 15 28 74 18 21 7 14 51 48 9 33 77 54 39 18 5 11 95 87 27 56 9 72 59 60 39 70 63 85 0 13 24 98 10 
71 64 15 59 78 44 22 83 62 18 9 27 9 67 65 20 80 97 82 31 44 64 47 5 1 29 63 84 40 3 68 82 80 95 50 83 42 74 50 72 91 27 11 51 4 25 38 82 45 6 80 83 71 89 43 29 11 61 8 60 40 63 19 92 6 77 18 93 21 1 91 73 25 59 56 59 42 62 79 96 88 64 95 48 77 68 80 64 18 72 65 99 26 87 16 74 46 70 35 87 57 23 67 28 74 13 0 47 87 76 
3 76 78 43 34 20 28 13 75 6 31 33 62 78 56 16 52 85 95 4 59 8 25 12 53 46 2 42 47 72 9 59 8 32 89 1 57 45 56 95 59 50 73 78 48 70 42 52 45 3 85 13 13 75 14 74 73 46 54 41 95 35 31 10 82 60 51 73 38 39 63 49 65 6 32 10 66 15 63 22 73 94 39 88 14 66 67 24 13 23 13 32 48 26 79 77 3 16 41 33 31 65 8 94 80 24 47 0 75 6 
77 36 16 27 5 80 47 26 24 80 65 9 24 27 3 98 33 82 35 82 2 71 81 25 82 83 92 95 22 86 73 13 53 69 65 43 42 5 7 25 46 89 64 20 43 30 10 47 27 63 57 49 31 96 8 90 40 59 89 70 26 25 7 3 91 82 91 35 51 26 65 11 20 80 83 97 79 54 5 11 78 2 1 95 6 35 42 33 53 16 85 59 12 97 36 65 25 57 53 49 67 62 16 19 37 98 87 75 0 70 
92 54 26 22 40 71 36 2 89 11 78 9 35 25 91 42 38 74 62 65 84 83 38 23 47 82 68 28 68 20 44 76 10 39 14 35 80 67 33 81 83 33 14 46 2 78 16 59 86 37 20 9 68 2 1 7 77 24 62 71 74 98 88 77 40 28 19 60 59 23 5 24 72 87 96 56 69 41 73 80 1 25 72 55 23 35 78 66 83 55 39 90 79 38 7 35 48 67 25 46 28 85 26 91 1 10 76 6 70 0 
