112
0 38 13 73 10 76 6 80 65 17 2 77 72 7 26 51 21 19 85 12 29 30 15 51 69 88 88 95 97 87 14 10 8 64 62 23 58 2 1 61 82 9 89 14 48 73 31 72 4 71 22 50 58 4 69 25 44 77 27 53 81 42 83 16 65 69 26 99 88 8 27 26 23 10 68 24 28 38 58 84 39 9 33 35 11 24 16 88 26 72 93 75 63 47 33 89 24 56 66 78 4 1 78 7 53 86 71 3 77 92 22 76 
38 0 8 78 73 76 77 44 21 31 37 8 46 69 58 83 97 14 11 24 82 8 25 75 93 21 33 13 66 95 61 25 83 98 3 93 99 11 55 97 83 87 71 67 72 49 55 16 6 18 43 21 49 23 14 98 54 85 11 97 56 62 57 90 22 97 84 26 15 14 85 44 7 78 57 60 16 25 10 67 72 54 70 37 22 41 78 92 50 48 78 41 79 46 88 17 29 46 68 67 79 47 1 30 64 76 36 54 94 34 3 85 
13 8 0 84 49 55 33 29 56 83 32 29 95 75 9 33 9 85 78 51 80 42 65 84 25 21 45 16 31 92 15 20 27 87 8 54 48 61 35 33 20 68 25 84 95 39 48 6 80 64 88 33 43 75 67 89 99 31 18 69 65 61 79 18 40 36 82 29 23 39 42 75 78 71 26 49 51 63 45 55 1 87 17 20 10 93 52 11 69 24 15 64 22 47 4 57 89 81 47 55 80 72 15 78 16 26 54 85 59 86 30 45 
73 78 84 0 38 23 92 55 77 13 60 27 77 72 88 40 44 77 39 92 70 99 34 44 27 57 70 74 53 90 28 44 2 83 95 97 27 85 31 65 23 99 53 4 71 13 40 84 49 62 71 14 37 24 23 67 93 96 54 10 42 58 89 94 77 83 12 37 17 31 85 58 36 42 82 3 86 94 37 47 81 28 73 29 3 14 42 37 41 19 98 39 64 47 90 3 99 29 79 76 59 43 27 22 59 17 93 38 12 23 7 97 
10 73 49 38 0 15 88 76 36 64 33 92 50 1 23 98 71 37 19 28 29 53 95 51 47 8 86 17 30 12 62 15 31 9 41 49 31 24 67 93 65 13 18 34 11 29 76 6 82 6 43 87 53 58 57 79 88 82 11 73 49 20 13 26 78 17 5 89 28 51 69 4 59 13 3 77 97 97 62 16 75 13 19 31 60 6 17 96 97 61 44 32 45 25 63 80 22 20 78 34 5 40 68 35 35 43 79 83 39 49 82 6 
76 76 55 23 15 0 92 9 41 70 6 8 79 38 79 34 28 52 78 31 44 47 10 68 4 68 55 98 64 81 29 38 65 38 94 19 79 71 93 53 11 33 47 64 94 19 37 30 40 29 55 30 56 91 28 61 13 18 72 92 8 84 57 52 33 77 63 52 97 31 23 6 92 96 23 77 23 19 94 30 19 53 32 50 99 84 94 46 52 87 16 72 49 29 84 28 44 20 80 71 89 87 12 66 94 16 52 99 87 46 64 43 
6 77 33 92 88 92 0 23 83 41 45 17 18 89 1 98 83 72 15 37 27 33 2 49 89 23 35 95 22 69 68 49 19 98 12 12 53 77 69 46 65 90 41 8 8 34 59 8 35 5 6 62 51 77 46 97 22 93 72 93 26 98 2 14 39 86 28 39 85 34 2 32 39 29 76 32 52 67 68 33 75 33 98 6 1 38 73 44 25 17 97 97 42 25 22 28 47 36 63 69 63 33 46 89 43 58 26 33 34 7 66 52 
80 44 29 55 76 9 23 0 32 8 14 4 29 16 30 67 62 84 97 59 83 35 31 58 97 50 47 84 42 21 41 51 5 10 1 91 22 75 22 34 39 38 44 34 96 42 72 70 71 24 87 40 32 38 39 57 88 29 37 67 11 85 1 17 31 4 79 60 54 70 50 75 47 28 34 73 69 40 33 98 8 34 63 15 78 44 62 86 37 13 54 27 83 13 26 2 42 56 56 65 16 93 41 61 71 50 51 33 91 21 53 39 
65 21 56 77 36 41 83 32 0 66 81 58 53 90 20 95 65 43 48 22 98 2 90 39 13 19 78 78 89 91 84 40 99 16 38 97 37 99 2 33 31 8 51 51 33 44 42 70 2 98 52 31 83 50 82 83 96 72 22 19 47 45 92 10 5 78 64 24 96 60 65 83 32 2 85 79 69 55 26 84 28 57 93 9 56 77 47 50 12 9 62 75 24 89 90 83 83 6 43 47 22 52 74 43 14 19 24 46 96 53 34 55 
17 31 83 13 64 70 41 8 66 0 15 58 62 41 73 66 23 3 87 2 73 52 72 88 78 63 49 1 43 40 4 58 44 54 44 75 99 98 76 60 67 75 92 6 27 68 32 12 4 55 2 14 60 57 82 9 39 5 71 77 74 6 80 85 60 32 91 8 67 33 47 76 83 45 65 38 48 74 91 85 16 66 53 70 67 90 29 20 18 6 80 11 30 18 82 47 8 18 87 62 65 8 30 56 29 44 99 56 6 51 93 64 
2 37 32 60 33 6 45 14 81 15 0 53 35 99 84 78 38 90 55 5 44 12 30 77 90 33 51 52 43 24 90 44 89 96 29 65 87 59 89 52 23 11 32 10 7 31 68 19 13 74 75 92 66 86 54 43 7 10 37 88 60 9 54 88 19 22 68 15 21 86 10 43 67 21 17 59 78 43 36 76 29 86 35 45 93 83 9 31 65 78 19 39 12 57 53 84 77 69 26 70 32 60 63 30 67 33 72 61 94 73 28 98 
77 8 29 27 92 8 17 4 58 58 53 0 94 69 39 61 98 10 68 79 64 21 36 56 29 46 93 57 52 5 80 76 32 77 53 39 84 81 75 71 27 58 31 65 39 19 96 42 96 58 49 43 53 23 65 71 62 61 97 28 1 27 51 21 27 66 78 19 61 83 60 63 39 24 69 70 62 88 67 20 37 18 22 78 27 33 9 9 21 69 83 55 86 94 75 90 24 95 91 14 12 43 11 89 25 48 69 44 92 14 7 3 
72 46 95 77 50 79 18 29 53 62 35 94 0 68 94 5 29 36 83 78 47 79 7 92 81 21 24 64 72 7 22 65 51 91 10 93 68 86 34 72 9 52 34 62 8 60 42 28 52 41 72 46 95 10 89 47 59 22 55 1 20 20 86 28 98 22 95 19 68 36 96 30 23 57 11 43 73 32 13 83 8 88 9 62 24 35 95 4 56 69 16 25 95 63 27 99 48 88 36 17 88 91 79 88 58 25 56 50 53 25 16 68 
7 69 75 72 1 38 89 16 90 41 99 69 68 0 74 47 21 67 95 13 26 1 98 99 78 12 91 25 55 48 78 41 60 96 80 90 32 57 34 39 93 21 15 10 68 82 80 4 48 71 43 6 21 58 60 55 78 25 59 80 37 81 59 52 64 74 84 89 83 56 79 71 28 24 54 70 69 24 47 40 67 78 27 25 18 88 2 46 59 22 18 57 34 44 76 99 3 97 91 84 27 27 53 56 8 63 32 80 93 77 47 88 
26 58 9 88 23 79 1 30 20 73 84 39 94 74 0 71 70 56 93 99 88 86 75 16 15 57 88 2 85 76 77 91 19 63 46 66 53 29 88 39 21 98 52 60 95 65 15 98 53 45 17 65 31 83 11 46 89 79 60 98 43 65 6 91 77 56 43 21 89 69 19 93 50 84 16 18 62 8 65 56 3 91 5 17 78 69 31 53 85 37 99 60 32 36 33 51 52 6 34 1 10 32 36 89 61 39 12 45 44 8 63 57 
51 83 33 40 98 34 98 67 95 66 78 61 5 47 71 0 97 94 53 25 44 52 11 95 50 19 11 62 40 7 8 80 13 1 4 52 16 68 82 60 67 16 62 65 20 45 88 62 22 1 64 95 85 2 85 61 77 23 15 25 47 33 81 71 55 25 78 90 36 58 32 40 15 94 49 14 20 16 98 42 36 26 52 35 23 34 62 79 8 33 4 68 96 58 97 47 90 22 93 85 59 65 41 79 79 63 63 48 28 72 43 15 
21 97 9 44 71 28 83 62 65 23 38 98 29 21 70 97 0 94 52 19 79 11 36 50 94 80 90 5 6 87 30 54 81 73 30 39 79 55 43 65 69 45 85 74 51 81 51 36 73 16 40 3 36 98 80 16 16 95 67 35 84 94 19 75 19 26 18 50 38 21 41 53 24 19 80 52 33 38 31 41 51 74 69 81 16 64 65 92 21 55 24 7 25 1 49 81 29 89 2 74 22 1 77 33 41 82 84 31 88 54 34 83 
19 14 85 77 37 52 72 84 43 3 90 10 36 67 56 94 94 0 23 4 35 50 89 71 38 34 13 38 80 66 7 80 93 4 33 86 45 30 47 68 67 29 58 85 44 95 94 21 53 32 26 64 53 60 18 23 55 14 31 24 51 22 72 4 24 13 78 8 53 31 27 9 97 85 82 74 40 57 61 26 66 96 28 19 87 2 35 3 18 86 12 94 54 60 83 12 84 4 84 1 94 86 52 92 33 87 85 82 6 12 70 10 
85 11 78 39 19 78 15 97 48 87 55 68 83 95 93 53 52 23 0 47 75 94 33 39 43 64 24 41 64 64 32 19 41 6 93 80 83 75 41 26 69 50 83 87 47 14 22 81 82 95 50 52 15 31 11 86 5 8 55 60 85 99 42 36 57 14 12 53 67 22 82 95 35 62 92 86 61 93 99 92 75 9 76 82 28 26 87 37 15 4 93 85 73 44 9 56 18 61 33 99 84 28 96 53 51 81 92 80 27 38 25 57 
12 24 51 92 28 31 37 59 22 2 5 79 78 13 99 25 19 4 47 0 41 53 39 20 45 21 64 22 66 69 93 19 69 17 79 60 57 45 36 40 62 33 68 54 63 76 9 35 34 93 26 68 2 99 9 90 28 30 90 78 11 62 17 80 75 77 98 1 31 4 82 65 39 68 31 22 27 96 11 70 34 37 10 1 56 70 11 4 40 78 38 17 26 47 8 44 1 57 15 56 56 53 79 98 54 61 1 15 61 67 96 40 
29 82 80 70 29 44 27 83 98 73 44 64 47 26 88 44 79 35 75 41 0 72 8 17 67 62 70 51 59 80 15 78 13 12 80 96 35 7 70 86 45 71 73 13 47 83 8 30 61 83 74 47 87 85 98 48 89 74 77 88 46 37 88 40 38 7 44 59 2 84 30 49 56 46 9 35 30 1 80 20 5 72 2 9 27 41 90 33 71 97 8 39 82 30 4 75 51 92 17 50 43 71 9 32 26 35 55 98 97 71 6 64 
30 8 42 99 53 47 33 35 2 52 12 21 79 1 86 52 11 50 94 53 72 0 95 25 47 21 23 1 70 23 28 26 65 46 39 58 53 53 33 70 80 6 34 65 54 54 54 13 81 97 34 52 56 81 55 13 86 11 82 79 72 85 30 13 64 8 71 83 64 65 45 70 76 89 35 15 60 89 34 25 4 42 31 23 54 97 92 92 83 98 37 7 39 99 32 63 48 63 35 72 43 21 91 51 23 3 64 1 93 6 73 53 
15 25 65 34 95 10 2 31 90 72 30 36 7 98 75 11 36 89 33 39 8 95 0 10 95 98 12 99 41 92 77 88 62 3 23 83 94 99 48 30 96 99 81 2 76 2 53 93 65 76 79 63 77 49 37 50 15 74 22 33 72 1 47 25 81 38 17 53 69 93 91 8 61 10 35 64 67 69 14 67 92 1 35 71 17 38 18 39 83 15 38 63 1 34 50 78 32 58 59 74 77 29 77 54 59 32 95 14 39 92 88 60 
51 75 84 44 51 68 49 58 39 88 77 56 92 99 16 95 50 71 39 20 17 25 10 0 47 63 87 62 40 72 3 60 26 58 33 31 53 92 42 79 58 46 86 26 74 75 7 3 31 78 79 92 97 43 19 84 90 89 57 43 5 12 25 23 7 5 80 29 54 31 22 28 6 36 73 83 49 52 95 25 77 41 86 29 41 48 24 29 85 90 38 6 24 69 21 14 57 30 29 92 55 29 64 82 61 70 84 73 80 49 53 93 
69 93 25 27 47 4 89 97 13 78 90 29 81 78 15 50 94 38 43 45 67 47 95 47 0 93 97 58 95 40 91 79 62 58 6 77 26 80 94 38 45 61 16 93 42 64 8 3 47 76 53 67 26 38 4 26 85 65 1 53 82 47 85 18 55 36 79 61 51 47 24 66 1 33 13 91 76 26 56 70 6 15 88 3 92 65 99 88 59 25 46 15 78 87 33 92 73 39 84 21 25 72 28 38 96 83 17 55 97 53 74 6 
88 21 21 57 8 68 23 50 19 63 33 46 21 12 57 19 80 34 64 21 62 21 98 63 93 0 67 81 95 51 3 90 33 8 90 86 37 67 74 12 36 43 40 53 94 85 21 74 8 53 70 58 63 90 84 17 29 46 83 82 69 68 62 84 70 39 75 64 73 13 35 25 84 35 23 90 41 88 76 78 39 76 22 16 56 69 83 69 12 37 58 28 80 2 13 2 9 90 64 91 16 86 81 85 28 94 8 15 76 13 62 21 
88 33 45 70 86 55 35 47 78 49 51 93 24 91 88 11 90 13 24 64 70 23 12 87 97 67 0 38 63 67 34 58 75 73 6 1 3 5 65 58 36 31 5 76 81 15 3 53 55 16 97 89 1 60 63 2 92 68 82 42 84 45 98 7 88 57 50 48 73 60 94 83 81 99 93 39 11 88 66 96 89 60 74 96 92 35 51 52 83 83 52 92 25 56 69 66 38 58 98 88 45 58 42 33 28 56 64 81 92 77 57 27 
95 13 16 74 17 98 95 84 78 1 52 57 64 25 2 62 5 38 41 22 51 1 99 62 58 81 38 0 63 54 93 23 39 21 59 44 20 46 76 38 85 35 88 59 2 41 86 38 59 8 25 25 84 42 95 28 33 15 26 14 79 37 25 4 57 94 32 29 77 3 61 60 73 41 16 38 8 83 39 48 61 61 49 83 9 86 69 40 64 55 14 62 41 74 75 69 25 26 34 19 79 47 79 8 78 9 39 50 15 18 46 58 
97 66 31 53 30 64 22 42 89 43 43 52 72 55 85 40 6 80 64 66 59 70 41 40 95 95 63 63 0 78 88 27 32 59 24 38 43 94 90 82 97 27 47 19 25 40 76 40 7 69 40 47 22 68 74 25 72 33 13 87 66 8 3 97 21 4 86 95 36 18 18 56 44 53 96 26 90 30 52 68 48 21 72 80 9 24 61 57 10 47 61 66 63 22 14 23 28 26 18 33 94 15 86 53 26 61 84 69 90 25 58 64 
87 95 92 90 12 81 69 21 91 40 24 5 7 48 76 7 87 66 64 69 80 23 92 72 40 51 67 54 78 0 13 19 27 78 26 1 23 15 75 40 76 20 10 72 54 67 28 89 3 72 86 20 15 14 98 83 23 62 82 12 29 45 3 4 11 32 92 97 30 56 30 34 42 66 50 26 86 49 54 49 1 39 8 22 6 16 78 81 64 98 31 33 73 45 41 68 25 79 68 51 49 36 53 32 2 65 32 19 67 16 44 40 
14 61 15 28 62 29 68 41 84 4 90 80 22 78 77 8 30 7 32 93 15 28 77 3 91 3 34 93 88 13 0 21 2 1 46 83 30 27 8 53 4 22 84 80 63 70 68 9 73 44 96 90 77 73 59 69 59 82 64 93 53 38 48 52 24 71 1 24 23 88 60 9 3 19 4 15 80 68 35 82 65 45 43 35 79 45 61 68 43 23 42 69 42 40 81 43 68 99 14 26 39 76 6 93 23 40 74 15 48 72 2 34 
10 25 20 44 15 38 49 51 40 58 44 76 65 41 91 80 54 80 19 19 78 26 88 60 79 90 58 23 27 19 21 0 71 61 20 16 98 99 54 70 21 36 39 50 82 59 13 76 54 25 96 23 34 25 31 88 1 88 36 46 64 9 42 15 63 11 30 31 38 98 40 11 68 55 78 46 74 69 24 82 65 82 82 33 94 15 31 39 97 88 1 38 67 43 62 19 1 46 83 95 72 71 97 54 1 43 41 40 25 41 93 73 
8 83 27 2 31 65 19 5 99 44 89 32 51 60 19 13 81 93 41 69 13 65 62 26 62 33 75 39 32 27 2 71 0 32 5 30 36 36 49 31 48 1 80 8 53 10 25 52 86 92 76 15 82 62 41 13 28 45 1 55 65 17 91 18 60 91 96 38 73 84 82 40 44 71 91 24 31 74 64 91 49 45 95 17 60 91 45 86 49 18 52 49 7 77 67 87 36 45 79 99 1 39 19 82 37 49 4 52 49 4 89 58 
64 98 87 83 9 38 98 10 16 54 96 77 91 96 63 1 73 4 6 17 12 46 3 58 58 8 73 21 59 78 1 61 32 0 17 88 64 87 22 34 95 32 69 39 72 70 54 13 97 47 41 18 94 79 62 36 59 32 31 49 31 97 97 21 7 75 36 37 74 39 72 57 72 68 50 62 83 99 84 86 88 48 1 66 22 22 40 77 61 3 41 78 44 84 60 67 79 86 51 23 38 14 16 85 47 39 90 55 28 30 49 16 
62 3 8 95 41 94 12 1 38 44 29 53 10 80 46 4 30 33 93 79 80 39 23 33 6 90 6 59 24 26 46 20 5 17 0 74 30 52 50 89 65 14 53 95 60 35 4 65 81 93 58 1 10 91 39 18 14 43 53 10 39 26 58 82 52 70 54 90 70 30 91 63 77 21 56 89 96 2 63 55 11 32 70 96 48 49 11 41 26 73 88 23 50 56 89 4 29 25 21 66 88 10 12 22 59 88 95 65 79 88 72 87 
23 93 54 97 49 19 12 91 97 75 65 39 93 90 66 52 39 86 80 60 96 58 83 31 77 86 1 44 38 1 83 16 30 88 74 0 83 1 43 35 67 58 93 7 71 3 13 91 5 1 35 77 9 24 62 28 16 12 86 54 91 48 61 89 30 84 51 70 39 84 75 96 48 6 60 12 36 52 85 74 13 36 17 10 85 59 49 22 48 72 57 52 68 4 93 51 54 88 80 93 40 81 83 83 3 31 86 48 66 42 57 42 
58 99 48 27 31 79 53 22 37 99 87 84 68 32 53 16 79 45 83 57 35 53 94 53 26 37 3 20 43 23 30 98 36 64 30 83 0 80 45 95 80 87 34 55 16 28 38 6 65 35 43 88 45 91 43 45 53 89 58 81 3 65 74 96 50 32 32 42 40 15 3 48 36 51 33 33 42 43 96 17 84 29 32 92 12 39 88 17 57 10 65 84 27 3 39 86 31 87 54 32 31 37 16 22 93 48 74 45 5 67 44 19 
2 11 61 85 24 71 77 75 99 98 59 81 86 57 29 68 55 30 75 45 7 53 99 92 80 67 5 46 94 15 27 99 36 87 52 1 80 0 60 91 30 78 10 24 91 9 92 15 88 48 73 38 42 90 31 40 6 34 75 20 94 38 90 16 13 98 65 1 70 51 48 19 69 68 67 75 70 56 66 82 51 49 5 51 57 79 39 11 95 25 40 59 56 1 39 94 86 96 71 74 56 16 97 50 56 7 33 30 94 79 20 29 
1 55 35 31 67 93 69 22 2 76 89 75 34 34 88 82 43 47 41 36 70 33 48 42 94 74 65 76 90 75 8 54 49 22 50 43 45 60 0 79 42 93 25 90 11 70 16 47 30 45 20 84 75 80 45 99 13 87 78 50 32 54 88 93 79 3 70 97 23 43 3 21 57 40 38 27 22 4 63 29 10 55 2 29 7 45 68 33 30 70 13 91 16 75 93 17 24 16 12 5 72 95 25 81 38 64 61 82 50 79 12 1 
61 97 33 65 93 53 46 34 33 60 52 71 72 39 39 60 65 68 26 40 86 70 30 79 38 12 58 38 82 40 53 70 31 34 89 35 95 91 79 0 48 24 82 91 13 57 82 29 36 81 9 17 7 22 35 48 46 43 26 36 76 27 54 88 75 67 78 61 53 50 37 61 96 48 70 35 62 33 48 19 92 92 74 82 13 42 58 71 3 35 81 67 88 72 15 27 40 91 59 46 83 85 53 14 10 26 48 65 89 40 86 22 
82 83 20 23 65 11 65 39 31 67 23 27 9 93 21 67 69 67 69 62 45 80 96 58 45 36 36 85 97 76 4 21 48 95 65 67 80 30 42 48 0 46 45 89 84 69 68 71 36 35 25 62 88 74 21 77 73 59 56 16 83 42 64 28 97 83 90 72 74 97 61 90 80 89 23 35 56 8 38 99 1 76 74 64 58 65 40 15 23 27 16 82 77 93 27 50 89 33 26 99 53 61 78 6 47 65 11 98 2 57 73 92 
9 87 68 99 13 33 90 38 8 75 11 58 52 21 98 16 45 29 50 33 71 6 99 46 61 43 31 35 27 20 22 36 1 32 14 58 87 78 93 24 46 0 57 22 87 38 73 75 93 15 15 50 89 46 87 31 84 78 72 59 63 43 19 59 76 13 29 46 50 95 23 77 57 90 39 87 12 20 89 51 75 92 91 41 60 3 9 76 72 30 96 11 73 64 14 36 62 28 6 49 37 83 68 7 39 19 72 54 16 53 47 98 
89 71 25 53 18 47 41 44 51 92 32 31 34 15 52 62 85 58 83 68 73 34 81 86 16 40 5 88 47 10 84 39 80 69 53 93 34 10 25 82 45 57 0 75 54 4 25 44 26 27 2 7 19 35 32 97 81 99 44 52 37 83 9 3 20 63 95 76 26 36 80 63 77 77 75 71 48 79 32 34 44 10 57 87 47 38 37 11 51 78 20 46 35 36 8 72 2 4 47 62 7 4 9 37 85 49 82 15 16 49 44 44 
14 67 84 4 34 64 8 34 51 6 10 65 62 10 60 65 74 85 87 54 13 65 2 26 93 53 76 59 19 72 80 50 8 39 95 7 55 24 90 91 89 22 75 0 58 86 68 47 51 3 1 82 59 19 46 66 28 97 84 59 21 97 44 85 12 99 91 47 38 89 41 7 45 31 59 34 66 22 90 58 1 78 68 16 71 4 48 43 2 82 48 17 69 22 62 30 45 97 67 35 89 87 78 98 39 11 22 17 79 8 54 54 
48 72 95 71 11 94 8 96 33 27 7 39 8 68 95 20 51 44 47 63 47 54 76 74 42 94 81 2 25 54 63 82 53 72 60 71 16 91 11 13 84 87 54 58 0 68 78 13 87 86 29 14 62 7 58 46 62 52 94 7 58 41 8 5 93 8 19 52 73 3 83 47 19 87 30 36 12 53 77 38 79 70 25 70 30 78 25 43 11 66 86 54 21 14 27 7 32 84 50 66 55 1 51 82 38 77 71 21 55 16 46 30 
73 49 39 13 29 19 34 42 44 68 31 19 60 82 65 45 81 95 14 76 83 54 2 75 64 85 15 41 40 67 70 59 10 70 35 3 28 9 70 57 69 38 4 86 68 0 71 15 14 77 82 48 44 76 63 26 26 73 43 62 45 45 54 33 29 6 21 62 8 52 98 51 84 22 10 78 12 68 36 38 42 10 16 94 86 77 30 53 26 87 38 16 23 92 37 46 67 4 59 96 73 73 90 17 86 75 33 63 7 74 38 3 
31 55 48 40 76 37 59 72 42 32 68 96 42 80 15 88 51 94 22 9 8 54 53 7 8 21 3 86 76 28 68 13 25 54 4 13 38 92 16 82 68 73 25 68 78 71 0 46 14 42 34 4 5 31 66 70 89 75 37 66 57 78 71 17 43 98 58 94 6 90 88 30 96 70 87 42 82 52 47 59 40 84 16 76 94 94 53 57 26 80 37 5 83 95 12 43 23 85 29 57 33 59 87 69 67 23 3 74 2 34 81 8 
72 16 6 84 6 30 8 70 70 12 19 42 28 4 98 62 36 21 81 35 30 13 93 3 3 74 53 38 40 89 9 76 52 13 65 91 6 15 47 29 71 75 44 47 13 15 46 0 64 70 6 43 16 36 47 82 24 21 5 24 26 47 32 26 19 12 54 46 7 21 6 68 12 45 45 27 86 57 81 54 38 47 12 65 57 84 23 57 77 75 72 37 51 32 24 29 1 40 62 33 67 59 47 80 38 54 91 89 34 35 26 79 
4 6 80 49 82 40 35 71 2 4 13 96 52 48 53 22 73 53 82 34 61 81 65 31 47 8 55 59 7 3 73 54 86 97 81 5 65 88 30 36 36 93 26 51 87 14 14 64 0 20 84 53 76 85 64 97 80 99 42 39 40 7 9 1 88 43 19 45 44 94 6 3 63 37 95 60 84 20 24 31 18 99 40 56 24 17 10 92 31 49 50 38 52 22 1 32 94 19 40 45 50 45 24 37 82 90 70 75 86 69 62 44 
71 18 64 62 6 29 5 24 98 55 74 58 41 71 45 1 16 32 95 93 83 97 76 78 76 53 16 8 69 72 44 25 92 47 93 1 35 48 45 81 35 15 27 3 86 77 42 70 20 0 47 54 75 13 36 18 12 5 88 27 66 17 76 26 64 25 17 80 85 57 20 34 66 30 39 84 54 70 92 65 20 55 76 70 71 94 23 82 29 98 74 58 51 21 30 33 44 92 48 47 58 80 2 13 40 20 56 60 58 67 89 58 
22 43 88 71 43 55 6 87 52 2 75 49 72 43 17 64 40 26 50 26 74 34 79 79 53 70 97 25 40 86 96 96 76 41 58 35 43 73 20 9 25 15 2 1 29 82 34 6 84 47 0 54 56 3 34 45 54 38 63 74 61 70 73 87 83 13 49 9 84 65 27 53 18 28 43 49 54 93 15 85 46 29 16 34 90 71 15 91 80 66 14 27 52 24 94 11 73 52 30 20 3 37 23 57 99 95 59 22 35 40 55 29 
50 21 33 14 87 30 62 40 31 14 92 43 46 6 65 95 3 64 52 68 47 52 63 92 67 58 89 25 47 20 90 23 15 18 1 77 88 38 84 17 62 50 7 82 14 48 4 43 53 54 54 0 12 60 3 4 87 11 28 2 62 71 13 31 68 80 62 58 8 43 4 54 90 13 75 76 60 35 70 51 98 93 22 86 76 44 4 85 7 2 66 97 19 54 8 71 47 26 35 56 72 64 95 12 13 50 80 68 55 70 82 42 
58 49 43 37 53 56 51 32 83 60 66 53 95 21 31 85 36 53 15 2 87 56 77 97 26 63 1 84 22 15 77 34 82 94 10 9 45 42 75 7 88 89 19 59 62 44 5 16 76 75 56 12 0 32 83 34 74 10 89 75 96 2 20 12 73 42 24 36 59 30 15 2 50 95 40 28 58 20 33 12 52 88 86 65 77 61 9 40 85 98 19 4 47 41 32 96 43 63 24 17 89 32 98 76 84 7 19 46 65 54 86 44 
4 23 75 24 58 91 77 38 50 57 86 23 10 58 83 2 98 60 31 99 85 81 49 43 38 90 60 42 68 14 73 25 62 79 91 24 91 90 80 22 74 46 35 19 7 76 31 36 85 13 3 60 32 0 51 43 14 8 1 6 14 9 39 67 60 98 67 6 26 89 7 16 75 60 20 51 23 3 76 76 51 42 9 48 84 28 10 71 19 79 70 62 84 36 36 57 54 23 14 49 22 8 7 78 29 44 85 71 98 29 74 90 
69 14 67 23 57 28 46 39 82 82 54 65 89 60 11 85 80 18 11 9 98 55 37 19 4 84 63 95 74 98 59 31 41 62 39 62 43 31 45 35 21 87 32 46 58 63 66 47 64 36 34 3 83 51 0 7 54 14 73 55 90 51 49 39 58 35 69 66 52 25 86 48 39 85 39 32 79 79 9 37 96 73 38 78 35 40 20 68 32 71 65 56 60 57 27 90 78 31 53 89 32 84 44 1 52 11 73 40 77 14 70 70 
25 98 89 67 79 61 97 57 83 9 43 71 47 55 46 61 16 23 86 90 48 13 50 84 26 17 2 28 25 83 69 88 13 36 18 28 45 40 99 48 77 31 97 66 46 26 70 82 97 18 45 4 34 43 7 0 50 12 13 60 14 90 32 20 26 65 87 67 19 87 92 99 99 37 49 15 41 46 79 64 1 55 21 85 24 56 60 41 38 3 35 70 44 91 41 84 61 46 19 69 27 61 46 59 24 2 41 14 78 63 52 95 
44 54 99 93 88 13 22 88 96 39 7 62 59 78 89 77 16 55 5 28 89 86 15 90 85 29 92 33 72 23 59 1 28 59 14 16 53 6 13 46 73 84 81 28 62 26 89 24 80 12 54 87 74 14 54 50 0 48 62 58 65 98 24 2 3 68 84 5 9 78 15 14 99 7 96 69 98 87 29 74 35 84 59 49 10 15 32 25 25 23 75 26 20 97 75 62 86 8 54 89 62 76 69 18 44 29 18 53 49 92 95 60 
77 85 31 96 82 18 93 29 72 5 10 61 22 25 79 23 95 14 8 30 74 11 74 89 65 46 68 15 33 62 82 88 45 32 43 12 89 34 87 43 59 78 99 97 52 73 75 21 99 5 38 11 10 8 14 12 48 0 22 87 72 93 10 11 21 84 16 47 39 20 61 7 24 32 92 1 84 72 10 68 66 3 66 48 87 26 20 5 53 71 5 23 63 60 41 70 71 24 77 32 59 28 73 31 19 57 45 37 60 89 57 84 
27 11 18 54 11 72 72 37 22 71 37 97 55 59 60 15 67 31 55 90 77 82 22 57 1 83 82 26 13 82 64 36 1 31 53 86 58 75 78 26 56 72 44 84 94 43 37 5 42 88 63 28 89 1 73 13 62 22 0 57 2 49 9 55 24 94 54 71 24 43 69 62 31 73 27 36 89 95 22 61 33 91 87 19 10 30 75 31 59 40 95 26 74 74 54 76 78 61 27 7 85 68 78 34 92 52 37 34 84 41 14 65 
53 97 69 10 73 92 93 67 19 77 88 28 1 80 98 25 35 24 60 78 88 79 33 43 53 82 42 14 87 12 93 46 55 49 10 54 81 20 50 36 16 59 52 59 7 62 66 24 39 27 74 2 75 6 55 60 58 87 57 0 52 74 7 57 22 60 31 46 69 58 20 83 32 71 61 76 34 18 79 97 1 83 42 68 86 63 35 25 98 73 13 51 64 65 34 60 36 20 7 24 97 61 19 97 63 10 24 41 77 98 7 80 
81 56 65 42 49 8 26 11 47 74 60 1 20 37 43 47 84 51 85 11 46 72 72 5 82 69 84 79 66 29 53 64 65 31 39 91 3 94 32 76 83 63 37 21 58 45 57 26 40 66 61 62 96 14 90 14 65 72 2 52 0 35 81 7 33 13 71 96 52 46 18 88 87 85 7 58 58 84 73 7 88 19 31 7 88 14 54 62 41 39 17 48 39 98 1 66 49 70 32 66 1 76 77 20 85 83 64 39 55 87 13 22 
42 62 61 58 20 84 98 85 45 6 9 27 20 81 65 33 94 22 99 62 37 85 1 12 47 68 45 37 8 45 38 9 17 97 26 48 65 38 54 27 42 43 83 97 41 45 78 47 7 17 70 71 2 9 51 90 98 93 49 74 35 0 19 46 60 61 13 29 12 14 61 83 60 88 84 3 34 92 10 3 77 44 82 18 89 54 51 76 7 37 95 17 77 99 63 23 71 70 83 16 96 19 22 10 3 79 79 7 97 60 37 26 
83 57 79 89 13 57 2 1 92 80 54 51 86 59 6 81 19 72 42 17 88 30 47 25 85 62 98 25 3 3 48 42 91 97 58 61 74 90 88 54 64 19 9 44 8 54 71 32 9 76 73 13 20 39 49 32 24 10 9 7 81 19 0 6 62 9 7 21 57 14 94 4 79 6 82 91 40 99 8 33 11 69 45 99 82 80 98 20 50 67 62 51 26 41 25 56 3 87 6 10 95 81 26 54 72 66 56 64 8 69 87 40 
16 90 18 94 26 52 14 17 10 85 88 21 28 52 91 71 75 4 36 80 40 13 25 23 18 84 7 4 97 4 52 15 18 21 82 89 96 16 93 88 28 59 3 85 5 33 17 26 1 26 87 31 12 67 39 20 2 11 55 57 7 46 6 0 58 74 78 39 32 77 60 82 28 90 40 9 4 15 99 10 76 79 82 65 74 84 16 65 53 48 27 54 17 26 8 25 5 10 26 37 90 81 53 70 55 26 42 19 12 81 4 2 
65 22 40 77 78 33 39 31 5 60 19 27 98 64 77 55 19 24 57 75 38 64 81 7 55 70 88 57 21 11 24 63 60 7 52 30 50 13 79 75 97 76 20 12 93 29 43 19 88 64 83 68 73 60 58 26 3 21 24 22 33 60 62 58 0 18 51 91 19 46 45 49 21 92 17 36 30 8 29 7 30 98 97 95 3 89 91 61 70 1 87 15 69 74 16 87 90 45 68 16 51 35 53 15 71 31 29 93 73 35 60 15 
69 97 36 83 17 77 86 4 78 32 22 66 22 74 56 25 26 13 14 77 7 8 38 5 36 39 57 94 4 32 71 11 91 75 70 84 32 98 3 67 83 13 63 99 8 6 98 12 43 25 13 80 42 98 35 65 68 84 94 60 13 61 9 74 18 0 81 13 87 64 86 79 3 10 76 31 33 20 68 77 31 71 9 18 75 67 49 66 17 33 18 78 59 12 67 34 8 7 5 63 1 22 21 38 51 59 82 79 7 47 13 62 
26 84 82 12 5 63 28 79 64 91 68 78 95 84 43 78 18 78 12 98 44 71 17 80 79 75 50 32 86 92 1 30 96 36 54 51 32 65 70 78 90 29 95 91 19 21 58 54 19 17 49 62 24 67 69 87 84 16 54 31 71 13 7 78 51 81 0 50 52 28 60 15 22 88 54 14 75 35 50 71 24 54 52 13 71 11 99 5 97 12 75 38 32 44 95 38 87 1 39 26 23 45 94 47 86 14 32 47 82 67 37 53 
99 26 29 37 89 52 39 60 24 8 15 19 19 89 21 90 50 8 53 1 59 83 53 29 61 64 48 29 95 97 24 31 38 37 90 70 42 1 97 61 72 46 76 47 52 62 94 46 45 80 9 58 36 6 66 67 5 47 71 46 96 29 21 39 91 13 50 0 35 32 14 48 19 26 64 87 6 24 20 31 5 8 52 99 67 65 28 96 56 1 44 44 91 63 65 5 7 25 24 28 31 69 26 94 51 68 3 99 86 57 19 13 
88 15 23 17 28 97 85 54 96 67 21 61 68 83 89 36 38 53 67 31 2 64 69 54 51 73 73 77 36 30 23 38 73 74 70 39 40 70 23 53 74 50 26 38 73 8 6 7 44 85 84 8 59 26 52 19 9 39 24 69 52 12 57 32 19 87 52 35 0 25 38 70 65 59 1 65 14 22 38 99 15 18 91 90 23 21 51 73 49 11 24 97 66 13 21 86 22 47 32 27 35 59 91 83 70 15 80 84 79 63 26 68 
8 14 39 31 51 31 34 70 60 33 86 83 36 56 69 58 21 31 22 4 84 65 93 31 47 13 60 3 18 56 88 98 84 39 30 84 15 51 43 50 97 95 36 89 3 52 90 21 94 57 65 43 30 89 25 87 78 20 43 58 46 14 14 77 46 64 28 32 25 0 18 20 55 38 1 81 62 62 4 17 54 78 25 65 20 72 63 54 5 5 72 84 70 80 61 98 54 33 88 7 3 41 6 22 4 12 80 68 7 76 47 17 
27 85 42 85 69 23 2 50 65 47 10 60 96 79 19 32 41 27 82 82 30 45 91 22 24 35 94 61 18 30 60 40 82 72 91 75 3 48 3 37 61 23 80 41 83 98 88 6 6 20 27 4 15 7 86 92 15 61 69 20 18 61 94 60 45 86 60 14 38 18 0 64 5 20 41 38 63 59 6 80 87 75 45 11 7 33 41 9 67 96 73 58 25 95 34 48 95 53 92 12 37 7 61 30 50 56 7 41 64 8 76 27 
26 44 75 58 4 6 32 75 83 76 43 63 30 71 93 40 53 9 95 65 49 70 8 28 66 25 83 60 56 34 9 11 40 57 63 96 48 19 21 61 90 77 63 7 47 51 30 68 3 34 53 54 2 16 48 99 14 7 62 83 88 83 4 82 49 79 15 48 70 20 64 0 56 32 83 96 55 78 77 7 96 91 79 58 14 84 24 21 66 91 85 55 67 84 88 38 17 8 81 69 16 16 83 21 48 21 59 10 97 56 60 89 
23 7 78 36 59 92 39 47 32 83 67 39 23 28 50 15 24 97 35 39 56 76 61 6 1 84 81 73 44 42 3 68 44 72 77 48 36 69 57 96 80 57 77 45 19 84 96 12 63 66 18 90 50 75 39 99 99 24 31 32 87 60 79 28 21 3 22 19 65 55 5 56 0 8 26 10 11 37 40 21 83 76 29 99 41 86 84 6 11 49 61 68 60 34 22 77 84 7 22 15 42 66 79 69 39 92 54 81 95 13 90 78 
10 78 71 42 13 96 29 28 2 45 21 24 57 24 84 94 19 85 62 68 46 89 10 36 33 35 99 41 53 66 19 55 71 68 21 6 51 68 40 48 89 90 77 31 87 22 70 45 37 30 28 13 95 60 85 37 7 32 73 71 85 88 6 90 92 10 88 26 59 38 20 32 8 0 61 58 52 15 68 49 55 10 23 34 99 57 81 15 32 20 43 32 74 28 62 15 54 41 91 44 12 74 73 32 52 59 16 49 4 26 65 29 
68 57 26 82 3 23 76 34 85 65 17 69 11 54 16 49 80 82 92 31 9 35 35 73 13 23 93 16 96 50 4 78 91 50 56 60 33 67 38 70 23 39 75 59 30 10 87 45 95 39 43 75 40 20 39 49 96 92 27 61 7 84 82 40 17 76 54 64 1 1 41 83 26 61 0 69 60 60 84 78 5 70 67 74 44 88 84 74 79 63 5 73 41 98 13 19 55 36 20 32 10 71 30 33 86 95 87 85 84 12 85 97 
24 60 49 3 77 77 32 73 79 38 59 70 43 70 18 14 52 74 86 22 35 15 64 83 91 90 39 38 26 26 15 46 24 62 89 12 33 75 27 35 35 87 71 34 36 78 42 27 60 84 49 76 28 51 32 15 69 1 36 76 58 3 91 9 36 31 14 87 65 81 38 96 10 58 69 0 96 83 29 90 37 18 96 22 11 80 62 40 89 91 72 84 46 13 20 45 20 85 64 42 64 31 52 12 54 32 75 92 69 11 21 88 
28 16 51 86 97 23 52 69 69 48 78 62 73 69 62 20 33 40 61 27 30 60 67 49 76 41 11 8 90 86 80 74 31 83 96 36 42 70 22 62 56 12 48 66 12 12 82 86 84 54 54 60 58 23 79 41 98 84 89 34 58 34 40 4 30 33 75 6 14 62 63 55 11 52 60 96 0 73 78 1 39 89 48 6 47 75 72 94 58 18 47 38 88 88 74 4 51 64 64 61 53 49 52 7 64 94 2 25 23 89 49 35 
38 25 63 94 97 19 67 40 55 74 43 88 32 24 8 16 38 57 93 96 1 89 69 52 26 88 88 83 30 49 68 69 74 99 2 52 43 56 4 33 8 20 79 22 53 68 52 57 20 70 93 35 20 3 79 46 87 72 95 18 84 92 99 15 8 20 35 24 22 62 59 78 37 15 60 83 73 0 23 40 19 64 75 89 18 8 28 87 79 3 51 17 44 80 12 78 14 95 39 1 72 27 93 77 95 89 55 17 63 74 57 54 
58 10 45 37 62 94 68 33 26 91 36 67 13 47 65 98 31 61 99 11 80 34 14 95 56 76 66 39 52 54 35 24 64 84 63 85 96 66 63 48 38 89 32 90 77 36 47 81 24 92 15 70 33 76 9 79 29 10 22 79 73 10 8 99 29 68 50 20 38 4 6 77 40 68 84 29 78 23 0 40 19 65 79 69 59 51 54 44 48 51 48 88 95 55 75 66 4 45 12 53 57 41 15 39 98 14 47 62 6 62 15 78 
84 67 55 47 16 30 33 98 84 85 76 20 83 40 56 42 41 26 92 70 20 25 67 25 70 78 96 48 68 49 82 82 91 86 55 74 17 82 29 19 99 51 34 58 38 38 59 54 31 65 85 51 12 76 37 64 74 68 61 97 7 3 33 10 7 77 71 31 99 17 80 7 21 49 78 90 1 40 40 0 66 93 48 77 14 6 23 42 7 16 31 47 93 33 19 30 72 4 1 51 70 41 36 52 16 50 9 68 66 35 35 86 
39 72 1 81 75 19 75 8 28 16 29 37 8 67 3 36 51 66 75 34 5 4 92 77 6 39 89 61 48 1 65 65 49 88 11 13 84 51 10 92 1 75 44 1 79 42 40 38 18 20 46 98 52 51 96 1 35 66 33 1 88 77 11 76 30 31 24 5 15 54 87 96 83 55 5 37 39 19 19 66 0 39 3 46 59 18 34 93 9 45 6 10 42 51 74 78 63 8 33 80 67 42 78 77 49 92 14 76 2 33 28 10 
9 54 87 28 13 53 33 34 57 66 86 18 88 78 91 26 74 96 9 37 72 42 1 41 15 76 60 61 21 39 45 82 45 48 32 36 29 49 55 92 76 92 10 78 70 10 84 47 99 55 29 93 88 42 73 55 84 3 91 83 19 44 69 79 98 71 54 8 18 78 75 91 76 10 70 18 89 64 65 93 39 0 37 8 55 12 90 37 81 59 77 64 24 33 66 80 76 74 63 18 87 66 6 77 60 45 93 30 57 57 68 54 
33 70 17 73 19 32 98 63 93 53 35 22 9 27 5 52 69 28 76 10 2 31 35 86 88 22 74 49 72 8 43 82 95 1 70 17 32 5 2 74 74 91 57 68 25 16 16 12 40 76 16 22 86 9 38 21 59 66 87 42 31 82 45 82 97 9 52 52 91 25 45 79 29 23 67 96 48 75 79 48 3 37 0 18 13 53 83 94 20 61 58 34 62 89 74 80 33 61 71 19 35 74 39 72 23 16 55 28 24 27 12 61 
35 37 20 29 31 50 6 15 9 70 45 78 62 25 17 35 81 19 82 1 9 23 71 29 3 16 96 83 80 22 35 33 17 66 96 10 92 51 29 82 64 41 87 16 70 94 76 65 56 70 34 86 65 48 78 85 49 48 19 68 7 18 99 65 95 18 13 99 90 65 11 58 99 34 74 22 6 89 69 77 46 8 18 0 31 62 98 74 45 81 24 65 72 18 65 13 85 39 77 38 38 84 44 88 78 14 44 91 28 47 69 5 
11 22 10 3 60 99 1 78 56 67 93 27 24 18 78 23 16 87 28 56 27 54 17 41 92 56 92 9 9 6 79 94 60 22 48 85 12 57 7 13 58 60 47 71 30 86 94 57 24 71 90 76 77 84 35 24 10 87 10 86 88 89 82 74 3 75 71 67 23 20 7 14 41 99 44 11 47 18 59 14 59 55 13 31 0 99 32 59 90 42 64 97 83 55 88 40 72 37 40 71 17 11 26 48 12 79 64 44 94 42 24 34 
24 41 93 14 6 84 38 44 77 90 83 33 35 88 69 34 64 2 26 70 41 97 38 48 65 69 35 86 24 16 45 15 91 22 49 59 39 79 45 42 65 3 38 4 78 77 94 84 17 94 71 44 61 28 40 56 15 26 30 63 14 54 80 84 89 67 11 65 21 72 33 84 86 57 88 80 75 8 51 6 18 12 53 62 99 0 89 47 26 46 31 95 87 26 97 38 7 23 30 84 32 88 98 54 16 84 87 16 79 36 7 2 
16 78 52 42 17 94 73 62 47 29 9 9 95 2 31 62 65 35 87 11 90 92 18 24 99 83 51 69 61 78 61 31 45 40 11 49 88 39 68 58 40 9 37 48 25 30 53 23 10 23 15 4 9 10 20 60 32 20 75 35 54 51 98 16 91 49 99 28 51 63 41 24 84 81 84 62 72 28 54 23 34 90 83 98 32 89 0 9 83 12 79 81 93 40 7 27 74 77 65 35 27 83 39 92 9 19 25 6 56 46 3 25 
88 92 11 37 96 46 44 86 50 20 31 9 4 46 53 79 92 3 37 4 33 92 39 29 88 69 52 40 57 81 68 39 86 77 41 22 17 11 33 71 15 76 11 43 43 53 57 57 92 82 91 85 40 71 68 41 25 5 31 25 62 76 20 65 61 66 5 96 73 54 9 21 6 15 74 40 94 87 44 42 93 37 94 74 59 47 9 0 48 58 40 80 38 52 10 38 9 70 16 57 67 38 23 76 19 7 78 72 35 41 53 25 
26 50 69 41 97 52 25 37 12 18 65 21 56 59 85 8 21 18 15 40 71 83 83 85 59 12 83 64 10 64 43 97 49 61 26 48 57 95 30 3 23 72 51 2 11 26 26 77 31 29 80 7 85 19 32 38 25 53 59 98 41 7 50 53 70 17 97 56 49 5 67 66 11 32 79 89 58 79 48 7 9 81 20 45 90 26 83 48 0 50 7 33 67 13 59 87 33 49 46 56 33 27 16 60 57 31 67 28 94 21 49 39 
72 48 24 19 61 87 17 13 9 6 78 69 69 22 37 33 55 86 4 78 97 98 15 90 25 37 83 55 47 98 23 88 18 3 73 72 10 25 70 35 27 30 78 82 66 87 80 75 49 98 66 2 98 79 71 3 23 71 40 73 39 37 67 48 1 33 12 1 11 5 96 91 49 20 63 91 18 3 51 16 45 59 61 81 42 46 12 58 50 0 23 65 62 85 88 68 70 67 8 16 26 95 63 28 94 19 91 85 74 80 37 1 
93 78 15 98 44 16 97 54 62 80 19 83 16 18 99 4 24 12 93 38 8 37 38 38 46 58 52 14 61 31 42 1 52 41 88 57 65 40 13 81 16 96 20 48 86 38 37 72 50 74 14 66 19 70 65 35 75 5 95 13 17 95 62 27 87 18 75 44 24 72 73 85 61 43 5 72 47 51 48 31 6 77 58 24 64 31 79 40 7 23 0 13 24 98 10 47 87 76 75 6 70 43 4 34 77 21 58 2 67 80 78 62 
75 41 64 39 32 72 97 27 75 11 39 55 25 57 60 68 7 94 85 17 39 7 63 6 15 28 92 62 66 33 69 38 49 78 23 52 84 59 91 67 82 11 46 17 54 16 5 37 38 58 27 97 4 62 56 70 26 23 26 51 48 17 51 54 15 78 38 44 97 84 58 55 68 32 73 84 38 17 88 47 10 64 34 65 97 95 81 80 33 65 13 0 78 79 86 51 86 17 2 22 58 23 17 68 38 61 79 81 91 1 38 77 
63 79 22 64 45 49 42 83 24 30 12 86 95 34 32 96 25 54 73 26 82 39 1 24 78 80 25 41 63 73 42 67 7 44 50 68 27 56 16 88 77 73 35 69 21 23 83 51 52 51 52 19 47 84 60 44 20 63 74 64 39 77 26 17 69 59 32 91 66 70 25 67 60 74 41 46 88 44 95 93 42 24 62 72 83 87 93 38 67 62 24 78 0 81 82 8 61 93 24 13 51 16 64 9 3 43 18 16 51 26 64 52 
47 46 47 47 25 29 25 13 89 18 57 94 63 44 36 58 1 60 44 47 30 99 34 69 87 2 56 74 22 45 40 43 77 84 56 4 3 1 75 72 93 64 36 22 14 92 95 32 22 21 24 54 41 36 57 91 97 60 74 65 98 99 41 26 74 12 44 63 13 80 95 84 34 28 98 13 88 80 55 33 51 33 89 18 55 26 40 52 13 85 98 79 81 0 55 28 45 59 80 5 12 37 22 93 10 91 22 13 46 98 29 40 
33 88 4 90 63 84 22 26 90 82 53 75 27 76 33 97 49 83 9 8 4 32 50 21 33 13 69 75 14 41 81 62 67 60 89 93 39 39 93 15 27 14 8 62 27 37 12 24 1 30 94 8 32 36 27 41 75 41 54 34 1 63 25 8 16 67 95 65 21 61 34 88 22 62 13 20 74 12 75 19 74 66 74 65 88 97 7 10 59 88 10 86 82 55 0 3 48 71 51 19 92 93 37 83 74 57 66 5 48 39 80 76 
89 17 57 3 80 28 28 2 83 47 84 90 99 99 51 47 81 12 56 44 75 63 78 14 92 2 66 69 23 68 43 19 87 67 4 51 86 94 17 27 50 36 72 30 7 46 43 29 32 33 11 71 96 57 90 84 62 70 76 60 66 23 56 25 87 34 38 5 86 98 48 38 77 15 19 45 4 78 66 30 78 80 80 13 40 38 27 38 87 68 47 51 8 28 3 0 19 50 64 71 55 43 70 42 21 17 1 40 68 36 22 87 
24 29 89 99 22 44 47 42 83 8 77 24 48 3 52 90 29 84 18 1 51 48 32 57 73 9 38 25 28 25 68 1 36 79 29 54 31 86 24 40 89 62 2 45 32 67 23 1 94 44 73 47 43 54 78 61 86 71 78 36 49 71 3 5 90 8 87 7 22 54 95 17 84 54 55 20 51 14 4 72 63 76 33 85 72 7 74 9 33 70 87 86 61 45 48 19 0 52 91 65 4 9 60 2 10 62 25 38 96 71 52 83 
56 46 81 29 20 20 36 56 6 18 69 95 88 97 6 22 89 4 61 57 92 63 58 30 39 90 58 26 26 79 99 46 45 86 25 88 87 96 16 91 33 28 4 97 84 4 85 40 19 92 52 26 63 23 31 46 8 24 61 20 70 70 87 10 45 7 1 25 47 33 53 8 7 41 36 85 64 95 45 4 8 74 61 39 37 23 77 70 49 67 76 17 93 59 71 50 52 0 84 74 6 58 19 46 63 87 79 87 67 51 22 94 
66 68 47 79 78 80 63 56 43 87 26 91 36 91 34 93 2 84 33 15 17 35 59 29 84 64 98 34 18 68 14 83 79 51 21 80 54 71 12 59 26 6 47 67 50 59 29 62 40 48 30 35 24 14 53 19 54 77 27 7 32 83 6 26 68 5 39 24 32 88 92 81 22 91 20 64 64 39 12 1 33 63 71 77 40 30 65 16 46 8 75 2 24 80 51 64 91 84 0 73 71 77 81 37 69 37 77 45 48 45 52 21 
78 67 55 76 34 71 69 65 47 62 70 14 17 84 1 85 74 1 99 56 50 72 74 92 21 91 88 19 33 51 26 95 99 23 66 93 32 74 5 46 99 49 62 35 66 96 57 33 45 47 20 56 17 49 89 69 89 32 7 24 66 16 10 37 16 63 26 28 27 7 12 69 15 44 32 42 61 1 53 51 80 18 19 38 71 84 35 57 56 16 6 22 13 5 19 71 65 74 73 0 3 47 77 37 46 15 25 85 72 31 94 96 
4 79 80 59 5 89 63 16 22 65 32 12 88 27 10 59 22 94 84 56 43 43 77 55 25 16 45 79 94 49 39 72 1 38 88 40 31 56 72 83 53 37 7 89 55 73 33 67 50 58 3 72 89 22 32 27 62 59 85 97 1 96 95 90 51 1 23 31 35 3 37 16 42 12 10 64 53 72 57 70 67 87 35 38 17 32 27 67 33 26 70 58 51 12 92 55 4 6 71 3 0 12 51 73 69 95 80 63 49 83 36 13 
1 47 72 43 40 87 33 93 52 8 60 43 91 27 32 65 1 86 28 53 71 21 29 29 72 86 58 47 15 36 76 71 39 14 10 81 37 16 95 85 61 83 4 87 1 73 59 59 45 80 37 64 32 8 84 61 76 28 68 61 76 19 81 81 35 22 45 69 59 41 7 16 66 74 71 31 49 27 41 41 42 66 74 84 11 88 83 38 27 95 43 23 16 37 93 43 9 58 77 47 12 0 82 32 71 3 71 86 26 25 53 37 
78 1 15 27 68 12 46 41 74 30 63 11 79 53 36 41 77 52 96 79 9 91 77 64 28 81 42 79 86 53 6 97 19 16 12 83 16 97 25 53 78 68 9 78 51 90 87 47 24 2 23 95 98 7 44 46 69 73 78 19 77 22 26 53 53 21 94 26 91 6 61 83 79 73 30 52 52 93 15 36 78 6 39 44 26 98 39 23 16 63 4 17 64 22 37 70 60 19 81 77 51 82 0 2 90 52 96 63 42 68 67 43 
7 30 78 22 35 66 89 61 43 56 30 89 88 56 89 79 33 92 53 98 32 51 54 82 38 85 33 8 53 32 93 54 82 85 22 83 22 50 81 14 6 7 37 98 82 17 69 80 37 13 57 12 76 78 1 59 18 31 34 97 20 10 54 70 15 38 47 94 83 22 30 21 69 32 33 12 7 77 39 52 77 77 72 88 48 54 92 76 60 28 34 68 9 93 83 42 2 46 37 37 73 32 2 0 55 53 72 31 29 24 10 9 
53 64 16 59 35 94 43 71 14 29 67 25 58 8 61 79 41 33 51 54 26 23 59 61 96 28 28 78 26 2 23 1 37 47 59 3 93 56 38 10 47 39 85 39 38 86 67 38 82 40 99 13 84 29 52 24 44 19 92 63 85 3 72 55 71 51 86 51 70 4 50 48 39 52 86 54 64 95 98 16 49 60 23 78 12 16 9 19 57 94 77 38 3 10 74 21 10 63 69 46 69 71 90 55 0 46 94 46 70 21 92 8 
86 76 26 17 43 16 58 50 19 44 33 48 25 63 39 63 82 87 81 61 35 3 32 70 83 94 56 9 61 65 40 43 49 39 88 31 48 7 64 26 65 19 49 11 77 75 23 54 90 20 95 50 7 44 11 2 29 57 52 10 83 79 66 26 31 59 14 68 15 12 56 21 92 59 95 32 94 89 14 50 92 45 16 14 79 84 19 7 31 19 21 61 43 91 57 17 62 87 37 15 95 3 52 53 46 0 18 64 40 62 57 50 
71 36 54 93 79 52 26 51 24 99 72 69 56 32 12 63 84 85 92 1 55 64 95 84 17 8 64 39 84 32 74 41 4 90 95 86 74 33 61 48 11 72 82 22 71 33 3 91 70 56 59 80 19 85 73 41 18 45 37 24 64 79 56 42 29 82 32 3 80 80 7 59 54 16 87 75 2 55 47 9 14 93 55 44 64 87 25 78 67 91 58 79 18 22 66 1 25 79 77 25 80 71 96 72 94 18 0 43 44 96 86 90 
3 54 85 38 83 99 33 33 46 56 61 44 50 80 45 48 31 82 80 15 98 1 14 73 55 15 81 50 69 19 15 40 52 55 65 48 45 30 82 65 98 54 15 17 21 63 74 89 75 60 22 68 46 71 40 14 53 37 34 41 39 7 64 19 93 79 47 99 84 68 41 10 81 49 85 92 25 17 62 68 76 30 28 91 44 16 6 72 28 85 2 81 16 13 5 40 38 87 45 85 63 86 63 31 46 64 43 0 59 98 22 27 
77 94 59 12 39 87 34 91 96 6 94 92 53 93 44 28 88 6 27 61 97 93 39 80 97 76 92 15 90 67 48 25 49 28 79 66 5 94 50 89 2 16 16 79 55 7 2 34 86 58 35 55 65 98 77 78 49 60 84 77 55 97 8 12 73 7 82 86 79 7 64 97 95 4 84 69 23 63 6 66 2 57 24 28 94 79 56 35 94 74 67 91 51 46 48 68 96 67 48 72 49 26 42 29 70 40 44 59 0 23 91 52 
92 34 86 23 49 46 7 21 53 51 73 14 25 77 8 72 54 12 38 67 71 6 92 49 53 13 77 18 25 16 72 41 4 30 88 42 67 79 79 40 57 53 49 8 16 74 34 35 69 67 40 70 54 29 14 63 92 89 41 98 87 60 69 81 35 47 67 57 63 76 8 56 13 26 12 11 89 74 62 35 33 57 27 47 42 36 46 41 21 80 80 1 26 98 39 36 71 51 45 31 83 25 68 24 21 62 96 98 23 0 59 98 
22 3 30 7 82 64 66 53 34 93 28 7 16 47 63 43 34 70 25 96 6 73 88 53 74 62 57 46 58 44 2 93 89 49 72 57 44 20 12 86 73 47 44 54 46 38 81 26 62 89 55 82 86 74 70 52 95 57 14 7 13 37 87 4 60 13 37 19 26 47 76 60 90 65 85 21 49 57 15 35 28 68 12 69 24 7 3 53 49 37 78 38 64 29 80 22 52 22 52 94 36 53 67 10 92 57 86 22 91 59 0 71 
76 85 45 97 6 43 52 39 55 64 98 3 68 88 57 15 83 10 57 40 64 53 60 93 6 21 27 58 64 40 34 73 58 16 87 42 19 29 1 22 92 98 44 54 30 3 8 79 44 58 29 42 44 90 70 95 60 84 65 80 22 26 40 2 15 62 53 13 68 17 27 89 78 29 97 88 35 54 78 86 10 54 61 5 34 2 25 25 39 1 62 77 52 40 76 87 83 94 21 96 13 37 43 9 8 50 90 27 52 98 71 0 
