114
0 38 13 73 10 76 6 80 65 17 2 77 72 7 26 51 21 19 85 12 29 30 15 51 69 88 88 95 97 87 14 10 8 64 62 23 58 2 1 61 82 9 89 14 48 73 31 72 4 71 22 50 58 4 69 25 44 77 27 53 81 42 83 16 65 69 26 99 88 8 27 26 23 10 68 24 28 38 58 84 39 9 33 35 11 24 16 88 26 72 93 75 63 47 33 89 24 56 66 78 4 1 78 7 53 86 71 3 77 92 22 76 8 78 
38 0 73 76 77 44 21 31 37 8 46 69 58 83 97 14 11 24 82 8 25 75 93 21 33 13 66 95 61 25 83 98 3 93 99 11 55 97 83 87 71 67 72 49 55 16 6 18 43 21 49 23 14 98 54 85 11 97 56 62 57 90 22 97 84 26 15 14 85 44 7 78 57 60 16 25 10 67 72 54 70 37 22 41 78 92 50 48 78 41 79 46 88 17 29 46 68 67 79 47 1 30 64 76 36 54 94 34 3 85 84 49 55 33 
13 73 0 29 56 83 32 29 95 75 9 33 9 85 78 51 80 42 65 84 25 21 45 16 31 92 15 20 27 87 8 54 48 61 35 33 20 68 25 84 95 39 48 6 80 64 88 33 43 75 67 89 99 31 18 69 65 61 79 18 40 36 82 29 23 39 42 75 78 71 26 49 51 63 45 55 1 87 17 20 10 93 52 11 69 24 15 64 22 47 4 57 89 81 47 55 80 72 15 78 16 26 54 85 59 86 30 45 38 23 92 55 77 13 
73 76 29 0 60 27 77 72 88 40 44 77 39 92 70 99 34 44 27 57 70 74 53 90 28 44 2 83 95 97 27 85 31 65 23 99 53 4 71 13 40 84 49 62 71 14 37 24 23 67 93 96 54 10 42 58 89 94 77 83 12 37 17 31 85 58 36 42 82 3 86 94 37 47 81 28 73 29 3 14 42 37 41 19 98 39 64 47 90 3 99 29 79 76 59 43 27 22 59 17 93 38 12 23 7 97 15 88 76 36 64 33 92 50 
10 77 56 60 0 1 23 98 71 37 19 28 29 53 95 51 47 8 86 17 30 12 62 15 31 9 41 49 31 24 67 93 65 13 18 34 11 29 76 6 82 6 43 87 53 58 57 79 88 82 11 73 49 20 13 26 78 17 5 89 28 51 69 4 59 13 3 77 97 97 62 16 75 13 19 31 60 6 17 96 97 61 44 32 45 25 63 80 22 20 78 34 5 40 68 35 35 43 79 83 39 49 82 6 92 9 41 70 6 8 79 38 79 34 
76 44 83 27 1 0 28 52 78 31 44 47 10 68 4 68 55 98 64 81 29 38 65 38 94 19 79 71 93 53 11 33 47 64 94 19 37 30 40 29 55 30 56 91 28 61 13 18 72 92 8 84 57 52 33 77 63 52 97 31 23 6 92 96 23 77 23 19 94 30 19 53 32 50 99 84 94 46 52 87 16 72 49 29 84 28 44 20 80 71 89 87 12 66 94 16 52 99 87 46 64 43 23 83 41 45 17 18 89 1 98 83 72 15 
6 21 32 77 23 28 0 37 27 33 2 49 89 23 35 95 22 69 68 49 19 98 12 12 53 77 69 46 65 90 41 8 8 34 59 8 35 5 6 62 51 77 46 97 22 93 72 93 26 98 2 14 39 86 28 39 85 34 2 32 39 29 76 32 52 67 68 33 75 33 98 6 1 38 73 44 25 17 97 97 42 25 22 28 47 36 63 69 63 33 46 89 43 58 26 33 34 7 66 52 32 8 14 4 29 16 30 67 62 84 97 59 83 35 
80 31 29 72 98 52 37 0 31 58 97 50 47 84 42 21 41 51 5 10 1 91 22 75 22 34 39 38 44 34 96 42 72 70 71 24 87 40 32 38 39 57 88 29 37 67 11 85 1 17 31 4 79 60 54 70 50 75 47 28 34 73 69 40 33 98 8 34 63 15 78 44 62 86 37 13 54 27 83 13 26 2 42 56 56 65 16 93 41 61 71 50 51 33 91 21 53 39 66 81 58 53 90 20 95 65 43 48 22 98 2 90 39 13 
65 37 95 88 71 78 27 31 0 19 78 78 89 91 84 40 99 16 38 97 37 99 2 33 31 8 51 51 33 44 42 70 2 98 52 31 83 50 82 83 96 72 22 19 47 45 92 10 5 78 64 24 96 60 65 83 32 2 85 79 69 55 26 84 28 57 93 9 56 77 47 50 12 9 62 75 24 89 90 83 83 6 43 47 22 52 74 43 14 19 24 46 96 53 34 55 15 58 62 41 73 66 23 3 87 2 73 52 72 88 78 63 49 1 
17 8 75 40 37 31 33 58 19 0 43 40 4 58 44 54 44 75 99 98 76 60 67 75 92 6 27 68 32 12 4 55 2 14 60 57 82 9 39 5 71 77 74 6 80 85 60 32 91 8 67 33 47 76 83 45 65 38 48 74 91 85 16 66 53 70 67 90 29 20 18 6 80 11 30 18 82 47 8 18 87 62 65 8 30 56 29 44 99 56 6 51 93 64 53 35 99 84 78 38 90 55 5 44 12 30 77 90 33 51 52 43 24 90 
2 46 9 44 19 44 2 97 78 43 0 44 89 96 29 65 87 59 89 52 23 11 32 10 7 31 68 19 13 74 75 92 66 86 54 43 7 10 37 88 60 9 54 88 19 22 68 15 21 86 10 43 67 21 17 59 78 43 36 76 29 86 35 45 93 83 9 31 65 78 19 39 12 57 53 84 77 69 26 70 32 60 63 30 67 33 72 61 94 73 28 98 94 69 39 61 98 10 68 79 64 21 36 56 29 46 93 57 52 5 80 76 32 77 
77 69 33 77 28 47 49 50 78 40 44 0 53 39 84 81 75 71 27 58 31 65 39 19 96 42 96 58 49 43 53 23 65 71 62 61 97 28 1 27 51 21 27 66 78 19 61 83 60 63 39 24 69 70 62 88 67 20 37 18 22 78 27 33 9 9 21 69 83 55 86 94 75 90 24 95 91 14 12 43 11 89 25 48 69 44 92 14 7 3 68 94 5 29 36 83 78 47 79 7 92 81 21 24 64 72 7 22 65 51 91 10 93 68 
72 58 9 39 29 10 89 47 89 4 89 53 0 86 34 72 9 52 34 62 8 60 42 28 52 41 72 46 95 10 89 47 59 22 55 1 20 20 86 28 98 22 95 19 68 36 96 30 23 57 11 43 73 32 13 83 8 88 9 62 24 35 95 4 56 69 16 25 95 63 27 99 48 88 36 17 88 91 79 88 58 25 56 50 53 25 16 68 74 47 21 67 95 13 26 1 98 99 78 12 91 25 55 48 78 41 60 96 80 90 32 57 34 39 
7 83 85 92 53 68 23 84 91 58 96 39 86 0 93 21 15 10 68 82 80 4 48 71 43 6 21 58 60 55 78 25 59 80 37 81 59 52 64 74 84 89 83 56 79 71 28 24 54 70 69 24 47 40 67 78 27 25 18 88 2 46 59 22 18 57 34 44 76 99 3 97 91 84 27 27 53 56 8 63 32 80 93 77 47 88 71 70 56 93 99 88 86 75 16 15 57 88 2 85 76 77 91 19 63 46 66 53 29 88 39 21 98 52 
26 97 78 70 95 4 35 42 84 44 29 84 34 93 0 60 95 65 15 98 53 45 17 65 31 83 11 46 89 79 60 98 43 65 6 91 77 56 43 21 89 69 19 93 50 84 16 18 62 8 65 56 3 91 5 17 78 69 31 53 85 37 99 60 32 36 33 51 52 6 34 1 10 32 36 89 61 39 12 45 44 8 63 57 97 94 53 25 44 52 11 95 50 19 11 62 40 7 8 80 13 1 4 52 16 68 82 60 67 16 62 65 20 45 
51 14 51 99 51 68 95 21 40 54 65 81 72 21 60 0 88 62 22 1 64 95 85 2 85 61 77 23 15 25 47 33 81 71 55 25 78 90 36 58 32 40 15 94 49 14 20 16 98 42 36 26 52 35 23 34 62 79 8 33 4 68 96 58 97 47 90 22 93 85 59 65 41 79 79 63 63 48 28 72 43 15 94 52 19 79 11 36 50 94 80 90 5 6 87 30 54 81 73 30 39 79 55 43 65 69 45 85 74 51 81 51 36 73 
21 11 80 34 47 55 22 41 99 44 87 75 9 15 95 88 0 16 40 3 36 98 80 16 16 95 67 35 84 94 19 75 19 26 18 50 38 21 41 53 24 19 80 52 33 38 31 41 51 74 69 81 16 64 65 92 21 55 24 7 25 1 49 81 29 89 2 74 22 1 77 33 41 82 84 31 88 54 34 83 23 4 35 50 89 71 38 34 13 38 80 66 7 80 93 4 33 86 45 30 47 68 67 29 58 85 44 95 94 21 53 32 26 64 
19 24 42 44 8 98 69 51 16 75 59 71 52 10 65 62 16 0 53 60 18 23 55 14 31 24 51 22 72 4 24 13 78 8 53 31 27 9 97 85 82 74 40 57 61 26 66 96 28 19 87 2 35 3 18 86 12 94 54 60 83 12 84 4 84 1 94 86 52 92 33 87 85 82 6 12 70 10 47 75 94 33 39 43 64 24 41 64 64 32 19 41 6 93 80 83 75 41 26 69 50 83 87 47 14 22 81 82 95 50 52 15 31 11 
85 82 65 27 86 64 68 5 38 99 89 27 34 68 15 22 40 53 0 86 5 8 55 60 85 99 42 36 57 14 12 53 67 22 82 95 35 62 92 86 61 93 99 92 75 9 76 82 28 26 87 37 15 4 93 85 73 44 9 56 18 61 33 99 84 28 96 53 51 81 92 80 27 38 25 57 41 53 39 20 45 21 64 22 66 69 93 19 69 17 79 60 57 45 36 40 62 33 68 54 63 76 9 35 34 93 26 68 2 99 9 90 28 30 
12 8 84 57 17 81 49 10 97 98 52 58 62 82 98 1 3 60 86 0 90 78 11 62 17 80 75 77 98 1 31 4 82 65 39 68 31 22 27 96 11 70 34 37 10 1 56 70 11 4 40 78 38 17 26 47 8 44 1 57 15 56 56 53 79 98 54 61 1 15 61 67 96 40 72 8 17 67 62 70 51 59 80 15 78 13 12 80 96 35 7 70 86 45 71 73 13 47 83 8 30 61 83 74 47 87 85 98 48 89 74 77 88 46 
29 25 25 70 30 29 19 1 37 76 23 31 8 80 53 64 36 18 5 90 0 37 88 40 38 7 44 59 2 84 30 49 56 46 9 35 30 1 80 20 5 72 2 9 27 41 90 33 71 97 8 39 82 30 4 75 51 92 17 50 43 71 9 32 26 35 55 98 97 71 6 64 95 25 47 21 23 1 70 23 28 26 65 46 39 58 53 53 33 70 80 6 34 65 54 54 54 13 81 97 34 52 56 81 55 13 86 11 82 79 72 85 30 13 
30 75 21 74 12 38 98 91 99 60 11 65 60 4 45 95 98 23 8 78 37 0 64 8 71 83 64 65 45 70 76 89 35 15 60 89 34 25 4 42 31 23 54 97 92 92 83 98 37 7 39 99 32 63 48 63 35 72 43 21 91 51 23 3 64 1 93 6 73 53 10 95 98 12 99 41 92 77 88 62 3 23 83 94 99 48 30 96 99 81 2 76 2 53 93 65 76 79 63 77 49 37 50 15 74 22 33 72 1 47 25 81 38 17 
15 93 45 53 62 65 12 22 2 67 32 39 42 48 17 85 80 55 55 11 88 64 0 53 69 93 91 8 61 10 35 64 67 69 14 67 92 1 35 71 17 38 18 39 83 15 38 63 1 34 50 78 32 58 59 74 77 29 77 54 59 32 95 14 39 92 88 60 47 63 87 62 40 72 3 60 26 58 33 31 53 92 42 79 58 46 86 26 74 75 7 3 31 78 79 92 97 43 19 84 90 89 57 43 5 12 25 23 7 5 80 29 54 31 
51 21 16 90 15 38 12 75 33 75 10 19 28 71 65 2 16 14 60 62 40 8 53 0 22 28 6 36 73 83 49 52 95 25 77 41 86 29 41 48 24 29 85 90 38 6 24 69 21 14 57 30 29 92 55 29 64 82 61 70 84 73 80 49 53 93 93 97 58 95 40 91 79 62 58 6 77 26 80 94 38 45 61 16 93 42 64 8 3 47 76 53 67 26 38 4 26 85 65 1 53 82 47 85 18 55 36 79 61 51 47 24 66 1 
69 33 31 28 31 94 53 22 31 92 7 96 52 43 31 85 16 31 85 17 38 71 69 22 0 33 13 91 76 26 56 70 6 15 88 3 92 65 99 88 59 25 46 15 78 87 33 92 73 39 84 21 25 72 28 38 96 83 17 55 97 53 74 6 67 81 95 51 3 90 33 8 90 86 37 67 74 12 36 43 40 53 94 85 21 74 8 53 70 58 63 90 84 17 29 46 83 82 69 68 62 84 70 39 75 64 73 13 35 25 84 35 23 90 
88 13 92 44 9 19 77 34 8 6 31 42 41 6 83 61 95 24 99 80 7 83 93 28 33 0 41 88 76 78 39 76 22 16 56 69 83 69 12 37 58 28 80 2 13 2 9 90 64 91 16 86 81 85 28 94 8 15 76 13 62 21 38 63 67 34 58 75 73 6 1 3 5 65 58 36 31 5 76 81 15 3 53 55 16 97 89 1 60 63 2 92 68 82 42 84 45 98 7 88 57 50 48 73 60 94 83 81 99 93 39 11 88 66 
88 66 15 2 41 79 69 39 51 27 68 96 72 21 11 77 67 51 42 75 44 64 91 6 13 41 0 96 89 60 74 96 92 35 51 52 83 83 52 92 25 56 69 66 38 58 98 88 45 58 42 33 28 56 64 81 92 77 57 27 63 54 93 23 39 21 59 44 20 46 76 38 85 35 88 59 2 41 86 38 59 8 25 25 84 42 95 28 33 15 26 14 79 37 25 4 57 94 32 29 77 3 61 60 73 41 16 38 8 83 39 48 61 61 
95 95 20 83 49 71 46 38 51 68 19 58 46 58 46 23 35 22 36 77 59 65 8 36 91 88 96 0 49 83 9 86 69 40 64 55 14 62 41 74 75 69 25 26 34 19 79 47 79 8 78 9 39 50 15 18 46 58 78 88 27 32 59 24 38 43 94 90 82 97 27 47 19 25 40 76 40 7 69 40 47 22 68 74 25 72 33 13 87 66 8 3 97 21 4 86 95 36 18 18 56 44 53 96 26 90 30 52 68 48 21 72 80 9 
97 61 27 95 31 93 65 44 33 32 13 49 95 60 89 15 84 72 57 98 2 45 61 73 76 76 89 49 0 24 61 57 10 47 61 66 63 22 14 23 28 26 18 33 94 15 86 53 26 61 84 69 90 25 58 64 13 19 27 78 26 1 23 15 75 40 76 20 10 72 54 67 28 89 3 72 86 20 15 14 98 83 23 62 82 12 29 45 3 4 11 32 92 97 30 56 30 34 42 66 50 26 86 49 54 49 1 39 8 22 6 16 78 81 
87 25 87 97 24 53 90 34 44 12 74 43 10 55 79 25 94 4 14 1 84 70 10 83 26 78 60 83 24 0 64 98 31 33 73 45 41 68 25 79 68 51 49 36 53 32 2 65 32 19 67 16 44 40 21 2 1 46 83 30 27 8 53 4 22 84 80 63 70 68 9 73 44 96 90 77 73 59 69 59 82 64 93 53 38 48 52 24 71 1 24 23 88 60 9 3 19 4 15 80 68 35 82 65 45 43 35 79 45 61 68 43 23 42 
14 83 8 27 67 11 41 96 42 4 75 53 89 78 60 47 19 24 12 31 30 76 35 49 56 39 74 9 61 64 0 69 42 40 81 43 68 99 14 26 39 76 6 93 23 40 74 15 48 72 2 34 71 61 20 16 98 99 54 70 21 36 39 50 82 59 13 76 54 25 96 23 34 25 31 88 1 88 36 46 64 9 42 15 63 11 30 31 38 98 40 11 68 55 78 46 74 69 24 82 65 82 82 33 94 15 31 39 97 88 1 38 67 43 
10 98 54 85 93 33 8 42 70 55 92 23 47 25 98 33 75 13 53 4 49 89 64 52 70 76 96 86 57 98 69 0 62 19 1 46 83 95 72 71 97 54 1 43 41 40 25 41 93 73 32 5 30 36 36 49 31 48 1 80 8 53 10 25 52 86 92 76 15 82 62 41 13 28 45 1 55 65 17 91 18 60 91 96 38 73 84 82 40 44 71 91 24 31 74 64 91 49 45 95 17 60 91 45 86 49 18 52 49 7 77 67 87 36 
8 3 48 31 65 47 8 72 2 2 66 65 59 59 43 81 19 78 67 82 56 35 67 95 6 22 92 69 10 31 42 62 0 45 79 99 1 39 19 82 37 49 4 52 49 4 89 58 17 88 64 87 22 34 95 32 69 39 72 70 54 13 97 47 41 18 94 79 62 36 59 32 31 49 31 97 97 21 7 75 36 37 74 39 72 57 72 68 50 62 83 99 84 86 88 48 1 66 22 22 40 77 61 3 41 78 44 84 60 67 79 86 51 23 
64 93 61 65 13 64 34 70 98 14 86 71 22 80 65 71 26 8 22 65 46 15 69 25 15 16 35 40 47 33 40 19 45 0 38 14 16 85 47 39 90 55 28 30 49 16 74 30 52 50 89 65 14 53 95 60 35 4 65 81 93 58 1 10 91 39 18 14 43 53 10 39 26 58 82 52 70 54 90 70 30 91 63 77 21 56 89 96 2 63 55 11 32 70 96 48 49 11 41 26 73 88 23 50 56 89 4 29 25 21 66 88 10 12 
62 99 35 23 18 94 59 71 52 60 54 62 55 37 6 55 18 53 82 39 9 60 14 77 88 56 51 64 61 73 81 1 79 38 0 22 59 88 95 65 79 88 72 87 83 1 43 35 67 58 93 7 71 3 13 91 5 1 35 77 9 24 62 28 16 12 86 54 91 48 61 89 30 84 51 70 39 84 75 96 48 6 60 12 36 52 85 74 13 36 17 10 85 59 49 22 48 72 57 52 68 4 93 51 54 88 80 93 40 81 83 83 3 31 
23 11 33 99 34 19 8 24 31 57 43 61 1 81 91 25 50 31 95 68 35 89 67 41 3 69 52 55 66 45 43 46 99 14 22 0 86 48 66 42 57 42 80 45 95 80 87 34 55 16 28 38 6 65 35 43 88 45 91 43 45 53 89 58 81 3 65 74 96 50 32 32 42 40 15 3 48 36 51 33 33 42 43 96 17 84 29 32 92 12 39 88 17 57 10 65 84 27 3 39 86 31 87 54 32 31 37 16 22 93 48 74 45 5 
58 55 20 53 11 37 35 87 83 82 7 97 20 59 77 78 38 27 35 31 30 34 92 86 92 83 83 14 63 41 68 83 1 16 59 86 0 67 44 19 60 91 30 78 10 24 91 9 92 15 88 48 73 38 42 90 31 40 6 34 75 20 94 38 90 16 13 98 65 1 70 51 48 19 69 68 67 75 70 56 66 82 51 49 5 51 57 79 39 11 95 25 40 59 56 1 39 94 86 96 71 74 56 16 97 50 56 7 33 30 94 79 20 29 
2 97 68 4 29 30 5 40 50 9 10 28 20 52 56 90 21 9 62 22 1 25 1 29 65 69 83 62 22 68 99 95 39 85 88 48 67 0 79 42 93 25 90 11 70 16 47 30 45 20 84 75 80 45 99 13 87 78 50 32 54 88 93 79 3 70 97 23 43 3 21 57 40 38 27 22 4 63 29 10 55 2 29 7 45 68 33 30 70 13 91 16 75 93 17 24 16 12 5 72 95 25 81 38 64 61 82 50 79 12 1 48 24 82 
1 83 25 71 76 40 6 32 82 39 37 1 86 64 43 36 41 97 92 27 80 4 35 41 99 12 52 41 14 25 14 72 19 47 95 66 44 79 0 91 13 57 82 29 36 81 9 17 7 22 35 48 46 43 26 36 76 27 54 88 75 67 78 61 53 50 37 61 96 48 70 35 62 33 48 19 92 92 74 82 13 42 58 71 3 35 81 67 88 72 15 27 40 91 59 46 83 85 53 14 10 26 48 65 89 40 86 22 46 45 89 84 69 68 
61 87 84 13 6 29 62 38 83 5 88 27 28 74 21 58 53 85 86 96 20 42 71 48 88 37 92 74 23 79 26 71 82 39 65 42 19 42 91 0 71 36 35 25 62 88 74 21 77 73 59 56 16 83 42 64 28 97 83 90 72 74 97 61 90 80 89 23 35 56 8 38 99 1 76 74 64 58 65 40 15 23 27 16 82 77 93 27 50 89 33 26 99 53 61 78 6 47 65 11 98 2 57 73 92 57 22 87 38 73 75 93 15 15 
82 71 95 40 82 55 51 39 96 71 60 51 98 84 89 32 24 82 61 11 5 31 17 24 59 58 25 75 28 68 39 97 37 90 79 57 60 93 13 71 0 50 89 46 87 31 84 78 72 59 63 43 19 59 76 13 29 46 50 95 23 77 57 90 39 87 12 20 89 51 75 92 91 41 60 3 9 76 72 30 96 11 73 64 14 36 62 28 6 49 37 83 68 7 39 19 72 54 16 53 47 98 75 54 4 25 44 26 27 2 7 19 35 32 
9 67 39 84 6 30 77 57 72 77 9 21 22 89 69 40 19 74 93 70 72 23 38 29 25 28 56 69 26 51 76 54 49 55 88 42 91 25 57 36 50 0 97 81 99 44 52 37 83 9 3 20 63 95 76 26 36 80 63 77 77 75 71 48 79 32 34 44 10 57 87 47 38 37 11 51 78 20 46 35 36 8 72 2 4 47 62 7 4 9 37 85 49 82 15 16 49 44 44 58 86 68 47 51 3 1 82 59 19 46 66 28 97 84 
89 72 48 49 43 56 46 88 22 74 54 27 95 83 19 15 80 40 99 34 2 54 18 85 46 80 69 25 18 49 6 1 4 28 72 80 30 90 82 35 89 97 0 59 21 97 44 85 12 99 91 47 38 89 41 7 45 31 59 34 66 22 90 58 1 78 68 16 71 4 48 43 2 82 48 17 69 22 62 30 45 97 67 35 89 87 78 98 39 11 22 17 79 8 54 54 68 78 13 87 86 29 14 62 7 58 46 62 52 94 7 58 41 8 
14 49 6 62 87 91 97 29 19 6 88 66 19 56 93 94 52 57 92 37 9 97 39 90 15 2 66 26 33 36 93 43 52 30 87 45 78 11 29 25 46 81 59 0 5 93 8 19 52 73 3 83 47 19 87 30 36 12 53 77 38 79 70 25 70 30 78 25 43 11 66 86 54 21 14 27 7 32 84 50 66 55 1 51 82 38 77 71 21 55 16 46 30 71 15 14 77 82 48 44 76 63 26 26 73 43 62 45 45 54 33 29 6 21 
48 55 80 71 53 28 22 37 47 80 19 78 68 79 50 49 33 61 75 10 27 92 83 38 78 13 38 34 94 53 23 41 49 49 83 95 10 70 36 62 87 99 21 5 0 62 8 52 98 51 84 22 10 78 12 68 36 38 42 10 16 94 86 77 30 53 26 87 38 16 23 92 37 46 67 4 59 96 73 73 90 17 86 75 33 63 7 74 38 3 46 14 42 34 4 5 31 66 70 89 75 37 66 57 78 71 17 43 98 58 94 6 90 88 
73 16 64 14 58 61 93 67 45 85 22 19 36 71 84 14 38 26 9 1 41 92 15 6 87 2 58 19 15 32 40 40 4 16 1 80 24 16 81 88 31 44 97 93 62 0 30 96 70 87 42 82 52 47 59 40 84 16 76 94 94 53 57 26 80 37 5 83 95 12 43 23 85 29 57 33 59 87 69 67 23 3 74 2 34 81 8 64 70 6 43 16 36 47 82 24 21 5 24 26 47 32 26 19 12 54 46 7 21 6 68 12 45 45 
31 6 88 37 57 13 72 11 92 60 68 61 96 28 16 20 31 66 76 56 90 83 38 24 33 9 98 79 86 2 74 25 89 74 43 87 91 47 9 74 84 52 44 8 8 30 0 27 86 57 81 54 38 47 12 65 57 84 23 57 77 75 72 37 51 32 24 29 1 40 62 33 67 59 47 80 38 54 91 89 34 35 26 79 20 84 53 76 85 64 97 80 99 42 39 40 7 9 1 88 43 19 45 44 94 6 3 63 37 95 60 84 20 24 
72 18 33 24 79 18 93 85 10 32 15 83 30 24 18 16 41 96 82 70 33 98 63 69 92 90 88 47 53 65 15 41 58 30 35 34 9 30 17 21 78 37 85 19 52 96 27 0 31 18 99 40 56 24 17 10 92 31 49 50 38 52 22 1 32 94 19 40 45 50 45 24 37 82 90 70 75 86 69 62 44 47 54 75 13 36 18 12 5 88 27 66 17 76 26 64 25 17 80 85 57 20 34 66 30 39 84 54 70 92 65 20 55 76 
4 43 43 23 88 72 26 1 5 91 21 60 23 54 62 98 51 28 28 11 71 37 1 21 73 64 45 79 26 32 48 93 17 52 67 55 92 45 7 77 72 83 12 52 98 70 86 31 0 70 71 94 23 82 29 98 74 58 51 21 30 33 44 92 48 47 58 80 2 13 40 20 56 60 58 67 89 58 54 56 3 34 45 54 38 63 74 61 70 73 87 83 13 49 9 84 65 27 53 18 28 43 49 54 93 15 85 46 29 16 34 90 71 15 
71 21 75 67 82 92 98 17 78 8 86 63 57 70 8 42 74 19 26 4 97 7 34 14 39 91 58 8 61 19 72 73 88 50 58 16 15 20 22 73 59 9 99 73 51 87 57 18 70 0 91 80 66 14 27 52 24 94 11 73 52 30 20 3 37 23 57 99 95 59 22 35 40 55 29 12 60 3 4 87 11 28 2 62 71 13 31 68 80 62 58 8 43 4 54 90 13 75 76 60 35 70 51 98 93 22 86 76 44 4 85 7 2 66 
22 49 67 93 11 8 2 31 64 67 10 39 11 69 65 36 69 87 87 40 8 39 50 57 84 16 42 78 84 67 2 32 64 89 93 28 88 84 35 59 63 3 91 3 84 42 81 99 71 91 0 97 19 54 8 71 47 26 35 56 72 64 95 12 13 50 80 68 55 70 82 42 32 83 34 74 10 89 75 96 2 20 12 73 42 24 36 59 30 15 2 50 95 40 28 58 20 33 12 52 88 86 65 77 61 9 40 85 98 19 4 47 41 32 
50 23 89 96 73 84 14 4 24 33 43 24 43 24 56 26 81 2 37 78 39 99 78 30 21 86 33 9 69 16 34 5 87 65 7 38 48 75 48 56 43 20 47 83 22 82 54 40 94 80 97 0 96 43 63 24 17 89 32 98 76 84 7 19 46 65 54 86 44 51 43 14 8 1 6 14 9 39 67 60 98 67 6 26 89 7 16 75 60 20 51 23 3 76 76 51 42 9 48 84 28 10 71 19 79 70 62 84 36 36 57 54 23 14 
58 14 99 54 49 57 39 79 96 47 67 69 73 47 3 52 16 35 15 38 82 32 32 29 25 81 28 39 90 44 71 30 22 14 71 6 73 80 46 16 19 63 38 47 10 52 38 56 23 66 19 96 0 49 22 8 7 78 29 44 85 71 98 29 74 90 7 54 14 73 55 90 51 49 39 58 35 69 66 52 25 86 48 39 85 39 32 79 79 9 37 96 73 38 78 35 40 20 68 32 71 65 56 60 57 27 90 78 31 53 89 32 84 44 
4 98 31 10 20 52 86 60 60 76 21 70 32 40 91 35 64 3 4 17 30 63 58 92 72 85 56 50 25 40 61 36 34 53 3 65 38 45 43 83 59 95 89 19 78 47 47 24 82 14 54 43 49 0 1 52 11 73 40 77 14 70 70 50 12 13 60 14 90 32 20 26 65 87 67 19 87 92 99 99 37 49 15 41 46 79 64 1 55 21 85 24 56 60 41 38 3 35 70 44 91 41 84 61 46 19 69 27 61 46 59 24 2 41 
69 54 18 42 13 33 28 54 65 83 17 62 13 67 5 23 65 18 93 26 4 48 59 55 28 28 64 15 58 21 20 36 95 95 13 35 42 99 26 42 76 76 41 87 12 59 12 17 29 27 8 63 22 1 0 14 78 63 52 95 48 62 58 65 98 24 2 3 68 84 5 9 78 15 14 99 7 96 69 98 87 29 74 35 84 59 49 10 15 32 25 25 23 75 26 20 97 75 62 86 8 54 89 62 76 69 18 44 29 18 53 49 92 95 
25 85 69 58 26 77 39 70 83 45 59 88 83 78 17 34 92 86 85 47 75 63 74 29 38 94 81 18 64 2 16 49 32 60 91 43 90 13 36 64 13 26 7 30 68 40 65 10 98 52 71 24 8 52 14 0 60 22 87 72 93 10 11 21 84 16 47 39 20 61 7 24 32 92 1 84 72 10 68 66 3 66 48 87 26 20 5 53 71 5 23 63 60 41 70 71 24 77 32 59 28 73 31 19 57 45 37 60 89 57 84 57 2 49 
44 11 65 89 78 63 85 50 32 65 78 67 8 27 78 62 21 12 73 8 51 35 77 64 96 8 92 46 13 1 98 31 69 35 5 88 31 87 76 28 29 36 45 36 36 84 57 92 74 24 47 17 7 11 78 60 0 9 55 24 94 54 71 24 43 69 62 31 73 27 36 89 95 22 61 33 91 87 19 10 30 75 31 59 40 95 26 74 74 54 76 78 61 27 7 85 68 78 34 92 52 37 34 84 41 14 65 52 74 7 57 22 60 31 
77 97 61 94 17 52 34 75 2 38 43 20 88 25 69 79 55 94 44 44 92 72 29 82 83 15 77 58 19 46 99 48 39 4 1 45 40 78 27 97 46 80 31 12 38 16 84 31 58 94 26 89 78 73 63 22 9 0 46 69 58 20 83 32 71 61 76 34 18 79 97 1 83 42 68 86 63 35 25 98 73 13 51 64 65 34 60 36 20 7 24 97 61 19 97 63 10 24 41 77 98 7 80 35 81 7 33 13 71 96 52 46 18 88 
27 56 79 77 5 97 2 47 85 48 36 37 9 18 31 8 24 54 9 1 17 43 77 61 17 76 57 78 27 83 54 1 72 65 35 91 6 50 54 83 50 63 59 53 42 76 23 49 51 11 35 32 29 40 52 87 55 46 0 87 85 7 58 58 84 73 7 88 19 31 7 88 14 54 62 41 39 17 48 39 98 1 66 49 70 32 66 1 76 77 20 85 83 64 39 55 87 13 22 19 46 60 61 13 29 12 14 61 83 60 88 84 3 34 
53 62 18 83 89 31 32 28 79 74 76 18 62 88 53 33 7 60 56 57 50 21 54 70 55 13 27 88 78 30 70 80 70 81 77 43 34 32 88 90 95 77 34 77 10 94 57 50 21 73 56 98 44 77 95 72 24 69 87 0 92 10 3 77 44 82 18 89 54 51 76 7 37 95 17 77 99 63 23 71 70 83 16 96 19 22 10 3 79 79 7 97 60 37 26 6 62 9 7 21 57 14 94 4 79 6 82 91 40 99 8 33 11 69 
81 57 40 12 28 23 39 34 69 91 29 22 24 2 85 4 25 83 18 15 43 91 59 84 97 62 63 27 26 27 21 8 54 93 9 45 75 54 75 72 23 77 66 38 16 94 77 38 30 52 72 76 85 14 48 93 94 58 85 92 0 45 99 82 80 98 20 50 67 62 51 26 41 25 56 3 87 6 10 95 81 26 54 72 66 56 64 8 69 87 40 58 74 78 39 32 77 60 82 28 90 40 9 4 15 99 10 76 79 82 65 74 84 16 
42 90 36 37 51 6 29 73 55 85 86 78 35 46 37 68 1 12 61 56 71 51 32 73 53 21 54 32 1 8 36 53 13 58 24 53 20 88 67 74 77 75 22 79 94 53 75 52 33 30 64 84 71 70 62 10 54 20 7 10 45 0 65 53 48 27 54 17 26 8 25 5 10 26 37 90 81 53 70 55 26 42 19 12 81 4 2 18 51 91 19 46 45 49 21 92 17 36 30 8 29 7 30 98 97 95 3 89 91 61 70 1 87 15 
83 22 82 17 69 92 76 69 26 16 35 27 95 59 99 96 49 84 33 56 9 23 95 80 74 38 93 59 23 53 39 10 97 1 62 89 94 93 78 97 57 71 90 70 86 57 72 22 44 20 95 7 98 70 58 11 71 83 58 3 99 65 0 69 74 16 87 90 45 68 16 51 35 53 15 71 31 29 93 73 35 60 15 81 13 87 64 86 79 3 10 76 31 33 20 68 77 31 71 9 18 75 67 49 66 17 33 18 78 59 12 67 34 8 
16 97 29 31 4 96 32 40 84 66 45 33 4 22 60 58 81 4 99 53 32 3 14 49 6 63 23 24 15 4 50 25 47 10 28 58 38 79 61 61 90 48 58 25 77 26 37 1 92 3 12 19 29 50 65 21 24 32 58 77 82 53 69 0 7 5 63 1 22 21 38 51 59 82 79 7 47 13 62 50 52 28 60 15 22 88 54 14 75 35 50 71 24 54 52 13 71 11 99 5 97 12 75 38 32 44 95 38 87 1 39 26 23 45 
65 84 23 85 59 23 52 33 28 53 93 9 56 18 32 97 29 84 84 79 26 64 39 53 67 67 39 38 75 22 82 52 41 91 16 81 90 3 53 90 39 79 1 70 30 80 51 32 48 37 13 46 74 12 98 84 43 71 84 44 80 48 74 7 0 94 47 86 14 32 47 82 67 37 53 35 32 14 48 19 26 64 87 6 24 20 31 5 8 52 99 67 65 28 96 56 1 44 44 91 63 65 5 7 25 24 28 31 69 26 94 51 68 3 
69 26 39 58 13 77 67 98 57 70 83 9 69 57 36 47 89 1 28 98 35 1 92 93 81 34 21 43 40 84 59 86 18 39 12 3 16 70 50 80 87 32 78 30 53 37 32 94 47 23 50 65 90 13 24 16 69 61 73 82 98 27 16 5 94 0 99 86 57 19 13 25 38 70 65 59 1 65 14 22 38 99 15 18 91 90 23 21 51 73 49 11 24 97 66 13 21 86 22 47 32 27 35 59 91 83 70 15 80 84 79 63 26 68 
26 15 42 36 3 23 68 8 93 67 9 21 16 34 33 90 2 94 96 54 55 93 88 93 95 58 59 94 76 80 13 92 94 18 86 65 13 97 37 89 12 34 68 78 26 5 24 19 58 57 80 54 7 60 2 47 62 76 7 18 20 54 87 63 47 99 0 18 20 55 38 1 81 62 62 4 17 54 78 25 65 20 72 63 54 5 5 72 84 70 80 61 98 54 33 88 7 3 41 6 22 4 12 80 68 7 76 47 17 64 5 20 41 38 
99 14 75 42 77 19 33 34 9 90 31 69 25 44 51 22 74 86 53 61 98 6 60 97 51 75 44 90 20 63 76 76 79 14 54 74 98 23 61 23 20 44 16 25 87 83 29 40 80 99 68 86 54 14 3 39 31 34 88 89 50 17 90 1 86 86 18 0 63 59 6 80 87 75 45 11 7 33 41 9 67 96 73 58 25 95 34 48 95 53 92 12 37 7 61 30 50 56 7 41 64 8 76 27 56 32 83 96 55 78 77 7 96 91 
88 85 78 82 97 94 75 63 56 29 65 83 95 76 52 93 22 52 51 1 97 73 47 58 3 73 20 82 10 70 54 15 62 43 91 96 65 43 96 35 89 10 71 43 38 95 1 45 2 95 55 44 14 90 68 20 73 18 19 54 67 26 45 22 14 57 20 63 0 79 58 14 84 24 21 66 91 85 55 67 84 88 38 17 8 81 69 16 16 83 21 48 21 59 10 97 56 60 89 8 26 10 11 37 40 21 83 76 29 99 41 86 84 6 
8 44 71 3 97 30 33 15 77 20 78 55 63 99 6 85 1 92 81 15 71 53 63 95 90 6 46 97 72 68 25 82 36 53 48 50 1 3 48 56 51 57 4 11 16 12 40 50 13 59 70 51 73 32 84 61 27 79 31 51 62 8 68 21 32 19 55 59 79 0 11 49 61 68 60 34 22 77 84 7 22 15 42 66 79 69 39 92 54 81 95 13 90 78 61 58 52 15 68 49 55 10 23 34 99 57 81 15 32 20 43 32 74 28 
27 7 26 86 62 19 98 78 47 18 19 86 27 3 34 59 77 33 92 61 6 10 87 40 33 1 76 27 54 9 96 62 59 10 61 32 70 21 70 8 75 87 48 66 23 43 62 45 40 22 82 43 55 20 5 7 36 97 7 76 51 25 16 38 47 13 38 6 58 11 0 62 15 54 41 91 44 12 74 73 32 52 59 16 49 4 26 65 29 69 60 60 84 78 5 70 67 74 44 88 84 74 79 63 5 73 41 98 13 19 55 36 20 32 
26 78 49 94 16 53 6 44 50 6 39 94 99 97 1 65 33 87 80 67 64 95 62 91 8 3 38 47 67 73 23 41 32 39 89 32 51 57 35 38 92 47 43 86 92 23 33 24 20 35 42 14 90 26 9 24 89 1 88 7 26 5 51 51 82 25 1 80 14 49 62 0 10 71 30 33 86 95 87 85 84 12 85 97 96 83 29 90 37 18 96 22 11 80 62 40 89 91 72 84 46 13 20 45 20 85 64 42 64 31 52 12 54 32 
23 57 51 37 75 32 1 62 12 80 12 75 48 91 10 41 41 85 27 96 95 98 40 79 90 5 85 19 28 44 34 13 31 26 30 42 48 40 62 99 91 38 2 54 37 85 67 37 56 40 32 8 51 65 78 32 95 83 14 37 41 10 35 59 67 38 81 87 84 61 15 10 0 75 92 69 11 21 88 73 78 1 39 89 48 6 47 75 72 94 58 18 47 38 88 88 74 4 51 64 64 61 53 49 52 7 64 94 2 25 23 89 49 35 
10 60 63 47 13 50 38 86 9 11 57 90 88 84 32 79 82 82 38 40 25 12 72 62 86 65 35 25 89 96 25 28 49 58 84 40 19 38 33 1 41 37 82 21 46 29 59 82 60 55 83 1 49 87 15 92 22 42 54 95 25 26 53 82 37 70 62 75 24 68 54 71 75 0 23 40 19 64 75 89 18 8 28 87 79 3 51 17 44 80 12 78 14 95 39 1 72 27 93 77 95 89 55 17 63 74 57 54 40 19 65 79 69 59 
68 16 45 81 19 99 73 37 62 30 53 24 36 27 36 79 84 6 25 72 47 99 3 58 37 58 88 40 3 90 31 45 31 82 51 15 69 27 48 76 60 11 48 14 67 57 47 90 58 29 34 6 39 67 14 1 61 68 62 17 56 37 15 79 53 65 62 45 21 60 41 30 92 23 0 51 54 44 48 51 48 88 95 55 75 66 4 45 12 53 57 41 15 39 98 14 47 62 6 62 15 78 66 93 48 77 14 6 23 42 7 16 31 47 
24 25 55 28 31 84 44 13 75 18 84 95 17 27 89 63 31 12 57 8 21 41 60 6 67 36 59 76 72 77 88 1 97 52 70 3 68 22 19 74 3 51 17 27 4 33 80 70 67 12 74 14 58 19 99 84 33 86 41 77 3 90 71 7 35 59 4 11 66 34 91 33 69 40 51 0 93 33 19 30 72 4 1 51 70 41 36 52 16 50 9 68 66 35 35 86 39 3 46 59 18 34 93 9 45 6 10 42 51 74 78 63 8 33 
28 10 1 73 60 94 25 54 24 82 77 91 88 53 61 63 88 70 41 17 23 92 26 77 74 31 2 40 86 73 1 55 97 70 39 48 67 4 92 64 9 78 69 7 59 59 38 75 89 60 10 9 35 87 7 72 91 63 39 99 87 81 31 47 32 1 17 7 91 22 44 86 11 19 54 93 0 80 67 42 78 77 49 92 14 76 2 33 28 10 37 8 55 12 90 37 81 59 77 64 24 33 66 80 76 74 63 18 87 66 6 77 60 45 
38 67 87 29 6 46 17 27 89 47 69 14 91 56 39 48 54 10 53 67 1 77 58 26 12 5 41 7 20 59 88 65 21 54 84 36 75 63 92 58 76 20 22 32 96 87 54 86 58 3 89 39 69 92 96 10 87 35 17 63 6 53 29 13 14 65 54 33 85 77 12 95 21 64 44 33 80 0 93 30 57 57 68 54 18 13 53 83 94 20 61 58 34 62 89 74 80 33 61 71 19 35 74 39 72 23 16 55 28 24 27 12 61 31 
58 72 17 3 17 52 97 83 90 8 26 12 79 8 12 28 34 47 39 62 70 88 33 80 36 76 86 69 15 69 36 17 7 90 75 51 70 29 74 65 72 46 62 84 73 69 91 69 54 4 75 67 66 99 69 68 19 25 48 23 10 70 93 62 48 14 78 41 55 84 74 87 88 75 48 19 67 93 0 62 98 74 45 81 24 65 72 18 65 13 85 39 77 38 38 84 44 88 78 14 44 91 28 47 69 5 99 32 59 90 42 64 97 83 
84 54 20 14 96 87 97 13 83 18 70 43 88 63 45 72 83 75 20 70 23 62 31 94 43 81 38 40 14 59 46 91 75 70 96 33 56 10 82 40 30 35 30 50 73 67 89 62 56 87 96 60 52 99 98 66 10 98 39 71 95 55 73 50 19 22 25 9 67 7 73 85 73 89 51 30 42 30 62 0 55 88 40 72 37 40 71 17 11 26 48 12 79 64 44 94 42 24 34 89 47 26 46 31 95 87 26 97 38 7 23 30 84 32 
39 70 10 42 97 16 42 26 83 87 32 11 58 32 44 43 23 94 45 51 28 3 53 38 40 15 59 47 98 82 64 18 36 30 48 33 66 55 13 15 96 36 45 66 90 23 34 44 3 11 2 98 25 37 87 3 30 73 98 70 81 26 35 52 26 38 65 67 84 22 32 84 78 18 48 72 78 57 98 55 0 88 98 54 16 84 87 16 79 36 7 2 9 83 12 79 81 93 40 7 27 74 77 65 35 27 83 39 92 9 19 25 6 56 
9 37 93 37 61 72 25 2 6 62 60 89 25 80 8 15 4 33 21 59 26 23 92 45 53 3 8 22 83 64 9 60 37 91 6 42 82 2 42 23 11 8 97 55 17 3 35 47 34 28 20 67 86 49 29 66 75 13 1 83 26 42 60 28 64 99 20 96 88 15 52 12 1 8 88 4 77 57 74 88 88 0 46 3 25 48 58 40 80 38 52 10 38 9 70 16 57 67 38 23 76 19 7 78 72 35 41 53 25 50 7 33 67 13 
33 22 52 41 44 49 22 42 43 65 63 25 56 93 63 94 35 39 64 80 65 83 42 61 94 53 25 68 23 93 42 91 74 63 60 43 51 29 58 27 73 72 67 1 86 74 26 54 45 2 12 6 48 15 74 48 31 51 66 16 54 19 15 60 87 15 72 73 38 42 59 85 39 28 95 1 49 68 45 40 98 46 0 59 87 33 49 46 56 33 27 16 60 57 31 67 28 94 21 49 39 23 65 62 85 88 68 70 67 8 16 26 95 63 
35 41 11 19 32 29 28 56 47 8 30 48 50 77 57 52 50 43 22 15 46 94 79 16 85 55 25 74 62 53 15 96 39 77 12 96 49 7 71 16 64 2 35 51 75 2 79 75 54 62 73 26 39 41 35 87 59 64 49 96 72 12 81 15 6 18 63 58 17 66 16 97 89 87 55 51 92 54 81 72 54 3 59 0 28 94 19 91 85 74 80 37 1 13 24 98 10 47 87 76 75 6 70 43 4 34 77 21 58 2 67 80 78 62 
11 78 69 98 45 84 47 56 22 30 67 69 53 47 97 19 89 64 66 78 39 99 58 93 21 16 84 25 82 38 63 38 72 21 36 17 5 45 3 82 14 4 89 82 33 34 20 13 38 71 42 89 85 46 84 26 40 65 70 19 66 81 13 22 24 91 54 25 8 79 49 96 48 79 75 70 14 18 24 37 16 25 87 28 0 78 79 86 51 86 17 2 22 58 23 17 68 38 61 79 81 91 1 38 77 81 82 8 61 93 24 13 51 16 
24 92 24 39 25 28 36 65 52 56 33 44 25 88 94 79 71 24 69 13 58 48 46 42 74 97 42 72 12 48 11 73 57 56 52 84 51 68 35 77 36 47 87 38 63 81 84 36 63 13 24 7 39 79 59 20 95 34 32 22 56 4 87 88 20 90 5 95 81 69 4 83 6 3 66 41 76 13 65 40 84 48 33 94 78 0 64 9 3 43 18 16 51 26 64 52 55 28 45 59 80 5 12 37 22 93 10 91 22 13 46 98 29 40 
16 50 15 64 63 44 63 16 74 29 72 92 16 71 53 11 38 41 93 12 53 30 86 64 8 89 95 33 29 52 30 84 72 89 85 29 57 33 81 93 62 62 78 77 7 8 53 18 74 31 36 16 32 64 49 5 26 60 66 10 64 2 64 54 31 23 5 34 69 39 26 29 47 51 4 36 2 53 72 71 87 58 49 19 79 64 0 3 48 71 51 19 92 93 37 83 74 57 66 5 48 39 80 76 19 50 64 71 55 43 70 42 21 17 
88 48 64 47 80 20 69 93 43 44 61 14 68 70 25 36 34 64 19 80 53 96 26 8 53 1 28 13 45 24 31 82 68 96 74 32 79 30 67 27 28 7 98 71 74 64 76 12 61 68 59 75 79 1 10 53 74 36 1 3 8 18 86 14 5 21 72 48 16 92 65 90 75 17 45 52 33 83 18 17 16 40 46 91 86 9 3 0 1 40 68 36 22 87 52 91 65 4 9 60 2 10 62 25 38 96 71 52 83 84 74 6 58 19 
26 78 22 90 22 80 63 41 14 99 94 7 74 56 44 50 13 64 69 96 33 99 74 3 70 60 33 87 3 71 38 40 50 2 13 92 39 70 88 50 6 4 39 21 38 70 85 5 70 80 30 60 79 55 15 71 74 20 76 79 69 51 79 75 8 51 84 95 16 54 29 37 72 44 12 16 28 94 65 11 79 80 56 85 51 3 48 1 0 46 63 87 79 87 67 51 22 94 73 71 77 81 37 69 37 77 45 48 45 52 21 3 47 77 
72 41 47 3 20 71 33 61 19 56 73 3 47 93 52 94 38 32 17 35 70 81 75 47 58 63 15 66 4 1 98 44 62 63 36 12 11 13 72 89 49 9 11 55 3 6 64 88 73 62 15 20 9 21 32 5 54 7 77 79 87 91 3 35 52 73 70 53 83 81 69 18 94 80 53 50 10 20 13 26 36 38 33 74 86 43 71 40 46 0 37 46 15 25 85 72 31 94 96 12 51 73 69 95 80 63 49 83 36 13 82 32 71 3 
93 79 4 99 78 89 46 71 24 6 28 68 21 99 11 80 80 19 79 7 80 2 7 76 63 2 26 8 11 24 40 71 83 55 17 39 95 91 15 33 37 37 22 16 46 43 97 27 87 58 2 51 37 85 25 23 76 24 20 7 40 19 10 50 99 49 80 92 21 95 60 96 58 12 57 9 37 61 85 48 7 52 27 80 17 18 51 68 63 37 0 71 86 26 25 53 37 2 90 52 96 63 42 68 67 43 55 53 72 31 29 24 10 9 
75 46 57 29 34 87 89 50 46 51 98 94 67 88 95 90 66 41 60 70 6 76 3 53 90 92 14 3 32 23 11 91 99 11 10 88 25 16 27 26 83 85 17 46 14 16 80 66 83 8 50 23 96 24 25 63 78 97 85 97 58 46 76 71 67 11 61 12 48 13 60 22 18 78 41 68 8 58 39 12 2 10 16 37 2 16 19 36 87 46 71 0 46 94 46 70 21 92 8 18 64 40 62 57 50 43 44 96 86 90 59 98 22 27 
63 88 89 79 5 12 43 51 96 93 94 5 95 86 50 5 7 6 57 86 34 2 31 67 84 68 79 97 92 88 68 24 84 32 85 17 40 75 40 99 68 49 79 30 42 36 99 17 13 43 95 3 73 56 23 60 61 61 83 60 74 45 31 24 65 24 98 37 21 90 84 11 47 14 15 66 55 34 77 79 9 38 60 1 22 51 92 22 79 15 86 46 0 23 91 52 59 98 71 28 4 32 11 54 44 25 23 88 16 76 68 24 55 59 
47 17 81 76 40 66 58 33 53 64 69 29 13 75 19 6 80 93 45 45 65 53 78 26 17 82 37 21 97 60 55 31 86 70 59 57 59 93 91 53 7 82 8 71 34 47 42 76 49 4 40 76 38 60 75 41 27 19 64 37 78 49 33 54 28 97 54 7 59 78 78 80 38 95 39 35 12 62 38 64 83 9 57 13 58 26 93 87 87 25 26 94 23 0 67 16 92 27 25 6 27 45 94 81 82 68 58 66 1 12 34 19 61 6 
33 29 47 59 68 94 26 91 34 53 39 36 26 16 11 87 93 80 36 71 54 93 79 38 29 42 25 4 30 9 78 74 88 96 49 10 56 17 59 61 39 15 54 15 4 82 39 26 9 54 28 76 78 41 26 70 7 97 39 26 39 21 20 52 96 66 33 61 10 61 5 62 88 39 98 35 90 89 38 44 12 70 31 24 23 64 37 52 67 85 25 46 91 67 0 6 72 15 81 26 55 19 85 45 59 71 96 49 11 91 47 73 33 29 
89 46 55 43 35 16 33 21 55 35 61 83 1 15 62 30 4 83 40 73 54 65 92 4 46 84 4 86 56 3 46 64 48 48 22 65 1 24 46 78 19 16 54 14 5 24 40 64 84 90 58 51 35 38 20 71 85 63 55 6 32 92 68 13 56 13 88 30 97 58 70 40 88 1 14 86 37 74 84 94 79 16 67 98 17 52 83 91 51 72 53 70 52 16 6 0 76 4 53 34 82 56 91 20 64 12 4 40 31 23 78 63 65 57 
24 68 80 27 35 52 34 53 15 99 98 78 98 57 40 54 33 75 62 13 54 76 97 26 83 45 57 95 30 19 74 91 1 49 48 84 39 16 83 6 72 49 68 77 31 21 7 25 65 13 20 42 40 3 97 24 68 10 87 62 77 17 77 71 1 21 7 50 56 52 67 89 74 72 47 39 81 80 44 42 81 57 28 10 68 55 74 65 22 31 37 21 59 92 72 76 0 72 36 53 47 9 81 61 4 23 32 96 96 56 11 79 56 19 
56 67 72 22 43 99 7 39 58 84 10 47 99 88 7 81 86 41 33 47 13 79 43 85 82 98 94 36 34 4 69 49 66 11 72 27 94 12 85 47 54 44 78 82 66 5 9 17 27 75 33 9 20 35 75 77 78 24 13 9 60 36 31 11 44 86 3 56 60 15 74 91 4 27 62 3 59 33 88 24 93 67 94 47 38 28 57 4 94 94 2 92 98 27 15 4 72 0 95 88 78 16 90 55 63 75 51 78 56 67 37 63 37 14 
66 79 15 59 79 87 66 66 62 78 68 79 78 2 8 73 45 26 68 83 81 63 19 65 69 7 32 18 42 15 24 45 22 41 57 3 86 5 53 65 16 44 13 48 70 24 1 80 53 76 12 48 68 70 62 32 34 41 22 7 82 30 71 99 44 22 41 7 89 68 44 72 51 93 6 46 77 61 78 34 40 38 21 87 61 45 66 9 73 96 90 8 71 25 81 53 36 95 0 66 53 27 73 90 93 92 48 99 13 54 43 17 49 21 
78 47 78 17 83 46 52 81 41 38 79 7 12 85 80 30 30 69 54 8 97 77 84 1 68 88 29 18 66 80 82 95 22 26 52 39 96 72 14 11 53 58 87 44 89 26 88 85 18 60 52 84 32 44 86 59 92 77 19 21 28 8 9 5 91 47 6 41 8 49 88 84 64 77 62 59 64 71 14 89 7 23 49 76 79 59 5 60 71 12 52 18 28 6 26 34 53 88 66 0 8 85 24 77 38 16 5 16 9 49 37 67 78 19 
4 1 16 93 39 64 32 58 73 90 64 92 91 76 13 39 47 50 63 30 34 49 90 53 62 57 77 56 50 68 65 17 40 73 68 86 71 95 10 98 47 86 86 76 75 47 43 57 28 35 88 28 71 91 8 28 52 98 46 57 90 29 18 97 63 32 22 64 26 55 84 46 64 95 15 18 24 19 44 47 27 76 39 75 81 80 48 2 77 51 96 64 4 27 55 82 47 78 53 8 0 45 39 12 30 97 74 6 94 31 45 2 39 5 
1 30 26 38 49 43 8 53 66 55 21 81 25 77 1 79 68 83 76 61 52 37 89 82 84 50 3 44 26 35 82 60 77 88 4 31 74 25 26 2 98 68 29 63 37 32 19 20 43 70 86 10 65 41 54 73 37 7 60 14 40 7 75 12 65 27 4 8 10 10 74 13 61 89 78 34 33 35 91 26 74 19 23 6 91 5 39 10 81 73 63 40 32 45 19 56 9 16 27 85 45 0 33 86 71 61 4 13 68 12 14 29 4 98 
78 64 54 12 82 23 14 90 23 5 36 21 55 91 4 55 67 87 9 83 56 50 57 47 70 48 61 53 86 82 82 91 61 23 93 87 56 81 48 57 75 47 14 26 66 26 45 34 49 51 65 71 56 84 89 31 34 80 61 94 9 30 67 75 5 35 12 76 11 23 79 20 53 55 66 93 66 74 28 46 77 7 65 70 1 12 80 62 37 69 42 62 11 94 85 91 81 90 73 24 39 33 0 71 29 75 90 16 42 14 2 52 77 84 
7 76 85 23 6 83 4 20 3 44 56 24 48 19 52 43 29 47 35 74 81 15 43 85 39 73 60 96 49 65 33 45 3 50 51 54 16 38 65 73 54 51 62 26 57 19 44 66 54 98 77 19 60 61 62 19 84 35 13 4 4 98 49 38 7 59 80 27 37 34 63 45 49 17 93 9 80 39 47 31 65 78 62 43 38 37 76 25 69 95 68 57 54 81 45 20 61 55 90 77 12 86 71 0 72 56 10 81 8 28 45 6 47 79 
53 36 59 7 92 41 29 95 87 12 29 64 78 63 16 65 58 14 34 47 55 74 5 18 75 60 73 26 54 45 94 86 41 56 54 32 97 64 89 92 4 3 7 73 78 12 94 30 93 93 61 79 57 46 76 57 41 81 29 79 15 97 66 32 25 91 68 56 40 99 5 20 52 63 48 45 76 72 69 95 35 72 85 4 77 22 19 38 37 80 67 50 44 82 59 64 4 63 93 38 30 71 29 72 0 96 70 51 65 88 61 33 88 28 
86 54 86 97 9 45 16 65 2 30 46 72 41 46 68 69 85 22 93 87 13 22 12 55 64 94 41 90 49 43 15 49 78 89 88 31 50 61 40 57 25 1 58 43 71 54 6 39 15 22 9 70 27 19 69 45 14 7 12 6 99 95 17 44 24 83 7 32 21 57 73 85 7 74 77 6 74 23 5 87 27 35 88 34 81 93 50 96 77 63 43 43 25 68 71 12 23 75 92 16 97 61 75 56 96 0 45 45 44 25 19 76 80 1 
71 94 30 15 41 17 30 43 73 77 93 7 60 66 82 45 44 81 26 85 86 33 25 36 73 83 16 30 1 35 31 18 44 4 80 37 56 82 86 22 44 82 46 62 17 46 3 84 85 86 40 62 90 69 18 37 65 33 14 82 10 3 33 95 28 70 76 83 83 81 41 64 64 57 14 10 63 16 99 26 83 41 68 77 82 10 64 71 45 49 55 44 23 58 96 4 32 51 48 5 74 4 90 10 70 45 0 55 47 95 2 20 71 71 
3 34 45 88 70 18 67 48 52 90 57 22 96 53 60 85 95 82 68 98 11 72 23 79 13 81 38 52 39 79 39 52 84 29 93 16 7 50 22 87 26 59 62 45 43 7 63 54 46 76 85 84 78 27 44 60 52 13 61 91 76 89 18 38 31 15 47 96 76 15 98 42 94 54 6 42 18 55 32 97 39 53 70 21 8 91 71 52 48 83 53 96 88 66 49 40 96 78 99 16 6 13 16 81 51 45 55 0 35 63 10 5 63 49 
77 3 38 76 6 89 62 22 72 33 52 65 80 29 67 74 94 95 2 48 82 1 7 61 35 99 8 68 8 45 97 49 60 25 40 22 33 79 46 38 27 19 52 45 98 21 37 70 29 44 98 36 31 61 29 89 74 71 83 40 79 91 78 87 69 80 17 55 29 32 13 64 2 40 23 51 87 28 59 38 92 25 67 58 61 22 55 83 45 36 72 86 16 1 11 31 96 56 13 9 94 68 42 8 65 44 47 35 0 47 49 91 81 11 
92 85 23 36 8 1 84 98 88 51 5 51 90 88 16 51 21 50 99 89 79 47 5 51 25 93 83 48 22 61 88 7 67 21 81 93 30 12 45 73 2 46 94 54 58 6 95 92 16 4 19 36 53 46 18 57 7 96 60 99 82 61 59 1 26 84 64 78 99 20 19 31 25 19 42 74 66 24 90 7 9 50 8 2 93 13 43 84 52 13 31 90 76 12 91 23 56 67 54 49 31 12 14 28 88 25 95 63 47 0 71 26 20 9 
22 84 92 64 79 98 97 2 78 52 80 91 32 39 62 81 53 52 9 74 72 25 80 47 84 39 39 21 6 68 1 77 79 66 83 48 94 1 89 75 7 66 7 33 94 68 60 65 34 85 4 57 89 59 53 84 57 52 88 8 65 70 12 39 94 79 5 77 41 43 55 52 23 65 7 78 6 27 42 23 19 7 16 67 24 46 70 74 21 82 29 59 68 34 47 78 11 37 43 37 45 14 2 45 61 19 2 10 49 71 0 65 3 73 
76 49 55 33 38 83 59 90 63 43 76 10 57 21 65 51 32 15 90 77 85 81 29 24 35 11 48 72 16 43 38 67 86 88 83 74 79 48 84 93 19 28 58 29 6 12 84 20 90 7 47 54 32 24 49 57 22 46 84 33 74 1 67 26 51 63 20 7 86 32 36 12 89 79 16 63 77 12 64 30 25 33 26 80 13 98 42 6 3 32 24 98 24 19 73 63 79 63 17 67 2 29 52 6 33 76 20 5 91 26 65 0 65 94 
8 55 77 92 79 72 83 39 49 24 32 93 34 98 20 36 26 31 28 88 30 38 54 66 23 88 61 80 78 23 67 87 51 10 3 45 20 24 69 15 35 97 41 6 90 45 20 55 71 2 41 23 84 2 92 2 60 18 3 11 84 87 34 23 68 26 41 96 84 74 20 54 49 69 31 8 60 61 97 84 6 67 95 78 51 29 21 58 47 71 10 22 55 61 33 65 56 37 49 78 39 4 77 47 88 80 71 63 81 20 3 65 0 20 
78 33 13 50 34 15 35 13 1 90 77 68 39 52 45 73 64 11 30 46 13 17 31 1 90 66 61 9 81 42 43 36 23 12 31 5 29 82 68 15 32 84 8 21 88 45 24 76 15 66 32 14 44 41 95 49 31 88 34 69 16 15 8 45 3 68 38 91 6 28 32 32 35 59 47 33 45 31 83 32 56 13 63 62 16 40 17 19 77 3 9 27 59 6 29 57 19 14 21 19 5 98 84 79 28 1 71 49 11 9 73 94 20 0 
