115
0 38 13 73 10 76 6 80 65 17 2 77 72 7 26 51 21 19 85 12 29 30 15 51 69 88 88 95 97 87 14 10 8 64 62 23 58 2 1 61 82 9 89 14 48 73 31 72 4 71 22 50 58 4 69 25 44 77 27 53 81 42 83 16 65 69 26 99 88 8 27 26 23 10 68 24 28 38 58 84 39 9 33 35 11 24 16 88 26 72 93 75 63 47 33 89 24 56 66 78 4 1 78 7 53 86 71 3 77 92 22 76 8 78 73 
38 0 76 77 44 21 31 37 8 46 69 58 83 97 14 11 24 82 8 25 75 93 21 33 13 66 95 61 25 83 98 3 93 99 11 55 97 83 87 71 67 72 49 55 16 6 18 43 21 49 23 14 98 54 85 11 97 56 62 57 90 22 97 84 26 15 14 85 44 7 78 57 60 16 25 10 67 72 54 70 37 22 41 78 92 50 48 78 41 79 46 88 17 29 46 68 67 79 47 1 30 64 76 36 54 94 34 3 85 84 49 55 33 29 56 
13 76 0 83 32 29 95 75 9 33 9 85 78 51 80 42 65 84 25 21 45 16 31 92 15 20 27 87 8 54 48 61 35 33 20 68 25 84 95 39 48 6 80 64 88 33 43 75 67 89 99 31 18 69 65 61 79 18 40 36 82 29 23 39 42 75 78 71 26 49 51 63 45 55 1 87 17 20 10 93 52 11 69 24 15 64 22 47 4 57 89 81 47 55 80 72 15 78 16 26 54 85 59 86 30 45 38 23 92 55 77 13 60 27 77 
73 77 83 0 72 88 40 44 77 39 92 70 99 34 44 27 57 70 74 53 90 28 44 2 83 95 97 27 85 31 65 23 99 53 4 71 13 40 84 49 62 71 14 37 24 23 67 93 96 54 10 42 58 89 94 77 83 12 37 17 31 85 58 36 42 82 3 86 94 37 47 81 28 73 29 3 14 42 37 41 19 98 39 64 47 90 3 99 29 79 76 59 43 27 22 59 17 93 38 12 23 7 97 15 88 76 36 64 33 92 50 1 23 98 71 
10 44 32 72 0 37 19 28 29 53 95 51 47 8 86 17 30 12 62 15 31 9 41 49 31 24 67 93 65 13 18 34 11 29 76 6 82 6 43 87 53 58 57 79 88 82 11 73 49 20 13 26 78 17 5 89 28 51 69 4 59 13 3 77 97 97 62 16 75 13 19 31 60 6 17 96 97 61 44 32 45 25 63 80 22 20 78 34 5 40 68 35 35 43 79 83 39 49 82 6 92 9 41 70 6 8 79 38 79 34 28 52 78 31 44 
76 21 29 88 37 0 47 10 68 4 68 55 98 64 81 29 38 65 38 94 19 79 71 93 53 11 33 47 64 94 19 37 30 40 29 55 30 56 91 28 61 13 18 72 92 8 84 57 52 33 77 63 52 97 31 23 6 92 96 23 77 23 19 94 30 19 53 32 50 99 84 94 46 52 87 16 72 49 29 84 28 44 20 80 71 89 87 12 66 94 16 52 99 87 46 64 43 23 83 41 45 17 18 89 1 98 83 72 15 37 27 33 2 49 89 
6 31 95 40 19 47 0 23 35 95 22 69 68 49 19 98 12 12 53 77 69 46 65 90 41 8 8 34 59 8 35 5 6 62 51 77 46 97 22 93 72 93 26 98 2 14 39 86 28 39 85 34 2 32 39 29 76 32 52 67 68 33 75 33 98 6 1 38 73 44 25 17 97 97 42 25 22 28 47 36 63 69 63 33 46 89 43 58 26 33 34 7 66 52 32 8 14 4 29 16 30 67 62 84 97 59 83 35 31 58 97 50 47 84 42 
80 37 75 44 28 10 23 0 21 41 51 5 10 1 91 22 75 22 34 39 38 44 34 96 42 72 70 71 24 87 40 32 38 39 57 88 29 37 67 11 85 1 17 31 4 79 60 54 70 50 75 47 28 34 73 69 40 33 98 8 34 63 15 78 44 62 86 37 13 54 27 83 13 26 2 42 56 56 65 16 93 41 61 71 50 51 33 91 21 53 39 66 81 58 53 90 20 95 65 43 48 22 98 2 90 39 13 19 78 78 89 91 84 40 99 
65 8 9 77 29 68 35 21 0 16 38 97 37 99 2 33 31 8 51 51 33 44 42 70 2 98 52 31 83 50 82 83 96 72 22 19 47 45 92 10 5 78 64 24 96 60 65 83 32 2 85 79 69 55 26 84 28 57 93 9 56 77 47 50 12 9 62 75 24 89 90 83 83 6 43 47 22 52 74 43 14 19 24 46 96 53 34 55 15 58 62 41 73 66 23 3 87 2 73 52 72 88 78 63 49 1 43 40 4 58 44 54 44 75 99 
17 46 33 39 53 4 95 41 16 0 98 76 60 67 75 92 6 27 68 32 12 4 55 2 14 60 57 82 9 39 5 71 77 74 6 80 85 60 32 91 8 67 33 47 76 83 45 65 38 48 74 91 85 16 66 53 70 67 90 29 20 18 6 80 11 30 18 82 47 8 18 87 62 65 8 30 56 29 44 99 56 6 51 93 64 53 35 99 84 78 38 90 55 5 44 12 30 77 90 33 51 52 43 24 90 44 89 96 29 65 87 59 89 52 23 
2 69 9 92 95 68 22 51 38 98 0 11 32 10 7 31 68 19 13 74 75 92 66 86 54 43 7 10 37 88 60 9 54 88 19 22 68 15 21 86 10 43 67 21 17 59 78 43 36 76 29 86 35 45 93 83 9 31 65 78 19 39 12 57 53 84 77 69 26 70 32 60 63 30 67 33 72 61 94 73 28 98 94 69 39 61 98 10 68 79 64 21 36 56 29 46 93 57 52 5 80 76 32 77 53 39 84 81 75 71 27 58 31 65 39 
77 58 85 70 51 55 69 5 97 76 11 0 19 96 42 96 58 49 43 53 23 65 71 62 61 97 28 1 27 51 21 27 66 78 19 61 83 60 63 39 24 69 70 62 88 67 20 37 18 22 78 27 33 9 9 21 69 83 55 86 94 75 90 24 95 91 14 12 43 11 89 25 48 69 44 92 14 7 3 68 94 5 29 36 83 78 47 79 7 92 81 21 24 64 72 7 22 65 51 91 10 93 68 86 34 72 9 52 34 62 8 60 42 28 52 
72 83 78 99 47 98 68 10 37 60 32 19 0 41 72 46 95 10 89 47 59 22 55 1 20 20 86 28 98 22 95 19 68 36 96 30 23 57 11 43 73 32 13 83 8 88 9 62 24 35 95 4 56 69 16 25 95 63 27 99 48 88 36 17 88 91 79 88 58 25 56 50 53 25 16 68 74 47 21 67 95 13 26 1 98 99 78 12 91 25 55 48 78 41 60 96 80 90 32 57 34 39 93 21 15 10 68 82 80 4 48 71 43 6 21 
7 97 51 34 8 64 49 1 99 67 10 96 41 0 58 60 55 78 25 59 80 37 81 59 52 64 74 84 89 83 56 79 71 28 24 54 70 69 24 47 40 67 78 27 25 18 88 2 46 59 22 18 57 34 44 76 99 3 97 91 84 27 27 53 56 8 63 32 80 93 77 47 88 71 70 56 93 99 88 86 75 16 15 57 88 2 85 76 77 91 19 63 46 66 53 29 88 39 21 98 52 60 95 65 15 98 53 45 17 65 31 83 11 46 89 
26 14 80 44 86 81 19 91 2 75 7 42 72 58 0 79 60 98 43 65 6 91 77 56 43 21 89 69 19 93 50 84 16 18 62 8 65 56 3 91 5 17 78 69 31 53 85 37 99 60 32 36 33 51 52 6 34 1 10 32 36 89 61 39 12 45 44 8 63 57 97 94 53 25 44 52 11 95 50 19 11 62 40 7 8 80 13 1 4 52 16 68 82 60 67 16 62 65 20 45 88 62 22 1 64 95 85 2 85 61 77 23 15 25 47 
51 11 42 27 17 29 98 22 33 92 31 96 46 60 79 0 33 81 71 55 25 78 90 36 58 32 40 15 94 49 14 20 16 98 42 36 26 52 35 23 34 62 79 8 33 4 68 96 58 97 47 90 22 93 85 59 65 41 79 79 63 63 48 28 72 43 15 94 52 19 79 11 36 50 94 80 90 5 6 87 30 54 81 73 30 39 79 55 43 65 69 45 85 74 51 81 51 36 73 16 40 3 36 98 80 16 16 95 67 35 84 94 19 75 19 
21 24 65 57 30 38 12 75 31 6 68 58 95 55 60 33 0 26 18 50 38 21 41 53 24 19 80 52 33 38 31 41 51 74 69 81 16 64 65 92 21 55 24 7 25 1 49 81 29 89 2 74 22 1 77 33 41 82 84 31 88 54 34 83 23 4 35 50 89 71 38 34 13 38 80 66 7 80 93 4 33 86 45 30 47 68 67 29 58 85 44 95 94 21 53 32 26 64 53 60 18 23 55 14 31 24 51 22 72 4 24 13 78 8 53 
19 82 84 70 12 65 12 22 8 27 19 49 10 78 98 81 26 0 31 27 9 97 85 82 74 40 57 61 26 66 96 28 19 87 2 35 3 18 86 12 94 54 60 83 12 84 4 84 1 94 86 52 92 33 87 85 82 6 12 70 10 47 75 94 33 39 43 64 24 41 64 64 32 19 41 6 93 80 83 75 41 26 69 50 83 87 47 14 22 81 82 95 50 52 15 31 11 86 5 8 55 60 85 99 42 36 57 14 12 53 67 22 82 95 35 
85 8 25 74 62 38 53 34 51 68 13 43 89 25 43 71 18 31 0 62 92 86 61 93 99 92 75 9 76 82 28 26 87 37 15 4 93 85 73 44 9 56 18 61 33 99 84 28 96 53 51 81 92 80 27 38 25 57 41 53 39 20 45 21 64 22 66 69 93 19 69 17 79 60 57 45 36 40 62 33 68 54 63 76 9 35 34 93 26 68 2 99 9 90 28 30 90 78 11 62 17 80 75 77 98 1 31 4 82 65 39 68 31 22 27 
12 25 21 53 15 94 77 39 51 32 74 53 47 59 65 55 50 27 62 0 96 11 70 34 37 10 1 56 70 11 4 40 78 38 17 26 47 8 44 1 57 15 56 56 53 79 98 54 61 1 15 61 67 96 40 72 8 17 67 62 70 51 59 80 15 78 13 12 80 96 35 7 70 86 45 71 73 13 47 83 8 30 61 83 74 47 87 85 98 48 89 74 77 88 46 37 88 40 38 7 44 59 2 84 30 49 56 46 9 35 30 1 80 20 5 
29 75 45 90 31 19 69 38 33 12 75 23 59 80 6 25 38 9 92 96 0 72 2 9 27 41 90 33 71 97 8 39 82 30 4 75 51 92 17 50 43 71 9 32 26 35 55 98 97 71 6 64 95 25 47 21 23 1 70 23 28 26 65 46 39 58 53 53 33 70 80 6 34 65 54 54 54 13 81 97 34 52 56 81 55 13 86 11 82 79 72 85 30 13 64 8 71 83 64 65 45 70 76 89 35 15 60 89 34 25 4 42 31 23 54 
30 93 16 28 9 79 46 44 44 4 92 65 22 37 91 78 21 97 86 11 72 0 97 92 92 83 98 37 7 39 99 32 63 48 63 35 72 43 21 91 51 23 3 64 1 93 6 73 53 10 95 98 12 99 41 92 77 88 62 3 23 83 94 99 48 30 96 99 81 2 76 2 53 93 65 76 79 63 77 49 37 50 15 74 22 33 72 1 47 25 81 38 17 53 69 93 91 8 61 10 35 64 67 69 14 67 92 1 35 71 17 38 18 39 83 
15 21 31 44 41 71 65 34 42 55 66 71 55 81 77 90 41 85 61 70 2 97 0 15 38 63 1 34 50 78 32 58 59 74 77 29 77 54 59 32 95 14 39 92 88 60 47 63 87 62 40 72 3 60 26 58 33 31 53 92 42 79 58 46 86 26 74 75 7 3 31 78 79 92 97 43 19 84 90 89 57 43 5 12 25 23 7 5 80 29 54 31 22 28 6 36 73 83 49 52 95 25 77 41 86 29 41 48 24 29 85 90 38 6 24 
51 33 92 2 49 93 90 96 70 2 86 62 1 59 56 36 53 82 93 34 9 92 15 0 69 21 14 57 30 29 92 55 29 64 82 61 70 84 73 80 49 53 93 93 97 58 95 40 91 79 62 58 6 77 26 80 94 38 45 61 16 93 42 64 8 3 47 76 53 67 26 38 4 26 85 65 1 53 82 47 85 18 55 36 79 61 51 47 24 66 1 33 13 91 76 26 56 70 6 15 88 3 92 65 99 88 59 25 46 15 78 87 33 92 73 
69 13 15 83 31 53 41 42 2 14 54 61 20 52 43 58 24 74 99 37 27 92 38 69 0 39 84 21 25 72 28 38 96 83 17 55 97 53 74 6 67 81 95 51 3 90 33 8 90 86 37 67 74 12 36 43 40 53 94 85 21 74 8 53 70 58 63 90 84 17 29 46 83 82 69 68 62 84 70 39 75 64 73 13 35 25 84 35 23 90 41 88 76 78 39 76 22 16 56 69 83 69 12 37 58 28 80 2 13 2 9 90 64 91 16 
88 66 20 95 24 11 8 72 98 60 43 97 20 64 21 32 19 40 92 10 41 83 63 21 39 0 86 81 85 28 94 8 15 76 13 62 21 38 63 67 34 58 75 73 6 1 3 5 65 58 36 31 5 76 81 15 3 53 55 16 97 89 1 60 63 2 92 68 82 42 84 45 98 7 88 57 50 48 73 60 94 83 81 99 93 39 11 88 66 96 89 60 74 96 92 35 51 52 83 83 52 92 25 56 69 66 38 58 98 88 45 58 42 33 28 
88 95 27 97 67 33 8 70 52 57 7 28 86 74 89 40 80 57 75 1 90 98 1 14 84 86 0 56 64 81 92 77 57 27 63 54 93 23 39 21 59 44 20 46 76 38 85 35 88 59 2 41 86 38 59 8 25 25 84 42 95 28 33 15 26 14 79 37 25 4 57 94 32 29 77 3 61 60 73 41 16 38 8 83 39 48 61 61 49 83 9 86 69 40 64 55 14 62 41 74 75 69 25 26 34 19 79 47 79 8 78 9 39 50 15 
95 61 87 27 93 47 34 71 31 82 10 1 28 84 69 15 52 61 9 56 33 37 34 57 21 81 56 0 18 46 58 78 88 27 32 59 24 38 43 94 90 82 97 27 47 19 25 40 76 40 7 69 40 47 22 68 74 25 72 33 13 87 66 8 3 97 21 4 86 95 36 18 18 56 44 53 96 26 90 30 52 68 48 21 72 80 9 24 61 57 10 47 61 66 63 22 14 23 28 26 18 33 94 15 86 53 26 61 84 69 90 25 58 64 13 
97 25 8 85 65 64 59 24 83 9 37 27 98 89 19 94 33 26 76 70 71 7 50 30 25 85 64 18 0 19 27 78 26 1 23 15 75 40 76 20 10 72 54 67 28 89 3 72 86 20 15 14 98 83 23 62 82 12 29 45 3 4 11 32 92 97 30 56 30 34 42 66 50 26 86 49 54 49 1 39 8 22 6 16 78 81 64 98 31 33 73 45 41 68 25 79 68 51 49 36 53 32 2 65 32 19 67 16 44 40 21 2 1 46 83 
87 83 54 31 13 94 8 87 50 39 88 51 22 83 93 49 38 66 82 11 97 39 78 29 72 28 81 46 19 0 30 27 8 53 4 22 84 80 63 70 68 9 73 44 96 90 77 73 59 69 59 82 64 93 53 38 48 52 24 71 1 24 23 88 60 9 3 19 4 15 80 68 35 82 65 45 43 35 79 45 61 68 43 23 42 69 42 40 81 43 68 99 14 26 39 76 6 93 23 40 74 15 48 72 2 34 71 61 20 16 98 99 54 70 21 
14 98 48 65 18 19 35 40 82 5 60 21 95 56 50 14 31 96 28 4 8 99 32 92 28 94 92 58 27 30 0 36 39 50 82 59 13 76 54 25 96 23 34 25 31 88 1 88 36 46 64 9 42 15 63 11 30 31 38 98 40 11 68 55 78 46 74 69 24 82 65 82 82 33 94 15 31 39 97 88 1 38 67 43 62 19 1 46 83 95 72 71 97 54 1 43 41 40 25 41 93 73 32 5 30 36 36 49 31 48 1 80 8 53 10 
10 3 61 23 34 37 5 32 83 71 9 27 19 79 84 20 41 28 26 40 39 32 58 55 38 8 77 78 78 27 36 0 25 52 86 92 76 15 82 62 41 13 28 45 1 55 65 17 91 18 60 91 96 38 73 84 82 40 44 71 91 24 31 74 64 91 49 45 95 17 60 91 45 86 49 18 52 49 7 77 67 87 36 45 79 99 1 39 19 82 37 49 4 52 49 4 89 58 17 88 64 87 22 34 95 32 69 39 72 70 54 13 97 47 41 
8 93 35 99 11 30 6 38 96 77 54 66 68 71 16 16 51 19 87 78 82 63 59 29 96 15 57 88 26 8 39 25 0 18 94 79 62 36 59 32 31 49 31 97 97 21 7 75 36 37 74 39 72 57 72 68 50 62 83 99 84 86 88 48 1 66 22 22 40 77 61 3 41 78 44 84 60 67 79 86 51 23 38 14 16 85 47 39 90 55 28 30 49 16 74 30 52 50 89 65 14 53 95 60 35 4 65 81 93 58 1 10 91 39 18 
64 99 33 53 29 40 62 39 72 74 88 78 36 28 18 98 74 87 37 38 30 48 74 64 83 76 27 27 1 53 50 52 18 0 14 43 53 10 39 26 58 82 52 70 54 90 70 30 91 63 77 21 56 89 96 2 63 55 11 32 70 96 48 49 11 41 26 73 88 23 50 56 89 4 29 25 21 66 88 10 12 22 59 88 95 65 79 88 72 87 83 1 43 35 67 58 93 7 71 3 13 91 5 1 35 77 9 24 62 28 16 12 86 54 91 
62 11 20 4 76 29 51 57 22 6 19 19 96 24 62 42 69 2 15 17 4 63 77 82 17 13 63 32 23 4 82 86 94 14 0 48 61 89 30 84 51 70 39 84 75 96 48 6 60 12 36 52 85 74 13 36 17 10 85 59 49 22 48 72 57 52 68 4 93 51 54 88 80 93 40 81 83 83 3 31 86 48 66 42 57 42 80 45 95 80 87 34 55 16 28 38 6 65 35 43 88 45 91 43 45 53 89 58 81 3 65 74 96 50 32 
23 55 68 71 6 55 77 88 19 80 22 61 30 54 8 36 81 35 4 26 75 35 29 61 55 62 54 59 15 22 59 92 79 43 48 0 32 42 40 15 3 48 36 51 33 33 42 43 96 17 84 29 32 92 12 39 88 17 57 10 65 84 27 3 39 86 31 87 54 32 31 37 16 22 93 48 74 45 5 67 44 19 60 91 30 78 10 24 91 9 92 15 88 48 73 38 42 90 31 40 6 34 75 20 94 38 90 16 13 98 65 1 70 51 48 
58 97 25 13 82 30 46 29 47 85 68 83 23 70 65 26 16 3 93 47 51 72 77 70 97 21 93 24 75 84 13 76 62 53 61 32 0 19 69 68 67 75 70 56 66 82 51 49 5 51 57 79 39 11 95 25 40 59 56 1 39 94 86 96 71 74 56 16 97 50 56 7 33 30 94 79 20 29 79 42 93 25 90 11 70 16 47 30 45 20 84 75 80 45 99 13 87 78 50 32 54 88 93 79 3 70 97 23 43 3 21 57 40 38 27 
2 83 84 40 6 56 97 37 45 60 15 60 57 69 56 52 64 18 85 8 92 43 54 84 53 38 23 38 40 80 76 15 36 10 89 42 19 0 22 4 63 29 10 55 2 29 7 45 68 33 30 70 13 91 16 75 93 17 24 16 12 5 72 95 25 81 38 64 61 82 50 79 12 1 48 24 82 91 13 57 82 29 36 81 9 17 7 22 35 48 46 43 26 36 76 27 54 88 75 67 78 61 53 50 37 61 96 48 70 35 62 33 48 19 92 
1 87 95 84 43 91 22 67 92 32 21 63 11 24 3 35 65 86 73 44 17 21 59 73 74 63 39 43 76 63 54 82 59 39 30 40 69 22 0 92 74 82 13 42 58 71 3 35 81 67 88 72 15 27 40 91 59 46 83 85 53 14 10 26 48 65 89 40 86 22 46 45 89 84 69 68 71 36 35 25 62 88 74 21 77 73 59 56 16 83 42 64 28 97 83 90 72 74 97 61 90 80 89 23 35 56 8 38 99 1 76 74 64 58 65 
61 71 39 49 87 28 93 11 10 91 86 39 43 47 91 23 92 12 44 1 50 91 32 80 6 67 21 94 20 70 25 62 32 26 84 15 68 4 92 0 40 15 23 27 16 82 77 93 27 50 89 33 26 99 53 61 78 6 47 65 11 98 2 57 73 92 57 22 87 38 73 75 93 15 15 50 89 46 87 31 84 78 72 59 63 43 19 59 76 13 29 46 50 95 23 77 57 90 39 87 12 20 89 51 75 92 91 41 60 3 9 76 72 30 96 
82 67 48 62 53 61 72 85 5 8 10 24 73 40 5 34 21 94 9 57 43 51 95 49 67 34 59 90 10 68 96 41 31 58 51 3 67 63 74 40 0 11 73 64 14 36 62 28 6 49 37 83 68 7 39 19 72 54 16 53 47 98 75 54 4 25 44 26 27 2 7 19 35 32 97 81 99 44 52 37 83 9 3 20 63 95 76 26 36 80 63 77 77 75 71 48 79 32 34 44 10 57 87 47 38 37 11 51 78 20 46 35 36 8 72 
9 72 6 71 58 13 93 1 78 67 43 69 32 67 17 62 55 54 56 15 71 23 14 53 81 58 44 82 72 9 23 13 49 82 70 48 75 29 82 15 11 0 2 4 47 62 7 4 9 37 85 49 82 15 16 49 44 44 58 86 68 47 51 3 1 82 59 19 46 66 28 97 84 59 21 97 44 85 12 99 91 47 38 89 41 7 45 31 59 34 66 22 90 58 1 78 68 16 71 4 48 43 2 82 48 17 69 22 62 30 45 97 67 35 89 
89 49 80 14 57 18 26 17 64 33 67 70 13 78 78 79 24 60 18 56 9 3 39 93 95 75 20 97 54 73 34 28 31 52 39 36 70 10 13 23 73 2 0 87 78 98 39 11 22 17 79 8 54 54 68 78 13 87 86 29 14 62 7 58 46 62 52 94 7 58 41 8 5 93 8 19 52 73 3 83 47 19 87 30 36 12 53 77 38 79 70 25 70 30 78 25 43 11 66 86 54 21 14 27 7 32 84 50 66 55 1 51 82 38 77 
14 55 64 37 79 72 98 31 24 47 21 62 83 27 69 8 7 83 61 56 32 64 92 93 51 73 46 27 67 44 25 45 97 70 84 51 56 55 42 27 64 4 87 0 71 21 55 16 46 30 71 15 14 77 82 48 44 76 63 26 26 73 43 62 45 45 54 33 29 6 21 62 8 52 98 51 84 22 10 78 12 68 36 38 42 10 16 94 86 77 30 53 26 87 38 16 23 92 37 46 67 4 59 96 73 73 90 17 86 75 33 63 7 74 38 
48 16 88 24 88 92 2 4 96 76 17 88 8 25 31 33 25 12 33 53 26 1 88 97 3 6 76 47 28 96 31 1 97 54 75 33 66 2 58 16 14 47 78 71 0 3 46 14 42 34 4 5 31 66 70 89 75 37 66 57 78 71 17 43 98 58 94 6 90 88 30 96 70 87 42 82 52 47 59 40 84 16 76 94 94 53 57 26 80 37 5 83 95 12 43 23 85 29 57 33 59 87 69 67 23 3 74 2 34 81 8 64 70 6 43 
73 6 33 23 82 8 14 79 60 83 59 67 88 18 53 4 1 84 99 79 35 93 60 58 90 1 38 19 89 90 88 55 21 90 96 33 82 29 71 82 36 62 98 21 3 0 16 36 47 82 24 21 5 24 26 47 32 26 19 12 54 46 7 21 6 68 12 45 45 27 86 57 81 54 38 47 12 65 57 84 23 57 77 75 72 37 51 32 24 29 1 40 62 33 67 59 47 80 38 54 91 89 34 35 26 79 20 84 53 76 85 64 97 80 99 
31 18 43 67 11 84 39 60 65 45 78 20 9 88 85 68 49 4 84 98 55 6 47 95 33 3 85 25 3 77 1 65 7 70 48 42 51 7 3 77 62 7 39 55 46 16 0 42 39 40 7 9 1 88 43 19 45 44 94 6 3 63 37 95 60 84 20 24 31 18 99 40 56 24 17 10 92 31 49 50 38 52 22 1 32 94 19 40 45 50 45 24 37 82 90 70 75 86 69 62 44 47 54 75 13 36 18 12 5 88 27 66 17 76 26 
72 43 75 93 73 57 86 54 83 65 43 37 62 2 37 96 81 84 28 54 98 73 63 40 8 5 35 40 72 73 88 17 75 30 6 43 49 45 35 93 28 4 11 16 14 36 42 0 64 25 17 80 85 57 20 34 66 30 39 84 54 70 92 65 20 55 76 70 71 94 23 82 29 98 74 58 51 21 30 33 44 92 48 47 58 80 2 13 40 20 56 60 58 67 89 58 54 56 3 34 45 54 38 63 74 61 70 73 87 83 13 49 9 84 65 
4 21 67 96 49 52 28 70 32 38 36 18 24 46 99 58 29 1 96 61 97 53 87 91 90 65 88 76 86 59 36 91 36 91 60 96 5 68 81 27 6 9 22 46 42 47 39 64 0 27 53 18 28 43 49 54 93 15 85 46 29 16 34 90 71 15 91 80 66 14 27 52 24 94 11 73 52 30 20 3 37 23 57 99 95 59 22 35 40 55 29 12 60 3 4 87 11 28 2 62 71 13 31 68 80 62 58 8 43 4 54 90 13 75 76 
71 49 89 54 20 33 39 50 2 48 76 22 35 59 60 97 89 94 53 1 71 10 62 79 86 58 59 40 20 69 46 18 37 63 12 17 51 33 67 50 49 37 17 30 34 82 40 25 27 0 60 35 70 51 98 93 22 86 76 44 4 85 7 2 66 97 19 54 8 71 47 26 35 56 72 64 95 12 13 50 80 68 55 70 82 42 32 83 34 74 10 89 75 96 2 20 12 73 42 24 36 59 30 15 2 50 95 40 28 58 20 33 12 52 88 
22 23 99 10 13 77 85 75 85 74 29 78 95 22 32 47 2 86 51 15 6 95 40 62 37 36 2 7 15 59 64 60 74 77 36 84 57 30 88 89 37 85 79 71 4 24 7 17 53 60 0 86 65 77 61 9 40 85 98 19 4 47 41 32 96 43 63 24 17 89 32 98 76 84 7 19 46 65 54 86 44 51 43 14 8 1 6 14 9 39 67 60 98 67 6 26 89 7 16 75 60 20 51 23 3 76 76 51 42 9 48 84 28 10 71 
50 14 31 42 26 63 34 47 79 91 86 27 4 18 36 90 74 52 81 61 64 98 72 58 67 31 41 69 14 82 9 91 39 21 52 29 79 70 72 33 83 49 8 15 5 21 9 80 18 35 86 0 19 79 70 62 84 36 36 57 54 23 14 49 22 8 7 78 29 44 85 71 98 29 74 90 7 54 14 73 55 90 51 49 39 58 35 69 66 52 25 86 48 39 85 39 32 79 79 9 37 96 73 38 78 35 40 20 68 32 71 65 56 60 57 
58 98 18 58 78 52 2 28 69 85 35 33 56 57 33 22 22 92 92 67 95 12 3 6 74 5 86 40 98 64 42 96 72 56 85 32 39 13 15 26 68 82 54 14 31 5 1 85 28 70 65 19 0 27 90 78 31 53 89 32 84 44 1 52 11 73 40 77 14 70 70 50 12 13 60 14 90 32 20 26 65 87 67 19 87 92 99 99 37 49 15 41 46 79 64 1 55 21 85 24 56 60 41 38 3 35 70 44 91 41 84 61 46 19 69 
4 54 69 89 17 97 32 34 55 16 45 9 69 34 51 93 1 33 80 96 25 99 60 77 12 76 38 47 83 93 15 38 57 89 74 92 11 91 27 99 7 15 54 77 66 24 88 57 43 51 77 79 27 0 27 61 46 59 24 2 41 14 78 63 52 95 48 62 58 65 98 24 2 3 68 84 5 9 78 15 14 99 7 96 69 98 87 29 74 35 84 59 49 10 15 32 25 25 23 75 26 20 97 75 62 86 8 54 89 62 76 69 18 44 29 
69 85 65 94 5 31 39 73 26 66 93 9 16 44 52 85 77 87 27 40 47 41 26 26 36 81 59 22 23 53 63 73 72 96 13 12 95 16 40 53 39 16 68 82 70 26 43 20 49 98 61 70 90 27 0 18 53 49 92 95 60 22 87 72 93 10 11 21 84 16 47 39 20 61 7 24 32 92 1 84 72 10 68 66 3 66 48 87 26 20 5 53 71 5 23 63 60 41 70 71 24 77 32 59 28 73 31 19 57 45 37 60 89 57 84 
25 11 61 77 89 23 29 69 84 53 83 21 25 76 6 59 33 85 38 72 21 92 58 80 43 15 8 68 62 38 11 84 68 2 36 39 25 75 91 61 19 49 78 48 89 47 19 34 54 93 9 62 78 61 18 0 57 2 49 9 55 24 94 54 71 24 43 69 62 31 73 27 36 89 95 22 61 33 91 87 19 10 30 75 31 59 40 95 26 74 74 54 76 78 61 27 7 85 68 78 34 92 52 37 34 84 41 14 65 52 74 7 57 22 60 
44 97 79 83 28 6 76 40 28 70 9 69 95 99 34 65 41 82 25 8 23 77 33 94 40 3 25 74 82 48 30 82 50 63 17 88 40 93 59 78 72 44 13 44 75 32 45 66 93 22 40 84 31 46 53 57 0 31 46 69 58 20 83 32 71 61 76 34 18 79 97 1 83 42 68 86 63 35 25 98 73 13 51 64 65 34 60 36 20 7 24 97 61 19 97 63 10 24 41 77 98 7 80 35 81 7 33 13 71 96 52 46 18 88 87 
77 56 18 12 51 92 32 33 57 67 31 83 63 3 1 41 82 6 57 17 1 88 31 38 53 53 25 25 12 52 31 40 62 55 10 17 59 17 46 6 54 44 87 76 37 26 44 30 15 86 85 36 53 59 49 2 31 0 85 7 58 58 84 73 7 88 19 31 7 88 14 54 62 41 39 17 48 39 98 1 66 49 70 32 66 1 76 77 20 85 83 64 39 55 87 13 22 19 46 60 61 13 29 12 14 61 83 60 88 84 3 34 92 10 3 
27 62 40 37 69 96 52 98 93 90 65 55 27 97 10 79 84 12 41 67 70 62 53 45 94 55 84 72 29 24 38 44 83 11 85 57 56 24 83 47 16 58 86 63 66 19 94 39 85 76 98 36 89 24 92 49 46 85 0 77 44 82 18 89 54 51 76 7 37 95 17 77 99 63 23 71 70 83 16 96 19 22 10 3 79 79 7 97 60 37 26 6 62 9 7 21 57 14 94 4 79 6 82 91 40 99 8 33 11 69 45 99 82 80 98 
53 57 36 17 4 23 67 8 9 29 78 86 99 91 32 79 31 70 53 62 23 3 92 61 85 16 42 33 45 71 98 71 99 32 59 10 1 16 85 65 53 86 29 26 57 12 6 84 46 44 19 57 32 2 95 9 69 7 77 0 20 50 67 62 51 26 41 25 56 3 87 6 10 95 81 26 54 72 66 56 64 8 69 87 40 58 74 78 39 32 77 60 82 28 90 40 9 4 15 99 10 76 79 82 65 74 84 16 65 53 48 27 54 17 26 
81 90 82 31 59 77 68 34 56 20 19 94 48 84 36 63 88 10 39 70 28 23 42 16 21 97 95 13 3 1 40 91 84 70 49 65 39 12 53 11 47 68 14 26 78 54 3 54 29 4 4 54 84 41 60 55 58 58 44 20 0 8 25 5 10 26 37 90 81 53 70 55 26 42 19 12 81 4 2 18 51 91 19 46 45 49 21 92 17 36 30 8 29 7 30 98 97 95 3 89 91 61 70 1 87 15 69 74 16 87 90 45 68 16 51 
42 22 29 85 13 23 33 63 77 18 39 75 88 27 89 63 54 47 20 51 26 83 79 93 74 89 28 87 4 24 11 24 86 96 22 84 94 5 14 98 98 47 62 73 71 46 63 70 16 85 47 23 44 14 22 24 20 58 82 50 8 0 35 53 15 71 31 29 93 73 35 60 15 81 13 87 64 86 79 3 10 76 31 33 20 68 77 31 71 9 18 75 67 49 66 17 33 18 78 59 12 67 34 8 7 5 63 1 22 21 38 51 59 82 79 
83 97 23 58 3 19 75 15 47 6 12 90 36 27 61 48 34 75 45 59 65 94 58 42 8 1 33 66 11 23 68 31 88 48 48 27 86 72 10 2 75 51 7 43 17 7 37 92 34 7 41 14 1 78 87 94 83 84 18 67 25 35 0 7 47 13 62 50 52 28 60 15 22 88 54 14 75 35 50 71 24 54 52 13 71 11 99 5 97 12 75 38 32 44 95 38 87 1 39 26 23 45 94 47 86 14 32 47 82 67 37 53 35 32 14 
16 84 39 36 77 94 33 78 50 80 57 24 17 53 39 28 83 94 21 80 46 99 46 64 53 60 15 8 32 88 55 74 48 49 72 3 96 95 26 57 54 3 58 62 43 21 95 65 90 2 32 49 52 63 72 54 32 73 89 62 5 53 7 0 48 19 26 64 87 6 24 20 31 5 8 52 99 67 65 28 96 56 1 44 44 91 63 65 5 7 25 24 28 31 69 26 94 51 68 3 99 86 57 19 13 25 38 70 65 59 1 65 14 22 38 
65 26 42 42 97 30 98 44 12 11 53 95 88 56 12 72 23 33 64 15 39 48 86 8 70 63 26 3 92 60 78 64 1 11 57 39 71 25 48 73 4 1 46 45 98 6 60 20 71 66 96 22 11 52 93 71 71 7 54 51 10 15 47 48 0 99 15 18 91 90 23 21 51 73 49 11 24 97 66 13 21 86 22 47 32 27 35 59 91 83 70 15 80 84 79 63 26 68 18 20 55 38 1 81 62 62 4 17 54 78 25 65 20 72 63 
69 15 75 82 97 19 6 62 9 30 84 91 91 8 45 43 4 39 22 78 58 30 26 3 58 2 14 97 97 9 46 91 66 41 52 86 74 81 65 92 25 82 62 45 58 68 84 55 15 97 43 8 73 95 10 24 61 88 51 26 26 71 13 19 99 0 54 5 5 72 84 70 80 61 98 54 33 88 7 3 41 6 22 4 12 80 68 7 76 47 17 64 5 20 41 38 63 59 6 80 87 75 45 11 7 33 41 9 67 96 73 58 25 95 34 
26 14 78 3 62 53 1 86 62 18 77 14 79 63 44 15 35 43 66 13 53 96 74 47 63 92 79 21 30 3 74 49 22 26 68 31 56 38 89 57 44 59 52 54 94 12 20 76 91 19 63 7 40 48 11 43 76 19 76 41 37 31 62 26 15 54 0 48 95 53 92 12 37 7 61 30 50 56 7 41 64 8 76 27 56 32 83 96 55 78 77 7 96 91 79 58 14 84 24 21 66 91 85 55 67 84 88 38 17 8 81 69 16 16 83 
99 85 71 86 16 32 38 37 75 82 69 12 88 32 8 94 50 64 69 12 53 99 75 76 90 68 37 4 56 19 69 45 22 73 4 87 16 64 40 22 26 19 94 33 6 45 24 70 80 54 24 78 77 62 21 69 34 31 7 25 90 29 50 64 18 5 48 0 21 48 21 59 10 97 56 60 89 8 26 10 11 37 40 21 83 76 29 99 41 86 84 6 11 49 61 68 60 34 22 77 84 7 22 15 42 66 79 69 39 92 54 81 95 13 90 
88 44 26 94 75 50 73 13 24 47 26 43 58 80 63 52 89 24 93 80 33 81 7 53 84 82 25 86 30 4 24 95 40 88 93 54 97 61 86 87 27 46 7 29 90 45 31 71 66 8 17 29 14 58 84 62 18 7 37 56 81 93 52 87 91 5 95 21 0 78 61 58 52 15 68 49 55 10 23 34 99 57 81 15 32 20 43 32 74 28 62 15 54 41 91 44 12 74 73 32 52 59 16 49 4 26 65 29 69 60 60 84 78 5 70 
8 7 49 37 13 99 44 54 89 8 70 11 25 93 57 19 71 41 19 96 70 2 3 67 17 42 4 95 34 15 82 17 77 23 51 32 50 82 22 38 2 66 58 6 88 27 18 94 14 71 89 44 70 65 16 31 79 88 95 3 53 73 28 6 90 72 53 48 78 0 67 74 44 88 84 74 79 63 5 73 41 98 13 19 55 36 20 32 10 71 30 33 86 95 87 85 84 12 85 97 96 83 29 90 37 18 96 22 11 80 62 40 89 91 72 
27 78 51 47 19 84 25 27 90 18 32 89 56 77 97 79 38 64 69 35 80 76 31 26 29 84 57 36 42 80 65 60 61 50 54 31 56 50 46 73 7 28 41 21 30 86 99 23 27 47 32 85 70 98 47 73 97 14 17 87 70 35 60 24 23 84 92 21 61 67 0 84 46 13 20 45 20 85 64 42 64 31 52 12 54 32 75 92 69 11 21 88 73 78 1 39 89 48 6 47 75 72 94 58 18 47 38 88 88 74 4 51 64 64 61 
26 57 63 81 31 94 17 83 83 87 60 25 50 47 94 11 34 64 17 7 6 2 78 38 46 45 94 18 66 68 82 91 3 56 88 37 7 79 45 75 19 97 8 62 96 57 40 82 52 26 98 71 50 24 39 27 1 54 77 6 55 60 15 20 21 70 12 59 58 74 84 0 53 49 52 7 64 94 2 25 23 89 49 35 23 40 19 64 75 89 18 8 28 87 79 3 51 17 44 80 12 78 14 95 39 1 72 27 93 77 95 89 55 17 63 
23 60 45 28 60 46 97 13 83 62 63 48 53 88 53 36 13 32 79 70 34 53 79 4 83 98 32 18 50 35 82 45 41 89 80 16 33 12 89 93 35 84 5 8 70 81 56 29 24 35 76 98 12 2 20 36 83 62 99 10 26 15 22 31 51 80 37 10 52 44 46 53 0 74 57 54 40 19 65 79 69 59 51 54 44 48 51 48 88 95 55 75 66 4 45 12 53 57 41 15 39 98 14 47 62 6 62 15 78 66 93 48 77 14 6 
10 16 55 73 6 52 97 26 6 65 30 69 25 71 25 50 38 19 60 86 65 93 92 26 82 7 29 56 26 82 33 86 78 4 93 22 30 1 84 15 32 59 93 52 87 54 24 98 94 56 84 29 13 3 61 89 42 41 63 95 42 81 88 5 73 61 7 97 15 88 13 49 74 0 23 42 7 16 31 47 93 33 19 30 72 4 1 51 70 41 36 52 16 50 9 68 66 35 35 86 39 3 46 59 18 34 93 9 45 6 10 42 51 74 78 
68 25 1 29 17 87 42 2 43 8 67 44 16 70 44 94 80 41 57 45 54 65 97 85 69 88 77 44 86 65 94 49 44 29 40 93 94 48 69 15 97 21 8 98 42 38 17 74 11 72 7 74 60 68 7 95 68 39 23 81 19 13 54 8 49 98 61 56 68 84 20 52 57 23 0 63 8 33 80 67 42 78 77 49 92 14 76 2 33 28 10 37 8 55 12 90 37 81 59 77 64 24 33 66 80 76 74 63 18 87 66 6 77 60 45 
24 10 87 3 96 16 25 42 47 30 33 92 68 56 52 80 66 6 45 71 54 76 43 65 68 57 3 53 49 45 15 18 84 25 81 48 79 24 68 50 81 97 19 51 82 47 10 58 73 64 19 90 14 84 24 22 86 17 71 26 12 87 14 52 11 54 30 60 49 74 45 7 54 42 63 0 93 30 57 57 68 54 18 13 53 83 94 20 61 58 34 62 89 74 80 33 61 71 19 35 74 39 72 23 16 55 28 24 27 12 61 31 62 98 74 
28 67 17 14 97 72 22 56 22 56 72 14 74 93 11 90 7 93 36 73 54 79 19 1 62 50 61 96 54 43 31 52 60 21 83 74 20 82 71 89 99 44 52 84 52 12 92 51 52 95 46 7 90 5 32 61 63 48 70 54 81 64 75 99 24 33 50 89 55 79 20 64 40 7 8 93 0 45 81 24 65 72 18 65 13 85 39 77 38 38 84 44 88 78 14 44 91 28 47 69 5 99 32 59 90 42 64 97 83 55 88 40 72 37 40 
38 72 20 42 61 49 28 56 52 29 61 7 47 99 95 5 80 80 40 13 13 63 84 53 84 48 60 26 49 35 39 49 67 66 83 45 29 91 36 46 44 85 73 22 47 65 31 21 30 12 65 54 32 9 92 33 35 39 83 72 4 86 35 67 97 88 56 8 10 63 85 94 19 16 33 30 45 0 71 17 11 26 48 12 79 64 44 94 42 24 34 89 47 26 46 31 95 87 26 97 38 7 23 30 84 32 88 98 54 16 84 87 16 79 36 
58 54 10 37 44 29 47 65 74 44 94 3 21 88 50 6 93 83 62 47 81 77 90 82 70 73 73 90 1 79 97 7 79 88 3 5 79 13 35 87 52 12 3 10 59 57 49 30 20 13 54 14 20 78 1 91 25 98 16 66 2 79 50 65 66 7 7 26 23 5 64 2 65 31 80 57 81 71 0 7 2 9 83 12 79 81 93 40 7 27 74 77 65 35 27 83 39 92 9 19 25 6 56 46 3 25 48 58 40 80 38 52 10 38 9 
84 70 93 41 32 84 36 16 43 99 73 68 67 86 19 87 4 75 33 83 97 49 89 47 39 60 41 30 39 45 88 77 86 10 31 67 42 57 25 31 37 99 83 78 40 84 50 33 3 50 86 73 26 15 84 87 98 1 96 56 18 3 71 28 13 3 41 10 34 73 42 25 79 47 67 57 24 17 7 0 70 16 57 67 38 23 76 19 7 78 72 35 41 53 25 50 7 33 67 13 59 87 33 49 46 56 33 27 16 60 57 31 67 28 94 
39 37 52 19 45 28 63 93 14 56 28 94 95 75 11 30 33 41 68 8 34 37 57 85 75 94 16 52 8 61 1 67 51 12 86 44 93 82 62 84 83 91 47 12 84 23 38 44 37 80 44 55 65 14 72 19 73 66 19 64 51 10 24 96 21 41 64 11 99 41 64 23 69 93 42 68 65 11 2 70 0 21 49 39 23 65 62 85 88 68 70 67 8 16 26 95 63 28 94 19 91 85 74 80 37 1 13 24 98 10 47 87 76 75 6 
9 22 11 98 25 44 69 41 19 6 98 5 13 16 62 54 86 26 54 30 52 50 43 18 64 83 38 68 22 68 38 87 23 22 48 19 25 29 88 78 9 47 19 68 16 57 52 92 23 68 51 90 87 99 10 10 13 49 22 8 91 76 54 56 86 6 8 37 57 98 31 89 59 33 78 54 72 26 9 16 21 0 70 43 4 34 77 21 58 2 67 80 78 62 78 79 86 51 86 17 2 22 58 23 17 68 38 61 79 81 91 1 38 77 81 
33 41 69 39 63 20 63 61 24 51 94 29 26 15 40 81 45 69 63 61 56 15 5 55 73 81 8 48 6 43 67 36 38 59 66 60 90 36 74 72 3 38 87 36 76 77 22 48 57 55 43 51 67 7 68 30 51 70 10 69 19 31 52 1 22 22 76 40 81 13 52 49 51 19 77 18 18 48 83 57 49 70 0 82 8 61 93 24 13 51 16 64 9 3 43 18 16 51 26 64 52 55 28 45 59 80 5 12 37 22 93 10 91 22 13 
35 78 24 64 80 80 33 71 46 93 69 36 1 57 7 73 30 50 76 83 81 74 12 36 13 99 83 21 16 23 43 45 14 88 42 91 11 81 21 59 20 89 30 38 94 75 1 47 99 70 14 49 19 96 66 75 64 32 3 87 46 33 13 44 47 4 27 21 15 19 12 35 54 30 49 13 65 12 12 67 39 43 82 0 46 98 29 40 3 48 71 51 19 92 93 37 83 74 57 66 5 48 39 80 76 19 50 64 71 55 43 70 42 21 17 
11 92 15 47 22 71 46 50 96 64 39 83 98 88 8 30 47 83 9 74 55 22 25 79 35 93 39 72 78 42 62 79 16 95 57 30 70 9 77 63 63 41 36 42 94 72 32 58 95 82 8 39 87 69 3 31 65 66 79 40 45 20 71 44 32 12 56 83 32 55 54 23 44 72 92 53 13 79 79 38 23 4 8 46 0 1 40 68 36 22 87 52 91 65 4 9 60 2 10 62 25 38 96 71 52 83 84 74 6 58 19 46 63 87 79 
24 50 64 90 20 89 89 51 53 53 61 78 99 2 80 39 68 87 35 47 13 33 23 61 25 39 48 80 81 69 19 99 85 65 42 78 16 17 73 43 95 7 12 10 53 37 94 80 59 42 1 58 92 98 66 59 34 1 79 58 49 68 11 91 27 80 32 76 20 36 32 40 48 4 14 83 85 64 81 23 65 34 61 98 1 0 87 67 51 22 94 73 71 77 81 37 69 37 77 45 48 45 52 21 3 47 77 37 46 15 25 85 72 31 94 
16 48 22 3 78 87 43 33 34 35 98 47 78 85 13 79 67 47 34 87 86 72 7 51 84 11 61 9 64 42 1 1 47 79 80 10 47 7 59 19 76 45 53 16 57 51 19 2 22 32 6 35 99 87 48 40 60 76 7 74 21 77 99 63 35 68 83 29 43 20 75 19 51 1 76 94 39 44 93 76 62 77 93 29 40 87 0 96 12 51 73 69 95 80 63 49 83 36 13 82 32 71 3 71 86 26 25 53 37 2 90 52 96 63 42 
88 78 47 99 34 12 58 91 55 99 10 79 12 76 1 55 29 14 93 85 11 1 5 47 35 88 61 24 98 40 46 39 39 88 45 24 30 22 56 59 26 31 77 94 26 32 40 13 35 83 14 69 99 29 87 95 36 77 97 78 92 31 5 65 59 7 96 99 32 32 92 64 48 51 2 20 77 94 40 19 85 21 24 40 68 67 96 0 68 67 43 55 53 72 31 29 24 10 9 46 94 46 70 21 92 8 18 64 40 62 57 50 43 44 96 
26 41 4 29 5 66 26 21 15 84 68 7 91 77 4 43 58 22 26 98 82 47 80 24 23 66 49 61 31 81 83 19 90 72 95 91 45 35 16 76 36 59 38 86 80 24 45 40 40 34 9 66 37 74 26 26 20 20 60 39 17 71 97 5 91 76 55 41 74 10 69 75 88 70 33 61 38 42 7 7 88 58 13 3 36 51 12 68 0 86 90 59 98 22 27 23 91 52 59 98 71 28 4 32 11 54 44 25 23 88 16 76 68 24 55 
72 79 57 79 40 94 33 53 58 78 79 92 25 91 52 65 85 81 68 48 79 25 29 66 90 96 83 57 33 43 95 82 55 87 80 9 20 48 83 13 80 34 79 77 37 29 50 20 55 74 39 52 49 35 20 74 7 85 37 32 36 9 12 7 83 47 78 86 28 71 11 89 95 41 28 58 38 24 27 78 68 2 51 48 22 22 51 67 86 0 59 67 16 92 27 25 6 27 45 94 81 82 68 58 66 1 12 34 19 61 6 6 72 15 81 
93 46 89 76 68 16 34 39 62 38 64 81 55 19 16 69 44 82 2 89 72 81 54 1 41 89 9 10 73 68 72 37 28 83 87 92 84 46 42 29 63 66 70 30 5 1 45 56 29 10 67 25 15 84 5 74 24 83 26 77 30 18 75 25 70 17 77 84 62 30 21 18 55 36 10 34 84 34 74 72 70 67 16 71 87 94 73 43 90 59 0 26 55 19 85 45 59 71 96 49 11 91 47 73 33 29 76 4 53 34 82 56 91 20 64 
75 88 81 59 35 52 7 66 41 90 21 21 48 63 68 45 95 95 99 74 85 38 31 33 88 60 86 47 45 99 71 49 30 1 34 15 75 43 64 46 77 22 25 53 83 40 24 60 12 89 60 86 41 59 53 54 97 64 6 60 8 75 38 24 15 64 7 6 15 33 88 8 75 52 37 62 44 89 77 35 67 80 64 51 52 73 69 55 59 67 26 0 12 4 40 31 23 78 63 65 57 72 36 53 47 9 81 61 4 23 32 96 96 56 11 
63 17 47 43 35 99 66 81 73 55 36 24 78 46 82 85 94 50 9 77 30 17 22 13 76 74 69 61 41 14 97 4 49 43 55 88 80 26 28 50 77 90 70 26 95 62 37 58 60 75 98 48 46 49 71 76 61 39 62 82 29 67 32 28 80 5 96 11 54 86 73 28 66 16 8 89 88 47 65 41 8 78 9 19 91 71 95 53 98 16 55 12 0 79 56 19 95 88 78 16 90 55 63 75 51 78 56 67 37 63 37 14 66 53 27 
47 29 55 27 43 87 52 58 66 5 56 64 41 66 60 74 21 52 90 88 13 53 28 91 78 96 40 66 68 26 54 52 16 35 16 48 45 36 97 95 75 58 30 87 12 33 82 67 3 96 67 39 79 10 5 78 19 55 9 28 7 49 44 31 84 20 91 49 41 95 78 87 4 50 55 74 78 26 35 53 16 62 3 92 65 77 80 72 22 92 19 4 79 0 73 90 93 92 48 99 13 54 43 17 49 21 8 85 24 77 38 16 5 16 9 
33 46 80 22 79 46 32 53 23 44 29 72 60 53 67 51 53 15 28 46 64 69 6 76 39 92 64 63 25 39 1 49 74 67 28 73 99 76 83 23 71 1 78 38 43 67 90 89 4 2 6 85 64 15 23 61 97 87 7 90 30 66 95 69 79 41 79 61 91 87 1 79 45 9 12 80 14 46 27 25 26 78 43 93 4 81 63 31 27 27 85 40 56 73 0 49 37 67 78 19 45 39 12 30 97 74 6 94 31 45 2 39 5 33 86 
89 68 72 59 83 64 8 90 3 12 46 7 96 29 16 81 32 31 30 37 8 93 36 26 76 35 55 22 79 76 43 4 30 58 38 38 13 27 90 77 48 78 25 16 23 59 70 58 87 20 26 39 1 32 63 27 63 13 21 40 98 17 38 26 63 38 58 68 44 85 39 3 12 68 90 33 44 31 83 50 95 79 18 37 9 37 49 29 23 25 45 31 19 90 49 0 71 61 4 13 68 12 14 29 4 98 71 29 75 90 16 42 14 2 52 
24 67 15 17 39 43 14 20 87 30 93 22 80 88 62 51 26 11 90 88 71 91 73 56 22 51 14 14 68 6 41 89 52 93 6 42 87 54 72 57 79 68 43 23 85 47 75 54 11 12 89 32 55 25 60 7 10 22 57 9 97 33 87 94 26 63 14 60 12 84 89 51 53 66 37 61 91 95 39 7 63 86 16 83 60 69 83 24 91 6 59 23 95 93 37 71 0 77 84 72 56 10 81 8 28 45 6 47 79 96 70 51 65 88 61 
56 79 78 93 49 23 4 95 2 77 57 65 90 39 65 36 64 86 78 40 83 8 83 70 16 52 62 23 51 93 40 58 50 7 65 90 78 88 74 90 32 16 11 92 29 80 86 56 28 73 7 79 21 25 41 85 24 19 14 4 95 18 1 51 68 59 84 34 74 12 48 17 57 35 81 71 28 87 92 33 28 51 51 74 2 37 36 10 52 27 71 78 88 92 67 61 77 0 33 88 28 45 45 44 25 19 76 80 1 55 47 95 2 20 71 
66 47 16 38 82 83 29 65 73 90 52 51 32 21 20 73 53 5 11 38 64 61 49 6 56 83 41 28 49 23 25 17 89 71 35 31 50 75 97 39 34 71 66 37 57 38 69 3 2 42 16 79 85 23 70 68 41 46 94 15 3 78 39 68 18 6 24 22 73 85 6 44 41 35 59 19 47 26 9 67 94 86 26 57 10 77 13 9 59 45 96 63 78 48 78 4 84 33 0 71 35 63 10 5 63 49 47 49 91 81 11 71 26 20 9 
78 1 26 12 6 41 16 43 52 33 5 91 57 98 45 16 60 8 62 7 65 10 52 15 69 83 74 26 36 40 41 88 65 3 43 40 32 67 61 87 44 4 86 46 33 54 62 34 62 24 75 9 24 75 71 78 77 60 4 99 89 59 26 3 20 80 21 77 32 97 47 80 15 86 77 35 69 97 19 13 19 17 64 66 62 45 82 46 98 94 49 65 16 99 19 13 72 88 71 0 65 3 73 65 94 20 74 67 32 66 65 69 46 92 94 
4 30 54 23 92 45 30 48 72 51 80 10 34 52 88 40 18 55 17 44 45 35 95 88 83 52 75 18 53 74 93 64 14 13 88 6 54 78 90 12 10 48 54 67 59 91 44 45 71 36 60 37 56 26 24 34 98 61 79 10 91 12 23 99 55 87 66 84 52 96 75 12 39 39 64 74 5 38 25 59 91 2 52 5 25 48 32 94 71 81 11 57 90 13 45 68 56 28 35 65 0 23 98 55 62 48 25 24 27 34 84 95 41 19 15 
1 64 85 7 9 17 67 22 88 52 76 93 39 60 62 3 23 60 80 59 70 64 25 3 69 92 69 33 32 15 73 87 53 91 45 34 88 61 80 20 57 43 21 4 87 89 47 54 13 59 20 96 60 20 77 92 7 13 6 76 61 67 45 86 38 75 91 7 59 83 72 78 98 3 24 39 99 7 6 87 85 22 55 48 38 45 71 46 28 82 91 72 55 54 39 12 10 45 63 3 23 0 39 64 7 72 53 15 44 80 84 41 22 61 97 
78 76 59 97 41 18 62 98 78 43 32 68 93 95 22 36 55 85 75 2 76 67 77 92 12 25 25 94 2 48 32 22 95 5 91 75 93 53 89 89 87 2 14 59 69 34 54 38 31 30 51 73 41 97 32 52 80 29 82 79 70 34 94 57 1 45 85 22 16 29 94 14 14 46 33 72 32 23 56 33 74 58 28 39 96 52 3 70 4 68 47 36 63 43 12 14 81 45 10 73 98 39 0 23 49 86 72 96 38 85 67 57 51 66 89 
7 36 86 15 70 89 84 2 63 24 77 86 21 65 1 98 14 99 77 84 89 69 41 65 37 56 26 15 65 72 5 34 60 1 43 20 79 50 23 51 47 82 27 96 67 35 75 63 68 15 23 38 38 75 59 37 35 12 91 82 1 8 47 19 81 11 55 15 49 90 58 95 47 59 66 23 59 30 46 49 80 23 45 80 71 21 71 21 32 58 73 53 75 17 30 29 8 44 5 65 55 64 23 0 21 1 76 15 94 27 72 91 75 27 6 
53 54 30 88 6 1 97 90 49 90 53 34 15 15 64 80 31 42 98 30 35 14 86 99 58 69 34 86 32 2 30 95 35 35 45 94 3 37 35 75 38 48 7 73 23 26 13 74 80 2 3 78 3 62 28 34 81 14 40 65 87 7 86 13 62 7 67 42 4 37 18 39 62 18 80 16 90 84 3 46 37 17 59 76 52 3 86 92 11 66 33 47 51 49 97 4 28 25 63 94 62 7 49 21 0 99 76 68 16 78 25 27 57 79 2 
86 94 45 76 8 98 59 39 1 44 39 72 10 98 95 16 24 36 1 49 15 67 29 88 28 66 19 53 19 34 36 32 4 77 53 38 70 61 56 92 37 17 32 73 3 79 36 61 62 50 76 35 35 86 73 84 7 61 99 74 15 5 14 25 62 33 84 66 26 18 47 1 6 34 76 55 42 32 25 56 1 68 80 19 83 47 26 8 54 1 29 9 78 21 74 98 45 19 49 20 48 72 86 1 99 0 22 79 1 91 61 75 53 88 44 
71 34 38 36 79 83 83 13 43 89 84 9 68 53 85 16 51 57 31 56 60 92 41 59 80 38 79 26 67 71 36 69 65 9 89 90 97 96 8 91 11 69 84 90 74 20 18 70 58 95 76 40 70 8 31 41 33 83 8 84 69 63 32 38 4 41 88 79 65 96 38 72 62 93 74 28 64 88 48 33 13 38 5 50 84 77 25 18 44 12 76 81 56 8 6 71 6 76 47 74 25 53 72 76 76 22 0 64 29 59 92 13 95 14 9 
3 3 23 64 38 72 35 19 40 96 81 52 82 45 2 95 22 14 4 46 89 1 48 25 2 58 47 61 16 61 49 39 81 24 58 16 23 48 38 41 51 22 50 17 2 84 12 73 8 40 51 20 44 54 19 14 13 60 33 16 74 1 47 70 17 9 38 69 29 22 88 27 15 9 63 24 97 98 58 27 24 61 12 64 74 37 53 64 25 34 4 61 67 85 94 29 47 80 49 67 24 15 96 15 68 79 64 0 70 27 64 4 5 35 60 
77 85 92 33 79 15 31 78 4 29 75 34 80 17 85 67 72 12 82 9 34 35 24 46 13 98 79 84 44 20 31 72 93 62 81 13 43 70 99 60 78 62 66 86 34 53 5 87 43 28 42 68 91 89 57 65 71 88 11 65 16 22 82 65 54 67 17 39 69 11 88 93 78 45 18 27 83 54 40 16 98 79 37 71 6 46 37 40 23 19 53 4 37 24 31 75 79 1 91 32 27 44 38 94 16 1 29 70 0 8 76 41 20 69 28 
92 84 55 92 34 37 58 78 58 65 71 62 4 65 61 35 4 53 65 35 25 71 29 15 2 88 8 69 40 16 48 70 58 28 3 98 3 35 1 3 20 30 55 75 81 76 88 83 4 58 9 32 41 62 45 52 96 84 69 53 87 21 67 59 78 96 8 92 60 80 74 77 66 6 87 12 55 16 80 60 10 81 22 55 58 15 2 62 88 61 34 23 63 77 45 90 96 55 81 66 34 80 85 27 78 91 59 27 8 0 88 6 1 83 45 
22 49 77 50 28 27 97 89 44 87 27 8 48 31 77 84 24 67 39 30 4 17 85 78 9 45 78 90 21 98 1 54 1 16 65 65 21 62 76 9 46 45 1 33 8 85 27 13 54 20 48 71 84 76 37 74 52 3 45 48 90 38 37 1 25 73 81 54 60 62 4 95 93 10 66 61 88 84 38 57 47 91 93 43 19 25 90 57 16 6 82 32 37 38 2 16 70 47 11 65 84 84 67 72 25 61 92 64 76 88 0 54 55 89 68 
76 55 13 1 52 33 50 91 54 59 58 60 71 83 23 94 13 22 68 1 42 38 90 87 90 58 9 25 2 99 80 13 10 12 74 1 57 33 74 76 35 97 51 63 64 64 66 49 90 33 84 65 61 69 60 7 46 34 99 27 45 51 53 65 65 58 69 81 84 40 51 89 48 42 6 31 40 87 52 31 87 1 10 70 46 85 52 50 76 6 56 96 14 16 39 42 51 95 71 69 95 41 57 91 27 75 13 4 41 6 54 0 30 22 37 
8 33 60 23 78 2 47 84 44 89 31 42 43 11 15 19 78 82 31 80 31 18 38 33 64 42 39 58 1 54 8 97 91 86 96 70 40 48 64 72 36 67 82 7 70 97 17 9 13 12 28 56 46 18 89 57 18 92 82 54 68 59 35 14 20 25 16 95 78 89 64 55 77 51 77 62 72 16 10 67 76 38 91 42 63 72 96 43 68 72 91 96 66 5 5 14 65 2 26 46 41 22 51 75 57 53 95 5 20 1 55 30 0 40 54 
78 29 27 98 31 49 84 40 75 52 65 28 6 46 25 75 8 95 22 20 23 39 6 92 91 33 50 64 46 70 53 47 39 54 50 51 38 19 58 30 8 35 38 74 6 80 76 84 75 52 10 60 19 44 57 22 88 10 80 17 16 82 32 22 72 95 16 13 5 91 64 17 14 74 60 98 37 79 38 28 75 77 22 21 87 31 63 44 24 15 20 56 53 16 33 2 88 20 20 92 19 61 66 27 79 88 14 35 69 83 89 22 40 0 64 
73 56 77 71 44 89 42 99 99 23 39 52 21 89 47 19 53 35 27 5 54 83 24 73 16 28 15 13 83 21 10 41 18 91 32 48 27 92 65 96 72 89 77 38 43 99 26 65 76 88 71 57 69 29 84 60 87 3 98 26 51 79 14 38 63 34 83 90 70 72 61 63 6 78 45 74 40 36 9 94 6 81 13 17 79 94 42 96 55 81 64 11 27 9 86 52 61 71 9 94 15 97 89 6 2 44 9 60 28 45 68 37 54 64 0 
