116
0 38 13 73 10 76 6 80 65 17 2 77 72 7 26 51 21 19 85 12 29 30 15 51 69 88 88 95 97 87 14 10 8 64 62 23 58 2 1 61 82 9 89 14 48 73 31 72 4 71 22 50 58 4 69 25 44 77 27 53 81 42 83 16 65 69 26 99 88 8 27 26 23 10 68 24 28 38 58 84 39 9 33 35 11 24 16 88 26 72 93 75 63 47 33 89 24 56 66 78 4 1 78 7 53 86 71 3 77 92 22 76 8 78 73 76 
38 0 77 44 21 31 37 8 46 69 58 83 97 14 11 24 82 8 25 75 93 21 33 13 66 95 61 25 83 98 3 93 99 11 55 97 83 87 71 67 72 49 55 16 6 18 43 21 49 23 14 98 54 85 11 97 56 62 57 90 22 97 84 26 15 14 85 44 7 78 57 60 16 25 10 67 72 54 70 37 22 41 78 92 50 48 78 41 79 46 88 17 29 46 68 67 79 47 1 30 64 76 36 54 94 34 3 85 84 49 55 33 29 56 83 32 
13 77 0 29 95 75 9 33 9 85 78 51 80 42 65 84 25 21 45 16 31 92 15 20 27 87 8 54 48 61 35 33 20 68 25 84 95 39 48 6 80 64 88 33 43 75 67 89 99 31 18 69 65 61 79 18 40 36 82 29 23 39 42 75 78 71 26 49 51 63 45 55 1 87 17 20 10 93 52 11 69 24 15 64 22 47 4 57 89 81 47 55 80 72 15 78 16 26 54 85 59 86 30 45 38 23 92 55 77 13 60 27 77 72 88 40 
73 44 29 0 44 77 39 92 70 99 34 44 27 57 70 74 53 90 28 44 2 83 95 97 27 85 31 65 23 99 53 4 71 13 40 84 49 62 71 14 37 24 23 67 93 96 54 10 42 58 89 94 77 83 12 37 17 31 85 58 36 42 82 3 86 94 37 47 81 28 73 29 3 14 42 37 41 19 98 39 64 47 90 3 99 29 79 76 59 43 27 22 59 17 93 38 12 23 7 97 15 88 76 36 64 33 92 50 1 23 98 71 37 19 28 29 
10 21 95 44 0 53 95 51 47 8 86 17 30 12 62 15 31 9 41 49 31 24 67 93 65 13 18 34 11 29 76 6 82 6 43 87 53 58 57 79 88 82 11 73 49 20 13 26 78 17 5 89 28 51 69 4 59 13 3 77 97 97 62 16 75 13 19 31 60 6 17 96 97 61 44 32 45 25 63 80 22 20 78 34 5 40 68 35 35 43 79 83 39 49 82 6 92 9 41 70 6 8 79 38 79 34 28 52 78 31 44 47 10 68 4 68 
76 31 75 77 53 0 55 98 64 81 29 38 65 38 94 19 79 71 93 53 11 33 47 64 94 19 37 30 40 29 55 30 56 91 28 61 13 18 72 92 8 84 57 52 33 77 63 52 97 31 23 6 92 96 23 77 23 19 94 30 19 53 32 50 99 84 94 46 52 87 16 72 49 29 84 28 44 20 80 71 89 87 12 66 94 16 52 99 87 46 64 43 23 83 41 45 17 18 89 1 98 83 72 15 37 27 33 2 49 89 23 35 95 22 69 68 
6 37 9 39 95 55 0 49 19 98 12 12 53 77 69 46 65 90 41 8 8 34 59 8 35 5 6 62 51 77 46 97 22 93 72 93 26 98 2 14 39 86 28 39 85 34 2 32 39 29 76 32 52 67 68 33 75 33 98 6 1 38 73 44 25 17 97 97 42 25 22 28 47 36 63 69 63 33 46 89 43 58 26 33 34 7 66 52 32 8 14 4 29 16 30 67 62 84 97 59 83 35 31 58 97 50 47 84 42 21 41 51 5 10 1 91 
80 8 33 92 51 98 49 0 22 75 22 34 39 38 44 34 96 42 72 70 71 24 87 40 32 38 39 57 88 29 37 67 11 85 1 17 31 4 79 60 54 70 50 75 47 28 34 73 69 40 33 98 8 34 63 15 78 44 62 86 37 13 54 27 83 13 26 2 42 56 56 65 16 93 41 61 71 50 51 33 91 21 53 39 66 81 58 53 90 20 95 65 43 48 22 98 2 90 39 13 19 78 78 89 91 84 40 99 16 38 97 37 99 2 33 31 
65 46 9 70 47 64 19 22 0 8 51 51 33 44 42 70 2 98 52 31 83 50 82 83 96 72 22 19 47 45 92 10 5 78 64 24 96 60 65 83 32 2 85 79 69 55 26 84 28 57 93 9 56 77 47 50 12 9 62 75 24 89 90 83 83 6 43 47 22 52 74 43 14 19 24 46 96 53 34 55 15 58 62 41 73 66 23 3 87 2 73 52 72 88 78 63 49 1 43 40 4 58 44 54 44 75 99 98 76 60 67 75 92 6 27 68 
17 69 85 99 8 81 98 75 8 0 32 12 4 55 2 14 60 57 82 9 39 5 71 77 74 6 80 85 60 32 91 8 67 33 47 76 83 45 65 38 48 74 91 85 16 66 53 70 67 90 29 20 18 6 80 11 30 18 82 47 8 18 87 62 65 8 30 56 29 44 99 56 6 51 93 64 53 35 99 84 78 38 90 55 5 44 12 30 77 90 33 51 52 43 24 90 44 89 96 29 65 87 59 89 52 23 11 32 10 7 31 68 19 13 74 75 
2 58 78 34 86 29 12 22 51 32 0 92 66 86 54 43 7 10 37 88 60 9 54 88 19 22 68 15 21 86 10 43 67 21 17 59 78 43 36 76 29 86 35 45 93 83 9 31 65 78 19 39 12 57 53 84 77 69 26 70 32 60 63 30 67 33 72 61 94 73 28 98 94 69 39 61 98 10 68 79 64 21 36 56 29 46 93 57 52 5 80 76 32 77 53 39 84 81 75 71 27 58 31 65 39 19 96 42 96 58 49 43 53 23 65 71 
77 83 51 44 17 38 12 34 51 12 92 0 62 61 97 28 1 27 51 21 27 66 78 19 61 83 60 63 39 24 69 70 62 88 67 20 37 18 22 78 27 33 9 9 21 69 83 55 86 94 75 90 24 95 91 14 12 43 11 89 25 48 69 44 92 14 7 3 68 94 5 29 36 83 78 47 79 7 92 81 21 24 64 72 7 22 65 51 91 10 93 68 86 34 72 9 52 34 62 8 60 42 28 52 41 72 46 95 10 89 47 59 22 55 1 20 
72 97 80 27 30 65 53 39 33 4 66 62 0 20 86 28 98 22 95 19 68 36 96 30 23 57 11 43 73 32 13 83 8 88 9 62 24 35 95 4 56 69 16 25 95 63 27 99 48 88 36 17 88 91 79 88 58 25 56 50 53 25 16 68 74 47 21 67 95 13 26 1 98 99 78 12 91 25 55 48 78 41 60 96 80 90 32 57 34 39 93 21 15 10 68 82 80 4 48 71 43 6 21 58 60 55 78 25 59 80 37 81 59 52 64 74 
7 14 42 57 12 38 77 38 44 55 86 61 20 0 84 89 83 56 79 71 28 24 54 70 69 24 47 40 67 78 27 25 18 88 2 46 59 22 18 57 34 44 76 99 3 97 91 84 27 27 53 56 8 63 32 80 93 77 47 88 71 70 56 93 99 88 86 75 16 15 57 88 2 85 76 77 91 19 63 46 66 53 29 88 39 21 98 52 60 95 65 15 98 53 45 17 65 31 83 11 46 89 79 60 98 43 65 6 91 77 56 43 21 89 69 19 
26 11 65 70 62 94 69 44 42 2 54 97 86 84 0 93 50 84 16 18 62 8 65 56 3 91 5 17 78 69 31 53 85 37 99 60 32 36 33 51 52 6 34 1 10 32 36 89 61 39 12 45 44 8 63 57 97 94 53 25 44 52 11 95 50 19 11 62 40 7 8 80 13 1 4 52 16 68 82 60 67 16 62 65 20 45 88 62 22 1 64 95 85 2 85 61 77 23 15 25 47 33 81 71 55 25 78 90 36 58 32 40 15 94 49 14 
51 24 84 74 15 19 46 34 70 14 43 28 28 89 93 0 20 16 98 42 36 26 52 35 23 34 62 79 8 33 4 68 96 58 97 47 90 22 93 85 59 65 41 79 79 63 63 48 28 72 43 15 94 52 19 79 11 36 50 94 80 90 5 6 87 30 54 81 73 30 39 79 55 43 65 69 45 85 74 51 81 51 36 73 16 40 3 36 98 80 16 16 95 67 35 84 94 19 75 19 26 18 50 38 21 41 53 24 19 80 52 33 38 31 41 51 
21 82 25 53 31 79 65 96 2 60 7 1 98 83 50 20 0 74 69 81 16 64 65 92 21 55 24 7 25 1 49 81 29 89 2 74 22 1 77 33 41 82 84 31 88 54 34 83 23 4 35 50 89 71 38 34 13 38 80 66 7 80 93 4 33 86 45 30 47 68 67 29 58 85 44 95 94 21 53 32 26 64 53 60 18 23 55 14 31 24 51 22 72 4 24 13 78 8 53 31 27 9 97 85 82 74 40 57 61 26 66 96 28 19 87 2 
19 8 21 90 9 71 90 42 98 57 10 27 22 56 84 16 74 0 35 3 18 86 12 94 54 60 83 12 84 4 84 1 94 86 52 92 33 87 85 82 6 12 70 10 47 75 94 33 39 43 64 24 41 64 64 32 19 41 6 93 80 83 75 41 26 69 50 83 87 47 14 22 81 82 95 50 52 15 31 11 86 5 8 55 60 85 99 42 36 57 14 12 53 67 22 82 95 35 62 92 86 61 93 99 92 75 9 76 82 28 26 87 37 15 4 93 
85 25 45 28 41 93 41 72 52 82 37 51 95 79 16 98 69 35 0 85 73 44 9 56 18 61 33 99 84 28 96 53 51 81 92 80 27 38 25 57 41 53 39 20 45 21 64 22 66 69 93 19 69 17 79 60 57 45 36 40 62 33 68 54 63 76 9 35 34 93 26 68 2 99 9 90 28 30 90 78 11 62 17 80 75 77 98 1 31 4 82 65 39 68 31 22 27 96 11 70 34 37 10 1 56 70 11 4 40 78 38 17 26 47 8 44 
12 75 16 44 49 53 8 70 31 9 88 21 19 71 18 42 81 3 85 0 1 57 15 56 56 53 79 98 54 61 1 15 61 67 96 40 72 8 17 67 62 70 51 59 80 15 78 13 12 80 96 35 7 70 86 45 71 73 13 47 83 8 30 61 83 74 47 87 85 98 48 89 74 77 88 46 37 88 40 38 7 44 59 2 84 30 49 56 46 9 35 30 1 80 20 5 72 2 9 27 41 90 33 71 97 8 39 82 30 4 75 51 92 17 50 43 
29 93 31 2 31 11 8 71 83 39 60 27 68 28 62 36 16 18 73 1 0 71 9 32 26 35 55 98 97 71 6 64 95 25 47 21 23 1 70 23 28 26 65 46 39 58 53 53 33 70 80 6 34 65 54 54 54 13 81 97 34 52 56 81 55 13 86 11 82 79 72 85 30 13 64 8 71 83 64 65 45 70 76 89 35 15 60 89 34 25 4 42 31 23 54 97 92 92 83 98 37 7 39 99 32 63 48 63 35 72 43 21 91 51 23 3 
30 21 92 83 24 33 34 24 50 5 9 66 36 24 8 26 64 86 44 57 71 0 64 1 93 6 73 53 10 95 98 12 99 41 92 77 88 62 3 23 83 94 99 48 30 96 99 81 2 76 2 53 93 65 76 79 63 77 49 37 50 15 74 22 33 72 1 47 25 81 38 17 53 69 93 91 8 61 10 35 64 67 69 14 67 92 1 35 71 17 38 18 39 83 15 38 63 1 34 50 78 32 58 59 74 77 29 77 54 59 32 95 14 39 92 88 
15 33 15 95 67 47 59 87 82 71 54 78 96 54 65 52 65 12 9 15 9 64 0 60 47 63 87 62 40 72 3 60 26 58 33 31 53 92 42 79 58 46 86 26 74 75 7 3 31 78 79 92 97 43 19 84 90 89 57 43 5 12 25 23 7 5 80 29 54 31 22 28 6 36 73 83 49 52 95 25 77 41 86 29 41 48 24 29 85 90 38 6 24 69 21 14 57 30 29 92 55 29 64 82 61 70 84 73 80 49 53 93 93 97 58 95 
51 13 20 97 93 64 8 40 83 77 88 19 30 70 56 35 92 94 56 56 32 1 60 0 40 91 79 62 58 6 77 26 80 94 38 45 61 16 93 42 64 8 3 47 76 53 67 26 38 4 26 85 65 1 53 82 47 85 18 55 36 79 61 51 47 24 66 1 33 13 91 76 26 56 70 6 15 88 3 92 65 99 88 59 25 46 15 78 87 33 92 73 39 84 21 25 72 28 38 96 83 17 55 97 53 74 6 67 81 95 51 3 90 33 8 90 
69 66 27 27 65 94 35 32 96 74 19 61 23 69 3 23 21 54 18 56 26 93 47 40 0 86 37 67 74 12 36 43 40 53 94 85 21 74 8 53 70 58 63 90 84 17 29 46 83 82 69 68 62 84 70 39 75 64 73 13 35 25 84 35 23 90 41 88 76 78 39 76 22 16 56 69 83 69 12 37 58 28 80 2 13 2 9 90 64 91 16 86 81 85 28 94 8 15 76 13 62 21 38 63 67 34 58 75 73 6 1 3 5 65 58 36 
88 95 87 85 13 19 5 38 72 6 22 83 57 24 91 34 55 60 61 53 35 6 63 91 86 0 31 5 76 81 15 3 53 55 16 97 89 1 60 63 2 92 68 82 42 84 45 98 7 88 57 50 48 73 60 94 83 81 99 93 39 11 88 66 96 89 60 74 96 92 35 51 52 83 83 52 92 25 56 69 66 38 58 98 88 45 58 42 33 28 56 64 81 92 77 57 27 63 54 93 23 39 21 59 44 20 46 76 38 85 35 88 59 2 41 86 
88 61 8 31 18 37 6 39 22 80 68 60 11 47 5 62 24 83 33 79 55 73 87 79 37 31 0 38 59 8 25 25 84 42 95 28 33 15 26 14 79 37 25 4 57 94 32 29 77 3 61 60 73 41 16 38 8 83 39 48 61 61 49 83 9 86 69 40 64 55 14 62 41 74 75 69 25 26 34 19 79 47 79 8 78 9 39 50 15 18 46 58 78 88 27 32 59 24 38 43 94 90 82 97 27 47 19 25 40 76 40 7 69 40 47 22 
95 25 54 65 34 30 62 57 19 85 15 63 43 40 17 79 7 12 99 98 98 53 62 62 67 5 38 0 68 74 25 72 33 13 87 66 8 3 97 21 4 86 95 36 18 18 56 44 53 96 26 90 30 52 68 48 21 72 80 9 24 61 57 10 47 61 66 63 22 14 23 28 26 18 33 94 15 86 53 26 61 84 69 90 25 58 64 13 19 27 78 26 1 23 15 75 40 76 20 10 72 54 67 28 89 3 72 86 20 15 14 98 83 23 62 82 
97 83 48 23 11 40 51 88 47 60 21 39 73 67 78 8 25 84 84 54 97 10 40 58 74 76 59 68 0 12 29 45 3 4 11 32 92 97 30 56 30 34 42 66 50 26 86 49 54 49 1 39 8 22 6 16 78 81 64 98 31 33 73 45 41 68 25 79 68 51 49 36 53 32 2 65 32 19 67 16 44 40 21 2 1 46 83 30 27 8 53 4 22 84 80 63 70 68 9 73 44 96 90 77 73 59 69 59 82 64 93 53 38 48 52 24 
87 98 61 99 29 29 77 29 45 32 86 24 32 78 69 33 1 4 28 61 71 95 72 6 12 81 8 74 12 0 71 1 24 23 88 60 9 3 19 4 15 80 68 35 82 65 45 43 35 79 45 61 68 43 23 42 69 42 40 81 43 68 99 14 26 39 76 6 93 23 40 74 15 48 72 2 34 71 61 20 16 98 99 54 70 21 36 39 50 82 59 13 76 54 25 96 23 34 25 31 88 1 88 36 46 64 9 42 15 63 11 30 31 38 98 40 
14 3 35 53 76 55 46 37 92 91 10 69 13 27 31 4 49 84 96 1 6 98 3 77 36 15 25 25 29 71 0 11 68 55 78 46 74 69 24 82 65 82 82 33 94 15 31 39 97 88 1 38 67 43 62 19 1 46 83 95 72 71 97 54 1 43 41 40 25 41 93 73 32 5 30 36 36 49 31 48 1 80 8 53 10 25 52 86 92 76 15 82 62 41 13 28 45 1 55 65 17 91 18 60 91 96 38 73 84 82 40 44 71 91 24 31 
10 93 33 4 6 30 97 67 10 8 43 70 83 25 53 68 81 1 53 15 64 12 60 26 43 3 25 72 45 1 11 0 74 64 91 49 45 95 17 60 91 45 86 49 18 52 49 7 77 67 87 36 45 79 99 1 39 19 82 37 49 4 52 49 4 89 58 17 88 64 87 22 34 95 32 69 39 72 70 54 13 97 47 41 18 94 79 62 36 59 32 31 49 31 97 97 21 7 75 36 37 74 39 72 57 72 68 50 62 83 99 84 86 88 48 1 
8 99 20 71 82 56 22 11 5 67 67 62 8 18 85 96 29 94 51 61 95 99 26 80 40 53 84 33 3 24 68 74 0 66 22 22 40 77 61 3 41 78 44 84 60 67 79 86 51 23 38 14 16 85 47 39 90 55 28 30 49 16 74 30 52 50 89 65 14 53 95 60 35 4 65 81 93 58 1 10 91 39 18 14 43 53 10 39 26 58 82 52 70 54 90 70 30 91 63 77 21 56 89 96 2 63 55 11 32 70 96 48 49 11 41 26 
64 11 68 13 6 91 93 85 78 33 21 88 88 88 37 58 89 86 81 67 25 41 58 94 53 55 42 13 4 23 55 64 66 0 73 88 23 50 56 89 4 29 25 21 66 88 10 12 22 59 88 95 65 79 88 72 87 83 1 43 35 67 58 93 7 71 3 13 91 5 1 35 77 9 24 62 28 16 12 86 54 91 48 61 89 30 84 51 70 39 84 75 96 48 6 60 12 36 52 85 74 13 36 17 10 85 59 49 22 48 72 57 52 68 4 93 
62 55 25 40 43 28 72 1 64 47 17 67 9 2 99 97 2 52 92 96 47 92 33 38 94 16 95 87 11 88 78 91 22 73 0 51 54 88 80 93 40 81 83 83 3 31 86 48 66 42 57 42 80 45 95 80 87 34 55 16 28 38 6 65 35 43 88 45 91 43 45 53 89 58 81 3 65 74 96 50 32 32 42 40 15 3 48 36 51 33 33 42 43 96 17 84 29 32 92 12 39 88 17 57 10 65 84 27 3 39 86 31 87 54 32 31 
23 97 84 84 87 61 93 17 24 76 59 20 62 46 60 47 74 92 80 40 21 77 31 45 85 97 28 66 32 60 46 49 22 88 51 0 37 16 22 93 48 74 45 5 67 44 19 60 91 30 78 10 24 91 9 92 15 88 48 73 38 42 90 31 40 6 34 75 20 94 38 90 16 13 98 65 1 70 51 48 19 69 68 67 75 70 56 66 82 51 49 5 51 57 79 39 11 95 25 40 59 56 1 39 94 86 96 71 74 56 16 97 50 56 7 33 
58 83 95 49 53 13 26 31 96 83 78 37 24 59 32 90 22 33 27 72 23 88 53 61 21 89 33 8 92 9 74 45 40 23 54 37 0 30 94 79 20 29 79 42 93 25 90 11 70 16 47 30 45 20 84 75 80 45 99 13 87 78 50 32 54 88 93 79 3 70 97 23 43 3 21 57 40 38 27 22 4 63 29 10 55 2 29 7 45 68 33 30 70 13 91 16 75 93 17 24 16 12 5 72 95 25 81 38 64 61 82 50 79 12 1 48 
2 87 39 62 58 18 98 4 60 45 43 18 35 22 36 22 1 87 38 8 1 62 92 16 74 1 15 3 97 3 69 95 77 50 88 16 30 0 24 82 91 13 57 82 29 36 81 9 17 7 22 35 48 46 43 26 36 76 27 54 88 75 67 78 61 53 50 37 61 96 48 70 35 62 33 48 19 92 92 74 82 13 42 58 71 3 35 81 67 88 72 15 27 40 91 59 46 83 85 53 14 10 26 48 65 89 40 86 22 46 45 89 84 69 68 71 
1 71 48 71 57 72 2 79 65 65 36 22 95 18 33 93 77 85 25 17 70 3 42 93 8 60 26 97 30 19 24 17 61 56 80 22 94 24 0 36 35 25 62 88 74 21 77 73 59 56 16 83 42 64 28 97 83 90 72 74 97 61 90 80 89 23 35 56 8 38 99 1 76 74 64 58 65 40 15 23 27 16 82 77 93 27 50 89 33 26 99 53 61 78 6 47 65 11 98 2 57 73 92 57 22 87 38 73 75 93 15 15 50 89 46 87 
61 67 6 14 79 92 14 60 83 38 76 78 4 57 51 85 33 82 57 67 23 23 79 42 53 63 14 21 56 4 82 60 3 89 93 93 79 82 36 0 31 84 78 72 59 63 43 19 59 76 13 29 46 50 95 23 77 57 90 39 87 12 20 89 51 75 92 91 41 60 3 9 76 72 30 96 11 73 64 14 36 62 28 6 49 37 83 68 7 39 19 72 54 16 53 47 98 75 54 4 25 44 26 27 2 7 19 35 32 97 81 99 44 52 37 83 
82 72 80 37 88 8 39 54 32 48 29 27 56 34 52 59 41 6 41 62 28 83 58 64 70 2 79 4 30 15 65 91 41 4 40 48 20 91 35 31 0 9 3 20 63 95 76 26 36 80 63 77 77 75 71 48 79 32 34 44 10 57 87 47 38 37 11 51 78 20 46 35 36 8 72 2 4 47 62 7 4 9 37 85 49 82 15 16 49 44 44 58 86 68 47 51 3 1 82 59 19 46 66 28 97 84 59 21 97 44 85 12 99 91 47 38 
9 49 64 24 82 84 86 70 2 74 86 33 69 44 6 65 82 12 53 70 26 94 46 8 58 92 37 86 34 80 82 45 78 29 81 74 29 13 25 84 9 0 89 41 7 45 31 59 34 66 22 90 58 1 78 68 16 71 4 48 43 2 82 48 17 69 22 62 30 45 97 67 35 89 87 78 98 39 11 22 17 79 8 54 54 68 78 13 87 86 29 14 62 7 58 46 62 52 94 7 58 41 8 5 93 8 19 52 73 3 83 47 19 87 30 36 
89 55 88 23 11 57 28 50 85 91 35 9 16 76 34 41 84 70 39 51 65 99 86 3 63 68 25 95 42 68 82 86 44 25 83 45 79 57 62 78 3 89 0 12 53 77 38 79 70 25 70 30 78 25 43 11 66 86 54 21 14 27 7 32 84 50 66 55 1 51 82 38 77 71 21 55 16 46 30 71 15 14 77 82 48 44 76 63 26 26 73 43 62 45 45 54 33 29 6 21 62 8 52 98 51 84 22 10 78 12 68 36 38 42 10 16 
14 16 33 67 73 52 39 75 79 85 45 9 25 99 1 79 31 10 20 59 46 48 26 47 90 82 4 36 66 35 33 49 84 21 83 5 42 82 88 72 20 41 12 0 94 86 77 30 53 26 87 38 16 23 92 37 46 67 4 59 96 73 73 90 17 86 75 33 63 7 74 38 3 46 14 42 34 4 5 31 66 70 89 75 37 66 57 78 71 17 43 98 58 94 6 90 88 30 96 70 87 42 82 52 47 59 40 84 16 76 94 94 53 57 26 80 
48 6 43 93 49 33 85 47 69 16 93 21 95 3 10 79 88 47 45 80 39 30 74 76 84 42 57 18 50 82 94 18 60 66 3 67 93 29 74 59 63 7 53 94 0 37 5 83 95 12 43 23 85 29 57 33 59 87 69 67 23 3 74 2 34 81 8 64 70 6 43 16 36 47 82 24 21 5 24 26 47 32 26 19 12 54 46 7 21 6 68 12 45 45 27 86 57 81 54 38 47 12 65 57 84 23 57 77 75 72 37 51 32 24 29 1 
73 18 75 96 20 77 34 28 55 66 83 69 63 97 32 63 54 75 21 15 58 96 75 53 17 84 94 18 26 65 15 52 67 88 31 44 25 36 21 63 95 45 77 86 37 0 40 62 33 67 59 47 80 38 54 91 89 34 35 26 79 20 84 53 76 85 64 97 80 99 42 39 40 7 9 1 88 43 19 45 44 94 6 3 63 37 95 60 84 20 24 31 18 99 40 56 24 17 10 92 31 49 50 38 52 22 1 32 94 19 40 45 50 45 24 37 
31 43 67 54 13 63 2 34 26 53 9 83 27 91 36 63 34 94 64 78 53 99 7 67 29 45 32 56 86 45 31 49 79 10 86 19 90 81 77 43 76 31 38 77 5 40 0 82 90 70 75 86 69 62 44 47 54 75 13 36 18 12 5 88 27 66 17 76 26 64 25 17 80 85 57 20 34 66 30 39 84 54 70 92 65 20 55 76 70 71 94 23 82 29 98 74 58 51 21 30 33 44 92 48 47 58 80 2 13 40 20 56 60 58 67 89 
72 21 89 10 26 52 32 73 84 70 31 55 99 84 89 48 83 33 22 13 53 81 3 26 46 98 29 44 49 43 39 7 86 12 48 60 11 9 73 19 26 59 79 30 83 62 82 0 58 54 56 3 34 45 54 38 63 74 61 70 73 87 83 13 49 9 84 65 27 53 18 28 43 49 54 93 15 85 46 29 16 34 90 71 15 91 80 66 14 27 52 24 94 11 73 52 30 20 3 37 23 57 99 95 59 22 35 40 55 29 12 60 3 4 87 11 
4 49 99 42 78 97 39 69 28 67 65 86 48 27 61 28 23 39 66 12 33 2 31 38 83 7 77 53 54 35 97 77 51 22 66 91 70 17 59 59 36 34 70 53 95 33 90 58 0 28 2 62 71 13 31 68 80 62 58 8 43 4 54 90 13 75 76 60 35 70 51 98 93 22 86 76 44 4 85 7 2 66 97 19 54 8 71 47 26 35 56 72 64 95 12 13 50 80 68 55 70 82 42 32 83 34 74 10 89 75 96 2 20 12 73 42 
71 23 31 58 17 31 29 40 57 90 78 94 88 27 39 72 4 43 69 80 70 76 78 4 82 88 3 96 49 79 88 67 23 59 42 30 16 7 56 76 80 66 25 26 12 67 70 54 28 0 24 36 59 30 15 2 50 95 40 28 58 20 33 12 52 88 86 65 77 61 9 40 85 98 19 4 47 41 32 96 43 63 24 17 89 32 98 76 84 7 19 46 65 54 86 44 51 43 14 8 1 6 14 9 39 67 60 98 67 6 26 89 7 16 75 60 
22 14 18 89 5 23 76 33 93 29 19 75 36 53 12 43 35 64 93 96 80 2 79 26 69 57 61 26 1 45 1 87 38 88 57 78 47 22 16 13 63 22 70 87 43 59 75 56 2 24 0 20 51 23 3 76 76 51 42 9 48 84 28 10 71 19 79 70 62 84 36 36 57 54 23 14 49 22 8 7 78 29 44 85 71 98 29 74 90 7 54 14 73 55 90 51 49 39 58 35 69 66 52 25 86 48 39 85 39 32 79 79 9 37 96 73 
50 98 69 94 89 6 32 98 9 20 39 90 17 56 45 15 50 24 19 35 6 53 92 85 68 50 60 90 39 61 38 36 14 95 42 10 30 35 83 29 77 90 30 38 23 47 86 3 62 36 20 0 38 78 35 40 20 68 32 71 65 56 60 57 27 90 78 31 53 89 32 84 44 1 52 11 73 40 77 14 70 70 50 12 13 60 14 90 32 20 26 65 87 67 19 87 92 99 99 37 49 15 41 46 79 64 1 55 21 85 24 56 60 41 38 3 
58 54 65 77 28 92 52 8 56 18 12 24 88 8 44 94 89 41 69 7 34 93 97 65 62 48 73 30 8 68 67 45 16 65 80 24 45 48 42 46 77 58 78 16 85 80 69 34 71 59 51 38 0 35 70 44 91 41 84 61 46 19 69 27 61 46 59 24 2 41 14 78 63 52 95 48 62 58 65 98 24 2 3 68 84 5 9 78 15 14 99 7 96 69 98 87 29 74 35 84 59 49 10 15 32 25 25 23 75 26 20 97 75 62 86 8 
4 85 61 83 51 96 67 34 77 6 57 95 91 63 8 52 71 64 17 70 65 65 43 1 84 73 41 52 22 43 43 79 85 79 45 91 20 46 64 50 75 1 25 23 29 38 62 45 13 30 23 78 35 0 54 89 62 76 69 18 44 29 18 53 49 92 95 60 22 87 72 93 10 11 21 84 16 47 39 20 61 7 24 32 92 1 84 72 10 68 66 3 66 48 87 26 20 5 53 71 5 23 63 60 41 70 71 24 77 32 59 28 73 31 19 57 
69 11 79 12 69 23 68 63 47 80 53 91 79 32 63 19 38 64 79 86 54 76 19 53 70 60 16 68 6 23 62 99 47 88 95 9 84 43 28 95 71 78 43 92 57 54 44 54 31 15 3 35 70 54 0 45 37 60 89 57 84 57 2 49 9 55 24 94 54 71 24 43 69 62 31 73 27 36 89 95 22 61 33 91 87 19 10 30 75 31 59 40 95 26 74 74 54 76 78 61 27 7 85 68 78 34 92 52 37 34 84 41 14 65 52 74 
25 97 18 37 4 77 33 15 50 11 84 14 88 80 57 79 34 32 60 45 54 79 84 82 39 94 38 48 16 42 19 1 39 72 80 92 75 26 97 23 48 68 11 37 33 91 47 38 68 2 76 40 44 89 45 0 7 57 22 60 31 46 69 58 20 83 32 71 61 76 34 18 79 97 1 83 42 68 86 63 35 25 98 73 13 51 64 65 34 60 36 20 7 24 97 61 19 97 63 10 24 41 77 98 7 80 35 81 7 33 13 71 96 52 46 18 
44 56 40 17 59 23 75 78 12 30 77 12 58 93 97 11 13 19 57 71 54 63 90 47 75 83 8 21 78 69 1 39 90 87 87 15 80 36 83 77 79 16 66 46 59 89 54 63 80 50 76 20 91 62 37 7 0 88 87 85 7 58 58 84 73 7 88 19 31 7 88 14 54 62 41 39 17 48 39 98 1 66 49 70 32 66 1 76 77 20 85 83 64 39 55 87 13 22 19 46 60 61 13 29 12 14 61 83 60 88 84 3 34 92 10 3 
77 62 36 31 13 19 33 44 9 18 69 43 25 77 94 36 38 41 45 73 13 77 89 85 64 81 83 72 81 42 46 19 55 83 34 88 45 76 90 57 32 71 86 67 87 34 75 74 62 95 51 68 41 76 60 57 88 0 77 44 82 18 89 54 51 76 7 37 95 17 77 99 63 23 71 70 83 16 96 19 22 10 3 79 79 7 97 60 37 26 6 62 9 7 21 57 14 94 4 79 6 82 91 40 99 8 33 11 69 45 99 82 80 98 20 50 
27 57 82 85 3 94 98 62 62 82 26 11 56 47 53 50 80 6 36 13 81 49 57 18 73 99 39 80 64 40 83 82 28 1 55 48 99 27 72 90 34 4 54 4 69 35 13 61 58 40 42 32 84 69 89 22 87 77 0 67 62 51 26 41 25 56 3 87 6 10 95 81 26 54 72 66 56 64 8 69 87 40 58 74 78 39 32 77 60 82 28 90 40 9 4 15 99 10 76 79 82 65 74 84 16 65 53 48 27 54 17 26 8 25 5 10 
53 90 29 58 77 30 6 86 75 47 70 89 50 88 25 94 66 93 40 47 97 37 43 55 13 93 48 9 98 81 95 37 30 43 16 73 13 54 74 39 44 48 21 59 67 26 36 70 8 28 9 71 61 18 57 60 85 44 67 0 26 37 90 81 53 70 55 26 42 19 12 81 4 2 18 51 91 19 46 45 49 21 92 17 36 30 8 29 7 30 98 97 95 3 89 91 61 70 1 87 15 69 74 16 87 90 45 68 16 51 35 53 15 71 31 29 
81 22 23 36 97 19 1 37 24 8 32 25 53 71 44 80 7 80 62 83 34 50 5 36 35 39 61 24 31 43 72 49 49 35 28 38 87 88 97 87 10 43 14 96 23 79 18 73 43 58 48 65 46 44 84 31 7 82 62 26 0 93 73 35 60 15 81 13 87 64 86 79 3 10 76 31 33 20 68 77 31 71 9 18 75 67 49 66 17 33 18 78 59 12 67 34 8 7 5 63 1 22 21 38 51 59 82 79 7 47 13 62 50 52 28 60 
42 97 39 42 97 53 38 13 89 18 60 48 25 70 52 90 80 83 33 8 52 15 12 79 25 11 61 61 33 68 71 4 16 67 38 42 78 75 61 12 57 2 27 73 3 20 12 87 4 20 84 56 19 29 57 46 58 18 51 37 93 0 15 22 88 54 14 75 35 50 71 24 54 52 13 71 11 99 5 97 12 75 38 32 44 95 38 87 1 39 26 23 45 94 47 86 14 32 47 82 67 37 53 35 32 14 48 19 26 64 87 6 24 20 31 5 
83 84 42 82 62 32 73 54 90 87 63 69 16 56 11 5 93 75 68 30 56 74 25 61 84 88 49 57 73 99 97 52 74 58 6 90 50 67 90 20 87 82 7 73 74 84 5 83 54 33 28 60 69 18 2 69 58 89 26 90 73 15 0 8 52 99 67 65 28 96 56 1 44 44 91 63 65 5 7 25 24 28 31 69 26 94 51 68 3 99 86 57 19 13 25 38 70 65 59 1 65 14 22 38 99 15 18 91 90 23 21 51 73 49 11 24 
16 26 75 3 16 50 44 27 83 62 30 44 68 93 95 6 4 41 54 61 81 22 23 51 35 66 83 10 45 14 54 49 30 93 65 31 32 78 80 89 47 48 32 90 2 53 88 13 90 12 10 57 27 53 49 58 84 54 41 81 35 22 8 0 97 66 13 21 86 22 47 32 27 35 59 91 83 70 15 80 84 79 63 26 68 18 20 55 38 1 81 62 62 4 17 54 78 25 65 20 72 63 54 5 5 72 84 70 80 61 98 54 33 88 7 3 
65 15 78 86 75 99 25 83 83 65 67 92 74 99 50 87 33 26 63 83 55 33 7 47 23 96 9 47 41 26 1 4 52 7 35 40 54 61 89 51 38 17 84 17 34 76 27 49 13 52 71 27 61 49 9 20 73 51 25 53 60 88 52 97 0 41 6 22 4 12 80 68 7 76 47 17 64 5 20 41 38 63 59 6 80 87 75 45 11 7 33 41 9 67 96 73 58 25 95 34 48 95 53 92 12 37 7 61 30 50 56 7 41 64 8 76 
69 14 71 94 13 84 17 13 6 8 33 14 47 88 19 30 86 69 76 74 13 72 5 24 90 89 86 61 68 39 43 89 50 71 43 6 88 53 23 75 37 69 50 86 81 85 66 9 75 88 19 90 46 92 55 83 7 76 56 70 15 54 99 66 41 0 27 56 32 83 96 55 78 77 7 96 91 79 58 14 84 24 21 66 91 85 55 67 84 88 38 17 8 81 69 16 16 83 21 48 21 59 10 97 56 60 89 8 26 10 11 37 40 21 83 76 
26 85 26 37 19 94 97 26 43 30 72 7 21 86 11 54 45 50 9 47 86 1 80 66 41 60 69 66 25 76 41 58 89 3 88 34 93 50 35 92 11 22 66 75 8 64 17 84 76 86 79 78 59 95 24 32 88 7 3 55 81 14 67 13 6 27 0 29 99 41 86 84 6 11 49 61 68 60 34 22 77 84 7 22 15 42 66 79 69 39 92 54 81 95 13 90 78 61 58 52 15 68 49 55 10 23 34 99 57 81 15 32 20 43 32 74 
99 44 49 47 31 46 97 2 47 56 61 3 67 75 62 81 30 83 35 87 11 47 29 1 88 74 40 63 79 6 40 17 65 13 45 75 79 37 56 91 51 62 55 33 64 97 76 65 60 65 70 31 24 60 94 71 19 37 87 26 13 75 65 21 22 56 29 0 28 62 15 54 41 91 44 12 74 73 32 52 59 16 49 4 26 65 29 69 60 60 84 78 5 70 67 74 44 88 84 74 79 63 5 73 41 98 13 19 55 36 20 32 10 71 30 33 
88 7 51 81 60 52 42 42 22 29 94 68 95 16 40 73 47 87 34 85 82 25 54 33 76 96 64 22 68 93 25 88 14 91 91 20 3 61 8 41 78 30 1 63 70 80 26 27 35 77 62 53 2 22 54 61 31 95 6 42 87 35 28 86 4 32 99 28 0 86 95 87 85 84 12 85 97 96 83 29 90 37 18 96 22 11 80 62 40 89 91 72 84 46 13 20 45 20 85 64 42 64 31 52 12 54 32 75 92 69 11 21 88 73 78 1 
8 78 63 28 6 87 25 56 52 44 73 94 13 15 7 30 68 47 93 98 79 81 31 13 78 92 55 14 51 23 41 64 53 5 43 94 70 96 38 60 20 45 51 7 6 99 64 53 70 61 84 89 41 87 71 76 7 17 10 19 64 50 96 22 12 83 41 62 86 0 39 89 48 6 47 75 72 94 58 18 47 38 88 88 74 4 51 64 64 61 53 49 52 7 64 94 2 25 23 89 49 35 23 40 19 64 75 89 18 8 28 87 79 3 51 17 
27 57 45 73 17 16 22 56 74 99 28 5 26 57 8 39 67 14 26 48 72 38 22 91 39 35 14 23 49 40 93 87 95 1 45 38 97 48 99 3 46 97 82 74 43 42 25 18 51 9 36 32 14 72 24 34 88 77 95 12 86 71 56 47 80 96 86 15 95 39 0 44 80 12 78 14 95 39 1 72 27 93 77 95 89 55 17 63 74 57 54 40 19 65 79 69 59 51 54 44 48 51 48 88 95 55 75 66 4 45 12 53 57 41 15 39 
26 60 55 29 96 72 28 65 43 56 98 29 1 88 80 79 29 22 68 89 85 17 28 76 76 51 62 28 36 74 73 22 60 35 53 90 23 70 1 9 35 67 38 38 16 39 17 28 98 40 36 84 78 93 43 18 14 99 81 81 79 24 1 32 68 55 84 54 87 89 44 0 98 14 47 62 6 62 15 78 66 93 48 77 14 6 23 42 7 16 31 47 93 33 19 30 72 4 1 51 70 41 36 52 16 50 9 68 66 35 35 86 39 3 46 59 
23 16 1 3 97 49 47 16 14 6 94 36 98 2 13 55 58 81 2 74 30 53 6 26 22 52 41 26 53 15 32 34 35 77 89 16 43 35 76 76 36 35 77 3 36 40 80 43 93 85 57 44 63 10 69 79 54 63 26 4 3 54 44 27 7 78 6 41 85 48 80 98 0 18 34 93 9 45 6 10 42 51 74 78 63 8 33 80 67 42 78 77 49 92 14 76 2 33 28 10 37 8 55 12 90 37 81 59 77 64 24 33 66 80 76 74 
10 25 87 14 61 29 36 93 19 51 69 83 99 85 1 43 85 82 99 77 13 69 36 56 16 83 74 18 32 48 5 95 4 9 58 13 3 62 74 72 8 89 71 46 47 7 85 49 22 98 54 1 52 11 62 97 62 23 54 2 10 52 44 35 76 77 11 91 84 6 12 14 18 0 63 18 87 66 6 77 60 45 93 30 57 57 68 54 18 13 53 83 94 20 61 58 34 62 89 74 80 33 61 71 19 35 74 39 72 23 16 55 28 24 27 12 
68 10 17 42 44 84 63 41 24 93 39 78 78 76 4 65 44 95 9 88 64 93 73 70 56 83 75 33 2 72 30 32 65 24 81 98 21 33 64 30 72 87 21 14 82 9 57 54 86 19 23 52 95 21 31 1 41 71 72 18 76 13 91 59 47 7 49 44 12 47 78 47 34 63 0 61 31 62 98 74 45 81 24 65 72 18 65 13 85 39 77 38 38 84 44 88 78 14 44 91 28 47 69 5 99 32 59 90 42 64 97 83 55 88 40 72 
24 67 20 37 32 28 69 61 46 64 61 47 12 77 52 69 95 50 90 46 8 91 83 6 69 52 69 94 65 2 36 69 81 62 3 65 57 48 58 96 2 78 55 42 24 1 20 93 76 4 14 11 48 84 73 83 39 70 66 51 31 71 63 91 17 96 61 12 85 75 14 62 93 18 61 0 37 40 71 17 11 26 48 12 79 64 44 94 42 24 34 89 47 26 46 31 95 87 26 97 38 7 23 30 84 32 88 98 54 16 84 87 16 79 36 7 
28 72 10 41 45 44 63 71 96 53 98 79 91 91 16 45 94 52 28 37 71 8 49 15 83 92 25 15 32 34 36 39 93 28 65 1 40 19 65 11 4 98 16 34 21 88 34 15 44 47 49 73 62 16 27 42 17 83 56 91 33 11 65 83 64 91 68 74 97 72 95 6 9 87 31 37 0 2 9 83 12 79 81 93 40 7 27 74 77 65 35 27 83 39 92 9 19 25 6 56 46 3 25 48 58 40 80 38 52 10 38 9 70 16 57 67 
38 54 93 19 25 20 33 50 53 35 10 7 25 19 68 85 21 15 30 88 83 61 52 88 69 25 26 86 19 71 49 72 58 16 74 70 38 92 40 73 47 39 46 4 5 43 66 85 4 41 22 40 58 47 36 68 48 16 64 19 20 99 5 70 5 79 60 73 96 94 39 62 45 66 62 40 2 0 38 23 76 19 7 78 72 35 41 53 25 50 7 33 67 13 59 87 33 49 46 56 33 27 16 60 57 31 67 28 94 21 49 39 23 65 62 85 
58 70 52 98 63 80 46 51 34 99 68 92 55 63 82 74 53 31 90 40 64 10 95 3 12 56 34 53 67 61 31 70 1 12 96 51 27 92 15 64 62 11 30 5 24 19 30 46 85 32 8 77 65 39 89 86 39 96 8 46 68 5 7 15 20 58 34 32 83 58 1 15 6 6 98 71 9 38 0 88 68 70 67 8 16 26 95 63 28 94 19 91 85 74 80 37 1 13 24 98 10 47 87 76 75 6 70 43 4 34 77 21 58 2 67 80 
84 37 11 39 80 71 89 33 55 84 79 81 48 46 60 51 32 11 78 38 65 35 25 92 37 69 19 26 16 20 48 54 10 86 50 48 22 74 23 14 7 22 71 31 26 45 39 29 7 96 7 14 98 20 95 63 98 19 69 45 77 97 25 80 41 14 22 52 29 18 72 78 10 77 74 17 83 23 88 0 78 62 78 79 86 51 86 17 2 22 58 23 17 68 38 61 79 81 91 1 38 77 81 82 8 61 93 24 13 51 16 64 9 3 43 18 
39 22 69 64 22 89 43 91 15 78 64 21 78 66 67 81 26 86 11 7 45 64 77 65 58 66 79 61 44 16 1 13 91 54 32 19 4 82 27 36 4 17 15 66 47 44 84 16 2 43 78 70 24 61 22 35 1 22 87 49 31 12 24 84 38 84 77 59 90 47 27 66 42 60 45 11 12 76 68 78 0 16 51 26 64 52 55 28 45 59 80 5 12 37 22 93 10 91 22 13 46 98 29 40 3 48 71 51 19 92 93 37 83 74 57 66 
9 41 24 47 20 87 58 21 58 38 21 24 41 53 16 51 64 5 62 44 70 67 41 99 28 38 47 84 40 98 80 97 39 91 32 69 63 13 16 62 9 79 14 70 32 94 54 34 66 63 29 70 2 7 61 25 66 10 40 21 71 75 28 79 63 24 84 16 37 38 93 93 51 45 81 26 79 19 70 62 16 0 5 48 39 80 76 19 50 64 71 55 43 70 42 21 17 1 40 68 36 22 87 52 91 65 4 9 60 2 10 62 25 38 96 71 
33 78 15 90 78 12 26 53 62 90 36 64 60 29 62 36 53 8 17 59 76 69 86 88 80 58 79 69 21 99 8 47 18 48 42 68 29 42 82 28 37 8 77 89 26 6 70 90 97 24 44 50 3 24 33 98 49 3 58 92 9 38 31 63 59 21 7 49 18 88 77 48 74 93 24 48 81 7 67 78 51 5 0 52 83 84 74 6 58 19 46 63 87 79 87 67 51 22 94 73 71 77 81 37 69 37 77 45 48 45 52 21 3 47 77 37 
35 92 64 3 34 66 33 39 41 55 56 72 96 88 65 73 60 55 80 2 89 14 29 59 2 98 8 90 2 54 53 41 14 61 40 67 10 58 77 6 85 54 82 75 19 3 92 71 19 17 85 12 68 32 91 73 70 79 74 17 18 32 69 26 6 66 22 4 96 88 95 77 78 30 65 12 93 78 8 79 26 48 52 0 46 15 25 85 72 31 94 96 12 51 73 69 95 80 63 49 83 36 13 82 32 71 3 71 86 26 25 53 37 2 90 52 
11 50 22 99 5 94 34 66 73 5 29 7 80 39 20 16 18 60 75 84 35 67 41 25 13 88 78 25 1 70 10 18 43 89 15 75 55 71 93 49 49 54 48 37 12 63 65 15 54 89 71 13 84 92 87 13 32 79 78 36 75 44 26 68 80 91 15 26 22 74 89 14 63 57 72 79 40 72 16 86 64 39 83 46 0 96 63 42 68 67 43 55 53 72 31 29 24 10 9 46 94 46 70 21 92 8 18 64 40 62 57 50 43 44 96 86 
24 48 47 29 40 16 7 81 66 44 46 22 90 21 45 40 23 85 77 30 15 92 48 46 2 45 9 58 46 21 25 94 53 30 3 70 2 3 27 37 82 68 44 66 54 37 20 91 8 32 98 60 5 1 19 51 66 7 39 30 67 95 94 18 87 85 42 65 11 4 55 6 8 57 18 64 7 35 26 51 52 80 84 15 96 0 90 59 98 22 27 23 91 52 59 98 71 28 4 32 11 54 44 25 23 88 16 76 68 24 55 59 67 16 92 27 
16 78 4 79 68 52 66 58 23 12 93 65 32 98 88 3 55 99 98 49 60 1 24 15 9 58 39 64 83 36 52 79 10 84 48 56 29 35 50 83 15 78 76 57 46 95 55 80 71 98 29 14 9 84 10 64 1 97 32 8 49 38 51 20 75 55 66 29 80 51 17 23 33 68 65 44 27 41 95 86 55 76 74 25 63 90 0 25 6 27 45 94 81 82 68 58 66 1 12 34 19 61 6 6 72 15 81 26 55 19 85 45 59 71 96 49 
88 41 57 76 35 99 52 53 3 30 57 51 57 52 62 36 14 42 1 56 89 35 29 78 90 42 50 13 30 39 86 62 39 51 36 66 7 81 89 68 16 13 63 78 7 60 76 66 47 76 74 90 78 72 30 65 76 60 77 29 66 87 68 55 45 67 79 69 62 64 63 42 80 54 13 94 74 53 63 17 28 19 6 85 42 59 25 0 11 91 47 73 33 29 76 4 53 34 82 56 91 20 64 12 4 40 31 23 78 63 65 57 72 36 53 47 
26 79 89 59 35 87 32 90 87 77 52 91 34 60 22 98 31 36 31 46 34 71 85 87 64 33 15 19 27 50 92 36 26 70 51 82 45 67 33 7 49 87 26 71 21 84 70 14 26 84 90 32 15 10 75 34 77 37 60 7 17 1 3 38 11 84 69 60 40 64 74 7 67 18 85 42 77 25 28 2 45 50 58 72 68 98 6 11 0 9 81 61 4 23 32 96 96 56 11 79 56 19 95 88 78 16 90 55 63 75 51 78 56 67 37 63 
72 46 81 43 43 46 8 20 2 90 5 10 39 95 1 80 24 57 4 9 25 17 90 33 91 28 18 27 8 82 76 59 58 39 33 51 68 88 26 39 44 86 26 17 6 20 71 27 35 7 7 20 14 68 31 60 20 26 82 30 33 39 99 1 7 88 39 60 89 61 57 16 42 13 39 24 65 50 94 22 59 64 19 31 67 22 27 91 9 0 37 14 66 53 27 73 90 93 92 48 99 13 54 43 17 49 21 8 85 24 77 38 16 5 16 9 
93 88 47 27 79 64 14 95 73 33 80 93 93 65 64 16 51 14 82 35 4 38 38 92 16 56 46 78 53 59 15 32 82 84 33 49 33 72 99 19 44 29 73 43 68 24 94 52 56 19 54 26 99 66 59 36 85 6 28 98 18 26 86 81 33 38 92 84 91 53 54 31 78 53 77 34 35 7 19 58 80 71 46 94 43 27 45 47 81 37 0 49 37 67 78 19 45 39 12 30 97 74 6 94 31 45 2 39 5 33 86 71 61 4 13 68 
75 17 55 22 83 43 4 65 52 51 76 68 21 15 95 16 22 12 65 30 42 18 6 73 86 64 58 26 4 13 82 31 52 75 42 5 30 15 53 72 58 14 43 98 12 31 23 24 72 46 14 65 7 3 40 20 83 62 90 97 78 23 57 62 41 17 54 78 72 49 40 47 77 83 38 89 27 33 91 23 5 55 63 96 55 23 94 73 61 14 49 0 12 14 29 4 98 71 29 75 90 16 42 14 2 52 77 84 72 56 10 81 8 28 45 6 
63 29 80 59 39 23 29 43 72 52 32 86 15 98 85 95 72 53 39 1 31 39 24 39 81 81 78 1 22 76 62 49 70 96 43 51 70 27 61 54 86 62 62 58 45 18 82 94 64 65 73 87 96 66 95 7 64 9 40 95 59 45 19 62 9 8 81 5 84 52 19 93 49 94 38 47 83 67 85 17 12 43 87 12 53 91 81 33 4 66 37 12 0 47 79 96 70 51 65 88 61 33 88 28 45 45 44 25 19 76 80 1 55 47 95 2 
47 46 72 17 49 83 16 48 88 43 77 34 10 53 2 67 4 67 68 80 23 83 69 84 85 92 88 23 84 54 41 31 54 48 96 57 13 40 78 16 68 7 45 94 45 99 29 11 95 54 55 67 69 48 26 24 39 7 9 3 12 94 13 4 67 81 95 70 46 7 65 33 92 20 84 26 39 13 74 68 37 70 79 51 72 52 82 29 23 53 67 14 47 0 20 71 71 35 63 10 5 63 49 47 49 91 81 11 71 26 20 9 65 3 73 65 
33 68 15 93 82 41 30 22 78 24 53 72 68 45 85 35 24 22 31 20 54 15 21 21 28 77 27 15 80 25 13 97 90 6 17 79 91 91 6 53 47 58 45 6 27 40 98 73 12 86 90 19 98 87 74 97 55 21 4 89 67 47 25 17 96 69 13 67 13 64 79 19 14 61 44 46 92 59 80 38 22 42 87 73 31 59 68 76 32 27 78 29 79 20 0 94 20 74 67 32 66 65 69 46 92 94 23 98 55 62 48 25 24 27 34 84 
89 67 78 38 6 45 67 98 63 90 39 9 82 17 61 84 13 82 22 5 97 38 14 25 94 57 32 75 63 96 28 97 70 60 84 39 16 59 47 47 51 46 54 90 86 56 74 52 13 44 51 87 87 26 74 61 87 57 15 91 34 86 38 54 73 16 90 74 20 94 69 30 76 58 88 31 9 87 37 61 93 21 67 69 29 98 58 4 96 73 19 4 96 71 94 0 95 41 19 15 39 64 7 72 53 15 44 80 84 41 22 61 97 23 49 86 
24 79 16 12 92 17 62 2 49 44 84 52 80 65 77 94 78 95 27 72 92 63 57 72 8 27 59 40 70 23 45 21 30 12 29 11 75 46 65 98 3 62 33 88 57 24 58 30 50 51 49 92 29 20 54 19 13 14 99 61 8 14 70 78 58 16 78 44 45 2 59 72 2 34 78 95 19 33 1 79 10 17 51 95 24 71 66 53 96 90 45 98 70 71 20 95 0 72 96 38 85 67 57 51 66 89 21 1 76 15 94 27 72 91 75 27 
56 47 26 23 9 18 84 90 1 89 81 34 4 31 23 19 8 35 96 2 92 1 30 28 15 63 24 76 68 34 1 7 91 36 32 95 93 83 11 75 1 52 29 30 81 17 51 20 80 43 39 99 74 5 76 97 22 94 10 70 7 32 65 25 25 83 61 88 20 25 51 4 33 62 14 87 25 49 13 81 91 1 22 80 10 28 1 34 56 93 39 71 51 35 74 41 72 0 6 99 76 68 16 78 25 27 57 79 2 22 79 1 91 61 75 53 
66 1 54 7 41 89 97 39 43 96 75 62 48 83 15 75 53 62 11 9 83 34 29 38 76 54 38 20 9 25 55 75 63 52 92 25 17 85 98 54 82 94 6 96 54 10 21 3 68 14 58 99 35 53 78 63 19 4 76 1 5 47 59 65 95 21 58 84 85 23 54 1 28 89 44 26 6 46 24 91 22 40 94 63 9 4 12 82 11 92 12 29 65 63 67 19 96 6 0 88 44 64 29 59 92 13 95 14 9 70 27 64 4 5 35 60 
78 30 85 97 70 1 59 13 40 29 71 8 71 11 25 19 31 92 70 27 98 50 92 96 13 93 43 10 73 31 65 36 77 85 12 40 24 53 2 4 59 7 21 70 38 92 30 37 55 8 35 37 84 71 61 10 46 79 79 87 63 82 1 20 34 48 52 74 64 89 44 51 10 74 91 97 56 56 98 1 13 68 73 49 46 32 34 56 79 48 30 75 88 10 32 15 38 99 88 0 8 76 41 20 69 28 88 6 1 83 45 54 55 89 68 30 
4 64 59 15 6 98 83 19 4 65 27 60 43 46 47 26 27 86 34 41 37 78 55 83 62 23 94 72 44 88 17 37 21 74 39 59 16 14 57 25 19 58 62 87 47 31 33 23 70 1 69 49 59 5 27 24 60 6 82 15 1 67 65 72 48 21 15 79 42 49 48 70 37 80 28 38 46 33 10 38 46 36 71 83 94 11 19 91 56 99 97 90 61 5 66 39 85 76 44 8 0 22 37 40 54 64 17 96 72 77 63 73 22 74 19 83 
1 76 86 88 8 83 35 78 58 87 58 42 6 89 33 18 9 61 37 90 7 32 29 17 21 39 90 54 96 1 91 74 56 13 88 56 12 10 73 44 46 41 8 42 12 49 44 57 82 6 66 15 49 23 7 41 61 82 65 69 22 37 14 63 95 59 68 63 64 35 51 41 8 33 47 7 3 27 47 77 98 22 77 36 46 54 61 20 19 13 74 16 33 63 65 64 67 68 64 76 22 0 55 75 74 4 31 79 70 99 97 17 33 49 18 24 
78 36 30 76 79 72 31 78 44 59 31 28 21 79 81 50 97 93 10 33 39 58 64 55 38 21 82 67 90 88 18 39 89 36 17 1 5 26 92 26 66 8 52 82 65 50 92 99 42 14 52 41 10 63 85 77 13 91 74 74 21 53 22 54 53 10 49 5 31 23 48 36 55 61 69 23 25 16 87 81 29 87 81 13 70 44 6 64 95 54 6 42 88 49 69 7 57 16 29 41 37 55 0 76 94 92 65 89 64 71 60 96 28 55 36 30 
7 54 45 36 38 15 58 89 54 89 65 52 58 60 71 38 85 99 1 71 99 59 82 97 63 59 97 28 77 36 60 72 96 17 57 39 72 48 57 27 28 5 98 52 57 38 48 95 32 9 25 46 15 60 68 98 29 40 84 16 38 35 38 5 92 97 55 73 52 40 88 52 12 71 5 30 48 60 76 82 40 52 37 82 21 25 6 12 88 43 94 14 28 47 46 72 51 78 59 20 40 75 76 0 29 33 54 98 78 81 77 84 4 89 70 58 
53 94 38 64 79 37 97 91 44 52 39 41 60 98 55 21 82 92 56 97 32 74 61 53 67 44 27 89 73 46 91 57 2 10 10 94 95 65 22 2 97 93 51 47 84 52 47 59 83 39 86 79 32 41 78 7 12 99 16 87 51 32 99 5 12 56 10 41 12 19 95 16 90 19 99 84 58 57 75 8 3 91 69 32 92 23 72 4 78 17 31 2 45 49 92 53 66 25 92 69 54 74 94 29 0 89 81 48 19 35 70 77 85 33 27 1 
86 34 23 33 34 27 50 84 75 23 19 72 55 43 25 41 74 75 70 8 63 77 70 74 34 20 47 3 59 64 96 72 63 85 65 86 25 89 87 7 84 8 84 59 23 22 58 22 34 67 48 64 25 70 34 80 14 8 65 90 59 14 15 72 37 60 23 98 54 64 55 50 37 35 32 32 40 31 6 61 48 65 37 71 8 88 15 40 16 49 45 52 45 91 94 15 89 27 13 28 64 4 92 33 89 0 75 20 45 29 4 53 93 58 9 62 
71 3 92 92 28 33 47 40 99 11 96 46 78 65 78 53 40 9 11 39 48 29 84 6 58 46 19 72 69 9 38 68 55 59 84 96 81 40 38 19 59 19 22 40 57 1 80 35 74 60 39 1 25 71 92 35 61 33 53 45 82 48 18 84 7 89 34 13 32 75 75 9 81 74 59 88 80 67 70 93 71 4 77 3 18 16 81 31 90 21 2 77 44 81 23 44 21 57 95 88 17 31 65 54 81 75 0 11 20 28 99 7 36 54 9 22 
3 85 55 50 52 2 84 99 98 32 42 95 25 6 90 24 57 76 4 82 63 77 73 67 75 76 25 86 59 42 73 50 11 49 27 71 38 86 73 35 21 52 10 84 77 32 2 40 10 98 85 55 23 24 52 81 83 11 48 68 79 19 91 70 61 8 99 19 75 89 66 68 59 39 90 98 38 28 43 24 51 9 45 71 64 76 26 23 55 8 39 84 25 11 98 80 1 79 14 6 96 79 89 98 48 20 11 0 87 31 96 69 13 52 23 21 
77 84 77 1 78 49 42 16 76 10 96 10 59 91 36 19 61 82 40 30 35 54 80 81 73 38 40 20 82 15 84 62 32 22 3 74 64 22 75 32 97 73 78 16 75 94 13 55 89 67 39 21 75 77 37 7 60 69 27 16 7 26 90 80 30 26 57 55 92 18 4 66 77 72 42 54 52 94 4 13 19 60 48 86 40 68 55 78 63 85 5 72 19 71 55 84 76 2 9 1 72 70 64 78 19 45 20 87 0 94 33 91 96 2 38 25 
92 49 13 23 31 89 21 38 60 7 58 89 80 77 58 80 26 28 78 4 72 59 49 95 6 85 76 15 64 63 82 83 70 48 39 56 61 46 93 97 44 3 12 76 72 19 40 29 75 6 32 85 26 32 34 33 88 45 54 51 47 64 23 61 50 10 81 36 69 8 45 35 64 23 64 16 10 21 34 51 92 2 45 26 62 24 19 63 75 24 33 56 76 26 62 41 15 22 70 83 77 99 71 81 35 29 28 31 94 0 83 1 7 68 82 5 
22 55 60 98 44 23 41 97 67 31 49 47 37 56 32 52 66 26 38 75 43 32 53 51 1 35 40 14 93 11 40 99 96 72 86 16 82 45 15 81 85 83 68 94 37 40 20 12 96 26 79 24 20 59 84 13 84 99 17 35 13 87 21 98 56 11 15 20 11 28 12 35 24 16 97 84 38 49 77 16 93 10 52 25 57 55 85 65 51 77 86 10 80 20 48 22 94 79 27 45 63 97 60 77 70 4 99 96 33 83 0 13 15 59 5 85 
76 33 27 71 47 35 51 37 75 68 43 59 81 43 40 33 96 87 17 51 21 95 93 3 3 88 7 98 53 30 44 84 48 57 31 97 50 89 15 99 12 47 36 94 51 45 56 60 2 89 79 56 97 28 41 71 3 82 26 53 62 6 51 54 7 37 32 32 21 87 53 86 33 55 83 87 9 39 21 64 37 62 21 53 50 59 45 57 78 38 71 81 1 9 25 61 27 1 64 54 73 17 96 84 77 53 7 69 91 1 13 0 94 50 22 41 
8 29 77 37 10 95 5 99 92 19 53 22 59 21 15 38 28 37 26 92 91 14 93 90 5 59 69 83 38 31 71 86 49 52 87 50 79 84 50 44 99 19 38 53 32 50 60 3 20 7 9 60 75 73 14 96 34 80 8 15 50 24 73 33 41 40 20 10 88 79 57 39 66 28 55 16 70 23 58 9 83 25 3 37 43 67 59 72 56 16 61 8 55 65 24 97 72 91 4 55 22 33 28 4 85 93 36 13 96 7 15 94 0 82 18 67 
78 56 72 19 68 22 10 2 6 13 23 55 52 89 94 31 19 15 47 17 51 39 97 33 65 2 40 23 48 38 91 88 11 68 54 56 12 69 89 52 91 87 42 57 24 45 58 4 12 16 37 41 62 31 65 52 92 98 25 71 52 20 49 88 64 21 43 71 73 3 41 3 80 24 88 79 16 65 2 3 74 38 47 2 44 16 71 36 67 5 4 28 47 3 27 23 91 61 5 89 74 49 55 89 33 58 54 52 2 68 59 50 82 0 54 47 
73 83 88 28 4 69 1 33 27 74 65 1 64 69 49 41 87 4 8 50 23 92 58 8 58 41 47 62 52 98 24 48 41 4 32 7 1 68 46 37 47 30 10 26 29 24 67 87 73 75 96 38 86 19 52 46 10 20 5 31 28 31 11 7 8 83 32 30 78 51 15 46 76 27 40 36 57 62 67 43 57 96 77 90 96 92 96 53 37 16 13 45 95 73 34 49 75 75 35 68 19 18 36 70 27 9 9 23 38 82 5 22 18 54 0 33 
76 32 40 29 68 68 91 31 68 75 71 20 74 19 14 51 2 93 44 43 3 88 95 90 36 86 22 82 24 40 31 1 26 93 31 33 48 71 87 83 38 36 16 80 1 37 89 11 42 60 73 3 8 57 74 18 3 50 10 29 60 5 24 3 76 76 74 33 1 17 39 59 74 12 72 7 67 85 80 18 66 71 37 52 86 27 49 47 63 9 68 6 2 65 84 86 27 53 60 30 83 24 30 58 1 62 22 21 25 5 85 41 67 47 33 0 
