125
0 38 13 73 10 76 6 80 65 17 2 77 72 7 26 51 21 19 85 12 29 30 15 51 69 88 88 95 97 87 14 10 8 64 62 23 58 2 1 61 82 9 89 14 48 73 31 72 4 71 22 50 58 4 69 25 44 77 27 53 81 42 83 16 65 69 26 99 88 8 27 26 23 10 68 24 28 38 58 84 39 9 33 35 11 24 16 88 26 72 93 75 63 47 33 89 24 56 66 78 4 1 78 7 53 86 71 3 77 92 22 76 8 78 73 76 77 44 21 31 37 8 46 69 58 
38 0 83 97 14 11 24 82 8 25 75 93 21 33 13 66 95 61 25 83 98 3 93 99 11 55 97 83 87 71 67 72 49 55 16 6 18 43 21 49 23 14 98 54 85 11 97 56 62 57 90 22 97 84 26 15 14 85 44 7 78 57 60 16 25 10 67 72 54 70 37 22 41 78 92 50 48 78 41 79 46 88 17 29 46 68 67 79 47 1 30 64 76 36 54 94 34 3 85 84 49 55 33 29 56 83 32 29 95 75 9 33 9 85 78 51 80 42 65 84 25 21 45 16 31 
13 83 0 92 15 20 27 87 8 54 48 61 35 33 20 68 25 84 95 39 48 6 80 64 88 33 43 75 67 89 99 31 18 69 65 61 79 18 40 36 82 29 23 39 42 75 78 71 26 49 51 63 45 55 1 87 17 20 10 93 52 11 69 24 15 64 22 47 4 57 89 81 47 55 80 72 15 78 16 26 54 85 59 86 30 45 38 23 92 55 77 13 60 27 77 72 88 40 44 77 39 92 70 99 34 44 27 57 70 74 53 90 28 44 2 83 95 97 27 85 31 65 23 99 53 
73 97 92 0 4 71 13 40 84 49 62 71 14 37 24 23 67 93 96 54 10 42 58 89 94 77 83 12 37 17 31 85 58 36 42 82 3 86 94 37 47 81 28 73 29 3 14 42 37 41 19 98 39 64 47 90 3 99 29 79 76 59 43 27 22 59 17 93 38 12 23 7 97 15 88 76 36 64 33 92 50 1 23 98 71 37 19 28 29 53 95 51 47 8 86 17 30 12 62 15 31 9 41 49 31 24 67 93 65 13 18 34 11 29 76 6 82 6 43 87 53 58 57 79 88 
10 14 15 4 0 82 11 73 49 20 13 26 78 17 5 89 28 51 69 4 59 13 3 77 97 97 62 16 75 13 19 31 60 6 17 96 97 61 44 32 45 25 63 80 22 20 78 34 5 40 68 35 35 43 79 83 39 49 82 6 92 9 41 70 6 8 79 38 79 34 28 52 78 31 44 47 10 68 4 68 55 98 64 81 29 38 65 38 94 19 79 71 93 53 11 33 47 64 94 19 37 30 40 29 55 30 56 91 28 61 13 18 72 92 8 84 57 52 33 77 63 52 97 31 23 
76 11 20 71 82 0 6 92 96 23 77 23 19 94 30 19 53 32 50 99 84 94 46 52 87 16 72 49 29 84 28 44 20 80 71 89 87 12 66 94 16 52 99 87 46 64 43 23 83 41 45 17 18 89 1 98 83 72 15 37 27 33 2 49 89 23 35 95 22 69 68 49 19 98 12 12 53 77 69 46 65 90 41 8 8 34 59 8 35 5 6 62 51 77 46 97 22 93 72 93 26 98 2 14 39 86 28 39 85 34 2 32 39 29 76 32 52 67 68 33 75 33 98 6 1 
6 24 27 13 11 6 0 38 73 44 25 17 97 97 42 25 22 28 47 36 63 69 63 33 46 89 43 58 26 33 34 7 66 52 32 8 14 4 29 16 30 67 62 84 97 59 83 35 31 58 97 50 47 84 42 21 41 51 5 10 1 91 22 75 22 34 39 38 44 34 96 42 72 70 71 24 87 40 32 38 39 57 88 29 37 67 11 85 1 17 31 4 79 60 54 70 50 75 47 28 34 73 69 40 33 98 8 34 63 15 78 44 62 86 37 13 54 27 83 13 26 2 42 56 56 
80 82 87 40 73 92 38 0 65 16 93 41 61 71 50 51 33 91 21 53 39 66 81 58 53 90 20 95 65 43 48 22 98 2 90 39 13 19 78 78 89 91 84 40 99 16 38 97 37 99 2 33 31 8 51 51 33 44 42 70 2 98 52 31 83 50 82 83 96 72 22 19 47 45 92 10 5 78 64 24 96 60 65 83 32 2 85 79 69 55 26 84 28 57 93 9 56 77 47 50 12 9 62 75 24 89 90 83 83 6 43 47 22 52 74 43 14 19 24 46 96 53 34 55 15 
65 8 8 84 49 96 73 65 0 58 62 41 73 66 23 3 87 2 73 52 72 88 78 63 49 1 43 40 4 58 44 54 44 75 99 98 76 60 67 75 92 6 27 68 32 12 4 55 2 14 60 57 82 9 39 5 71 77 74 6 80 85 60 32 91 8 67 33 47 76 83 45 65 38 48 74 91 85 16 66 53 70 67 90 29 20 18 6 80 11 30 18 82 47 8 18 87 62 65 8 30 56 29 44 99 56 6 51 93 64 53 35 99 84 78 38 90 55 5 44 12 30 77 90 33 
17 25 54 49 20 23 44 16 58 0 51 52 43 24 90 44 89 96 29 65 87 59 89 52 23 11 32 10 7 31 68 19 13 74 75 92 66 86 54 43 7 10 37 88 60 9 54 88 19 22 68 15 21 86 10 43 67 21 17 59 78 43 36 76 29 86 35 45 93 83 9 31 65 78 19 39 12 57 53 84 77 69 26 70 32 60 63 30 67 33 72 61 94 73 28 98 94 69 39 61 98 10 68 79 64 21 36 56 29 46 93 57 52 5 80 76 32 77 53 39 84 81 75 71 27 
2 75 48 62 13 77 25 93 62 51 0 58 31 65 39 19 96 42 96 58 49 43 53 23 65 71 62 61 97 28 1 27 51 21 27 66 78 19 61 83 60 63 39 24 69 70 62 88 67 20 37 18 22 78 27 33 9 9 21 69 83 55 86 94 75 90 24 95 91 14 12 43 11 89 25 48 69 44 92 14 7 3 68 94 5 29 36 83 78 47 79 7 92 81 21 24 64 72 7 22 65 51 91 10 93 68 86 34 72 9 52 34 62 8 60 42 28 52 41 72 46 95 10 89 47 
77 93 61 71 26 23 17 41 41 52 58 0 59 22 55 1 20 20 86 28 98 22 95 19 68 36 96 30 23 57 11 43 73 32 13 83 8 88 9 62 24 35 95 4 56 69 16 25 95 63 27 99 48 88 36 17 88 91 79 88 58 25 56 50 53 25 16 68 74 47 21 67 95 13 26 1 98 99 78 12 91 25 55 48 78 41 60 96 80 90 32 57 34 39 93 21 15 10 68 82 80 4 48 71 43 6 21 58 60 55 78 25 59 80 37 81 59 52 64 74 84 89 83 56 79 
72 21 35 14 78 19 97 61 73 43 31 59 0 71 28 24 54 70 69 24 47 40 67 78 27 25 18 88 2 46 59 22 18 57 34 44 76 99 3 97 91 84 27 27 53 56 8 63 32 80 93 77 47 88 71 70 56 93 99 88 86 75 16 15 57 88 2 85 76 77 91 19 63 46 66 53 29 88 39 21 98 52 60 95 65 15 98 53 45 17 65 31 83 11 46 89 79 60 98 43 65 6 91 77 56 43 21 89 69 19 93 50 84 16 18 62 8 65 56 3 91 5 17 78 69 
7 33 33 37 17 94 97 71 66 24 65 22 71 0 31 53 85 37 99 60 32 36 33 51 52 6 34 1 10 32 36 89 61 39 12 45 44 8 63 57 97 94 53 25 44 52 11 95 50 19 11 62 40 7 8 80 13 1 4 52 16 68 82 60 67 16 62 65 20 45 88 62 22 1 64 95 85 2 85 61 77 23 15 25 47 33 81 71 55 25 78 90 36 58 32 40 15 94 49 14 20 16 98 42 36 26 52 35 23 34 62 79 8 33 4 68 96 58 97 47 90 22 93 85 59 
26 13 20 24 5 30 42 50 23 90 39 55 28 31 0 65 41 79 79 63 63 48 28 72 43 15 94 52 19 79 11 36 50 94 80 90 5 6 87 30 54 81 73 30 39 79 55 43 65 69 45 85 74 51 81 51 36 73 16 40 3 36 98 80 16 16 95 67 35 84 94 19 75 19 26 18 50 38 21 41 53 24 19 80 52 33 38 31 41 51 74 69 81 16 64 65 92 21 55 24 7 25 1 49 81 29 89 2 74 22 1 77 33 41 82 84 31 88 54 34 83 23 4 35 50 
51 66 68 23 89 19 25 51 3 44 19 1 24 53 65 0 89 71 38 34 13 38 80 66 7 80 93 4 33 86 45 30 47 68 67 29 58 85 44 95 94 21 53 32 26 64 53 60 18 23 55 14 31 24 51 22 72 4 24 13 78 8 53 31 27 9 97 85 82 74 40 57 61 26 66 96 28 19 87 2 35 3 18 86 12 94 54 60 83 12 84 4 84 1 94 86 52 92 33 87 85 82 6 12 70 10 47 75 94 33 39 43 64 24 41 64 64 32 19 41 6 93 80 83 75 
21 95 25 67 28 53 22 33 87 89 96 20 54 85 41 89 0 41 26 69 50 83 87 47 14 22 81 82 95 50 52 15 31 11 86 5 8 55 60 85 99 42 36 57 14 12 53 67 22 82 95 35 62 92 86 61 93 99 92 75 9 76 82 28 26 87 37 15 4 93 85 73 44 9 56 18 61 33 99 84 28 96 53 51 81 92 80 27 38 25 57 41 53 39 20 45 21 64 22 66 69 93 19 69 17 79 60 57 45 36 40 62 33 68 54 63 76 9 35 34 93 26 68 2 99 
19 61 84 93 51 32 28 91 2 96 42 20 70 37 79 71 41 0 9 90 28 30 90 78 11 62 17 80 75 77 98 1 31 4 82 65 39 68 31 22 27 96 11 70 34 37 10 1 56 70 11 4 40 78 38 17 26 47 8 44 1 57 15 56 56 53 79 98 54 61 1 15 61 67 96 40 72 8 17 67 62 70 51 59 80 15 78 13 12 80 96 35 7 70 86 45 71 73 13 47 83 8 30 61 83 74 47 87 85 98 48 89 74 77 88 46 37 88 40 38 7 44 59 2 84 
85 25 95 96 69 50 47 21 73 29 96 86 69 99 79 38 26 9 0 30 49 56 46 9 35 30 1 80 20 5 72 2 9 27 41 90 33 71 97 8 39 82 30 4 75 51 92 17 50 43 71 9 32 26 35 55 98 97 71 6 64 95 25 47 21 23 1 70 23 28 26 65 46 39 58 53 53 33 70 80 6 34 65 54 54 54 13 81 97 34 52 56 81 55 13 86 11 82 79 72 85 30 13 64 8 71 83 64 65 45 70 76 89 35 15 60 89 34 25 4 42 31 23 54 97 
12 83 39 54 4 99 36 53 52 65 58 28 24 60 63 34 69 90 30 0 92 92 83 98 37 7 39 99 32 63 48 63 35 72 43 21 91 51 23 3 64 1 93 6 73 53 10 95 98 12 99 41 92 77 88 62 3 23 83 94 99 48 30 96 99 81 2 76 2 53 93 65 76 79 63 77 49 37 50 15 74 22 33 72 1 47 25 81 38 17 53 69 93 91 8 61 10 35 64 67 69 14 67 92 1 35 71 17 38 18 39 83 15 38 63 1 34 50 78 32 58 59 74 77 29 
29 98 48 10 59 84 63 39 72 87 49 98 47 32 63 13 50 28 49 92 0 77 54 59 32 95 14 39 92 88 60 47 63 87 62 40 72 3 60 26 58 33 31 53 92 42 79 58 46 86 26 74 75 7 3 31 78 79 92 97 43 19 84 90 89 57 43 5 12 25 23 7 5 80 29 54 31 22 28 6 36 73 83 49 52 95 25 77 41 86 29 41 48 24 29 85 90 38 6 24 69 21 14 57 30 29 92 55 29 64 82 61 70 84 73 80 49 53 93 93 97 58 95 40 91 
30 3 6 42 13 94 69 66 88 59 43 22 40 36 48 38 83 30 56 92 77 0 79 62 58 6 77 26 80 94 38 45 61 16 93 42 64 8 3 47 76 53 67 26 38 4 26 85 65 1 53 82 47 85 18 55 36 79 61 51 47 24 66 1 33 13 91 76 26 56 70 6 15 88 3 92 65 99 88 59 25 46 15 78 87 33 92 73 39 84 21 25 72 28 38 96 83 17 55 97 53 74 6 67 81 95 51 3 90 33 8 90 86 37 67 74 12 36 43 40 53 94 85 21 74 
15 93 80 58 3 46 63 81 78 89 53 95 67 33 28 80 87 90 46 83 54 79 0 8 53 70 58 63 90 84 17 29 46 83 82 69 68 62 84 70 39 75 64 73 13 35 25 84 35 23 90 41 88 76 78 39 76 22 16 56 69 83 69 12 37 58 28 80 2 13 2 9 90 64 91 16 86 81 85 28 94 8 15 76 13 62 21 38 63 67 34 58 75 73 6 1 3 5 65 58 36 31 5 76 81 15 3 53 55 16 97 89 1 60 63 2 92 68 82 42 84 45 98 7 88 
51 99 64 89 77 52 33 58 63 52 23 19 78 51 72 66 47 78 9 98 59 62 8 0 57 50 48 73 60 94 83 81 99 93 39 11 88 66 96 89 60 74 96 92 35 51 52 83 83 52 92 25 56 69 66 38 58 98 88 45 58 42 33 28 56 64 81 92 77 57 27 63 54 93 23 39 21 59 44 20 46 76 38 85 35 88 59 2 41 86 38 59 8 25 25 84 42 95 28 33 15 26 14 79 37 25 4 57 94 32 29 77 3 61 60 73 41 16 38 8 83 39 48 61 61 
69 11 88 94 97 87 46 53 49 23 65 68 27 52 43 7 14 11 35 37 32 58 53 57 0 49 83 9 86 69 40 64 55 14 62 41 74 75 69 25 26 34 19 79 47 79 8 78 9 39 50 15 18 46 58 78 88 27 32 59 24 38 43 94 90 82 97 27 47 19 25 40 76 40 7 69 40 47 22 68 74 25 72 33 13 87 66 8 3 97 21 4 86 95 36 18 18 56 44 53 96 26 90 30 52 68 48 21 72 80 9 24 61 57 10 47 61 66 63 22 14 23 28 26 18 
88 55 33 77 97 16 89 90 1 11 71 36 25 6 15 80 22 62 30 7 95 6 70 50 49 0 33 94 15 86 53 26 61 84 69 90 25 58 64 13 19 27 78 26 1 23 15 75 40 76 20 10 72 54 67 28 89 3 72 86 20 15 14 98 83 23 62 82 12 29 45 3 4 11 32 92 97 30 56 30 34 42 66 50 26 86 49 54 49 1 39 8 22 6 16 78 81 64 98 31 33 73 45 41 68 25 79 68 51 49 36 53 32 2 65 32 19 67 16 44 40 21 2 1 46 
88 97 43 83 62 72 43 20 43 32 62 96 18 34 94 93 81 17 1 39 14 77 58 48 83 33 0 83 30 27 8 53 4 22 84 80 63 70 68 9 73 44 96 90 77 73 59 69 59 82 64 93 53 38 48 52 24 71 1 24 23 88 60 9 3 19 4 15 80 68 35 82 65 45 43 35 79 45 61 68 43 23 42 69 42 40 81 43 68 99 14 26 39 76 6 93 23 40 74 15 48 72 2 34 71 61 20 16 98 99 54 70 21 36 39 50 82 59 13 76 54 25 96 23 34 
95 83 75 12 16 49 58 95 40 10 61 30 88 1 52 4 82 80 80 99 39 26 63 73 9 94 83 0 25 31 88 1 88 36 46 64 9 42 15 63 11 30 31 38 98 40 11 68 55 78 46 74 69 24 82 65 82 82 33 94 15 31 39 97 88 1 38 67 43 62 19 1 46 83 95 72 71 97 54 1 43 41 40 25 41 93 73 32 5 30 36 36 49 31 48 1 80 8 53 10 25 52 86 92 76 15 82 62 41 13 28 45 1 55 65 17 91 18 60 91 96 38 73 84 82 
97 87 67 37 75 29 26 65 4 7 97 23 2 10 19 33 95 75 20 32 92 80 90 60 86 15 30 25 0 40 44 71 91 24 31 74 64 91 49 45 95 17 60 91 45 86 49 18 52 49 7 77 67 87 36 45 79 99 1 39 19 82 37 49 4 52 49 4 89 58 17 88 64 87 22 34 95 32 69 39 72 70 54 13 97 47 41 18 94 79 62 36 59 32 31 49 31 97 97 21 7 75 36 37 74 39 72 57 72 68 50 62 83 99 84 86 88 48 1 66 22 22 40 77 61 
87 71 89 17 13 84 33 43 58 31 28 57 46 32 79 86 50 77 5 63 88 94 84 94 69 86 27 31 40 0 3 41 78 44 84 60 67 79 86 51 23 38 14 16 85 47 39 90 55 28 30 49 16 74 30 52 50 89 65 14 53 95 60 35 4 65 81 93 58 1 10 91 39 18 14 43 53 10 39 26 58 82 52 70 54 90 70 30 91 63 77 21 56 89 96 2 63 55 11 32 70 96 48 49 11 41 26 73 88 23 50 56 89 4 29 25 21 66 88 10 12 22 59 88 95 
14 67 99 31 19 28 34 48 44 68 1 11 59 36 11 45 52 98 72 48 60 38 17 83 40 53 8 88 44 3 0 65 79 88 72 87 83 1 43 35 67 58 93 7 71 3 13 91 5 1 35 77 9 24 62 28 16 12 86 54 91 48 61 89 30 84 51 70 39 84 75 96 48 6 60 12 36 52 85 74 13 36 17 10 85 59 49 22 48 72 57 52 68 4 93 51 54 88 80 93 40 81 83 83 3 31 86 48 66 42 57 42 80 45 95 80 87 34 55 16 28 38 6 65 35 
10 72 31 85 31 44 7 22 54 19 27 43 22 89 36 30 15 1 2 63 47 45 29 81 64 26 53 1 71 41 65 0 43 88 45 91 43 45 53 89 58 81 3 65 74 96 50 32 32 42 40 15 3 48 36 51 33 33 42 43 96 17 84 29 32 92 12 39 88 17 57 10 65 84 27 3 39 86 31 87 54 32 31 37 16 22 93 48 74 45 5 67 44 19 60 91 30 78 10 24 91 9 92 15 88 48 73 38 42 90 31 40 6 34 75 20 94 38 90 16 13 98 65 1 70 
8 49 18 58 60 20 66 98 44 13 51 73 18 61 50 47 31 31 9 35 63 61 46 99 55 61 4 88 91 78 79 43 0 51 48 19 69 68 67 75 70 56 66 82 51 49 5 51 57 79 39 11 95 25 40 59 56 1 39 94 86 96 71 74 56 16 97 50 56 7 33 30 94 79 20 29 79 42 93 25 90 11 70 16 47 30 45 20 84 75 80 45 99 13 87 78 50 32 54 88 93 79 3 70 97 23 43 3 21 57 40 38 27 22 4 63 29 10 55 2 29 7 45 68 33 
64 55 69 36 6 80 52 2 75 74 21 32 57 39 94 68 11 4 27 72 87 16 83 93 14 84 22 36 24 44 88 88 51 0 30 70 13 91 16 75 93 17 24 16 12 5 72 95 25 81 38 64 61 82 50 79 12 1 48 24 82 91 13 57 82 29 36 81 9 17 7 22 35 48 46 43 26 36 76 27 54 88 75 67 78 61 53 50 37 61 96 48 70 35 62 33 48 19 92 92 74 82 13 42 58 71 3 35 81 67 88 72 15 27 40 91 59 46 83 85 53 14 10 26 48 
62 16 65 42 17 71 32 90 99 75 27 13 34 12 80 67 86 82 41 43 62 93 82 39 62 69 84 46 31 84 72 45 48 30 0 65 89 40 86 22 46 45 89 84 69 68 71 36 35 25 62 88 74 21 77 73 59 56 16 83 42 64 28 97 83 90 72 74 97 61 90 80 89 23 35 56 8 38 99 1 76 74 64 58 65 40 15 23 27 16 82 77 93 27 50 89 33 26 99 53 61 78 6 47 65 11 98 2 57 73 92 57 22 87 38 73 75 93 15 15 50 89 46 87 31 
23 6 61 82 96 89 8 39 98 92 66 83 44 45 90 29 5 65 90 21 40 42 69 11 41 90 80 64 74 60 87 91 19 70 65 0 84 78 72 59 63 43 19 59 76 13 29 46 50 95 23 77 57 90 39 87 12 20 89 51 75 92 91 41 60 3 9 76 72 30 96 11 73 64 14 36 62 28 6 49 37 83 68 7 39 19 72 54 16 53 47 98 75 54 4 25 44 26 27 2 7 19 35 32 97 81 99 44 52 37 83 9 3 20 63 95 76 26 36 80 63 77 77 75 71 
58 18 79 3 97 87 14 13 76 66 78 8 76 44 5 58 8 39 33 91 72 64 68 88 74 25 63 9 64 67 83 43 69 13 89 84 0 48 79 32 34 44 10 57 87 47 38 37 11 51 78 20 46 35 36 8 72 2 4 47 62 7 4 9 37 85 49 82 15 16 49 44 44 58 86 68 47 51 3 1 82 59 19 46 66 28 97 84 59 21 97 44 85 12 99 91 47 38 89 41 7 45 31 59 34 66 22 90 58 1 78 68 16 71 4 48 43 2 82 48 17 69 22 62 30 
2 43 18 86 61 12 4 19 60 86 19 88 99 8 6 85 55 68 71 51 3 8 62 66 75 58 70 42 91 79 1 45 68 91 40 78 48 0 45 97 67 35 89 87 78 98 39 11 22 17 79 8 54 54 68 78 13 87 86 29 14 62 7 58 46 62 52 94 7 58 41 8 5 93 8 19 52 73 3 83 47 19 87 30 36 12 53 77 38 79 70 25 70 30 78 25 43 11 66 86 54 21 14 27 7 32 84 50 66 55 1 51 82 38 77 71 21 55 16 46 30 71 15 14 77 
1 21 40 94 44 66 29 78 67 54 61 9 3 63 87 44 60 31 97 23 60 3 84 96 69 64 68 15 49 86 43 53 67 16 86 72 79 45 0 82 48 44 76 63 26 26 73 43 62 45 45 54 33 29 6 21 62 8 52 98 51 84 22 10 78 12 68 36 38 42 10 16 94 86 77 30 53 26 87 38 16 23 92 37 46 67 4 59 96 73 73 90 17 86 75 33 63 7 74 38 3 46 14 42 34 4 5 31 66 70 89 75 37 66 57 78 71 17 43 98 58 94 6 90 88 
61 49 36 37 32 94 16 78 75 43 83 62 97 57 30 95 85 22 8 3 26 47 70 89 25 13 9 63 45 51 35 89 75 75 22 59 32 97 82 0 30 96 70 87 42 82 52 47 59 40 84 16 76 94 94 53 57 26 80 37 5 83 95 12 43 23 85 29 57 33 59 87 69 67 23 3 74 2 34 81 8 64 70 6 43 16 36 47 82 24 21 5 24 26 47 32 26 19 12 54 46 7 21 6 68 12 45 45 27 86 57 81 54 38 47 12 65 57 84 23 57 77 75 72 37 
82 23 82 47 45 16 30 89 92 7 60 24 91 97 54 94 99 27 39 64 58 76 39 60 26 19 73 11 95 23 67 58 70 93 46 63 34 67 48 30 0 51 32 24 29 1 40 62 33 67 59 47 80 38 54 91 89 34 35 26 79 20 84 53 76 85 64 97 80 99 42 39 40 7 9 1 88 43 19 45 44 94 6 3 63 37 95 60 84 20 24 31 18 99 40 56 24 17 10 92 31 49 50 38 52 22 1 32 94 19 40 45 50 45 24 37 82 90 70 75 86 69 62 44 47 
9 14 29 81 25 52 67 91 6 10 63 35 84 94 81 21 42 96 82 1 33 53 75 74 34 27 44 30 17 38 58 81 56 17 45 43 44 35 44 96 51 0 54 75 13 36 18 12 5 88 27 66 17 76 26 64 25 17 80 85 57 20 34 66 30 39 84 54 70 92 65 20 55 76 70 71 94 23 82 29 98 74 58 51 21 30 33 44 92 48 47 58 80 2 13 40 20 56 60 58 67 89 58 54 56 3 34 45 54 38 63 74 61 70 73 87 83 13 49 9 84 65 27 53 18 
89 98 23 28 63 99 62 84 27 37 39 95 27 53 73 53 36 11 30 93 31 67 64 96 19 78 96 31 60 14 93 3 66 24 89 19 10 89 76 70 32 54 0 28 43 49 54 93 15 85 46 29 16 34 90 71 15 91 80 66 14 27 52 24 94 11 73 52 30 20 3 37 23 57 99 95 59 22 35 40 55 29 12 60 3 4 87 11 28 2 62 71 13 31 68 80 62 58 8 43 4 54 90 13 75 76 60 35 70 51 98 93 22 86 76 44 4 85 7 2 66 97 19 54 8 
14 54 39 73 80 87 84 40 68 88 24 4 27 25 30 32 57 70 4 6 53 26 73 92 79 26 90 38 91 16 7 65 82 16 84 59 57 87 63 87 24 75 28 0 71 47 26 35 56 72 64 95 12 13 50 80 68 55 70 82 42 32 83 34 74 10 89 75 96 2 20 12 73 42 24 36 59 30 15 2 50 95 40 28 58 20 33 12 52 88 86 65 77 61 9 40 85 98 19 4 47 41 32 96 43 63 24 17 89 32 98 76 84 7 19 46 65 54 86 44 51 43 14 8 1 
48 85 42 29 22 46 97 99 32 60 69 56 53 44 39 26 14 34 75 73 92 38 13 35 47 1 77 98 45 85 71 74 51 12 69 76 87 78 26 42 29 13 43 71 0 6 14 9 39 67 60 98 67 6 26 89 7 16 75 60 20 51 23 3 76 76 51 42 9 48 84 28 10 71 19 79 70 62 84 36 36 57 54 23 14 49 22 8 7 78 29 44 85 71 98 29 74 90 7 54 14 73 55 90 51 49 39 58 35 69 66 52 25 86 48 39 85 39 32 79 79 9 37 96 73 
73 11 75 3 20 64 59 16 12 9 70 69 56 52 79 64 12 37 51 53 42 4 35 51 79 23 73 40 86 47 3 96 49 5 68 13 47 98 26 82 1 36 49 47 6 0 38 78 35 40 20 68 32 71 65 56 60 57 27 90 78 31 53 89 32 84 44 1 52 11 73 40 77 14 70 70 50 12 13 60 14 90 32 20 26 65 87 67 19 87 92 99 99 37 49 15 41 46 79 64 1 55 21 85 24 56 60 41 38 3 35 70 44 91 41 84 61 46 19 69 27 61 46 59 24 
31 97 78 14 78 43 83 38 4 54 62 16 8 11 55 53 53 10 92 10 79 26 25 52 8 15 59 11 49 39 13 50 5 72 71 29 38 39 73 52 40 18 54 26 14 38 0 2 41 14 78 63 52 95 48 62 58 65 98 24 2 3 68 84 5 9 78 15 14 99 7 96 69 98 87 29 74 35 84 59 49 10 15 32 25 25 23 75 26 20 97 75 62 86 8 54 89 62 76 69 18 44 29 18 53 49 92 95 60 22 87 72 93 10 11 21 84 16 47 39 20 61 7 24 32 
72 56 71 42 34 23 35 97 55 88 88 25 63 95 43 60 67 1 17 95 58 85 84 83 78 75 69 68 18 90 91 32 51 95 36 46 37 11 43 47 62 12 93 35 9 78 2 0 92 1 84 72 10 68 66 3 66 48 87 26 20 5 53 71 5 23 63 60 41 70 71 24 77 32 59 28 73 31 19 57 45 37 60 89 57 84 57 2 49 9 55 24 94 54 71 24 43 69 62 31 73 27 36 89 95 22 61 33 91 87 19 10 30 75 31 59 40 95 26 74 74 54 76 78 61 
4 62 26 37 5 83 31 37 2 19 67 95 32 50 65 18 22 56 50 98 46 65 35 83 9 40 59 55 52 55 5 32 57 25 35 50 11 22 62 59 33 5 15 56 39 35 41 92 0 27 7 85 68 78 34 92 52 37 34 84 41 14 65 52 74 7 57 22 60 31 46 69 58 20 83 32 71 61 76 34 18 79 97 1 83 42 68 86 63 35 25 98 73 13 51 64 65 34 60 36 20 7 24 97 61 19 97 63 10 24 41 77 98 7 80 35 81 7 33 13 71 96 52 46 18 
71 57 49 41 40 41 58 99 14 22 20 63 80 19 69 23 82 70 43 12 86 1 23 52 39 76 82 78 49 28 1 42 79 81 25 95 51 17 45 40 67 88 85 72 67 40 14 1 27 0 88 87 85 7 58 58 84 73 7 88 19 31 7 88 14 54 62 41 39 17 48 39 98 1 66 49 70 32 66 1 76 77 20 85 83 64 39 55 87 13 22 19 46 60 61 13 29 12 14 61 83 60 88 84 3 34 92 10 3 77 44 82 18 89 54 51 76 7 37 95 17 77 99 63 23 
22 90 51 19 68 45 97 2 60 68 37 27 93 11 45 55 95 11 71 99 26 53 90 92 50 20 64 46 7 30 35 40 39 38 62 23 78 79 45 84 59 27 46 64 60 20 78 84 7 88 0 71 70 83 16 96 19 22 10 3 79 79 7 97 60 37 26 6 62 9 7 21 57 14 94 4 79 6 82 91 40 99 8 33 11 69 45 99 82 80 98 20 50 67 62 51 26 41 25 56 3 87 6 10 95 81 26 54 72 66 56 64 8 69 87 40 58 74 78 39 32 77 60 82 28 
50 22 63 98 35 17 50 33 57 15 18 99 77 62 85 14 35 4 9 41 74 82 41 25 15 10 93 74 77 49 77 15 11 64 88 77 20 8 54 16 47 66 29 95 98 68 63 72 85 87 71 0 90 40 9 4 15 99 10 76 79 82 65 74 84 16 65 53 48 27 54 17 26 8 25 5 10 26 37 90 81 53 70 55 26 42 19 12 81 4 2 18 51 91 19 46 45 49 21 92 17 36 30 8 29 7 30 98 97 95 3 89 91 61 70 1 87 15 69 74 16 87 90 45 68 
58 97 45 39 35 18 47 31 82 21 22 48 47 40 74 31 62 40 32 92 75 47 88 56 18 72 53 69 67 16 9 3 95 61 74 57 46 54 33 76 80 17 16 12 67 32 52 10 68 85 70 90 0 16 51 35 53 15 71 31 29 93 73 35 60 15 81 13 87 64 86 79 3 10 76 31 33 20 68 77 31 71 9 18 75 67 49 66 17 33 18 78 59 12 67 34 8 7 5 63 1 22 21 38 51 59 82 79 7 47 13 62 50 52 28 60 15 22 88 54 14 75 35 50 71 
4 84 55 64 43 89 84 8 9 86 78 88 88 7 51 24 92 78 26 77 7 85 76 69 46 54 38 24 87 74 24 48 25 82 21 90 35 54 29 94 38 76 34 13 6 71 95 68 78 7 83 40 16 0 24 54 52 13 71 11 99 5 97 12 75 38 32 44 95 38 87 1 39 26 23 45 94 47 86 14 32 47 82 67 37 53 35 32 14 48 19 26 64 87 6 24 20 31 5 8 52 99 67 65 28 96 56 1 44 44 91 63 65 5 7 25 24 28 31 69 26 94 51 68 3 
69 26 1 47 79 1 42 51 39 10 27 36 71 8 81 51 86 38 35 88 3 18 78 66 58 67 48 82 36 30 62 36 40 50 77 39 36 68 6 94 54 26 90 50 26 65 48 66 34 58 16 9 51 24 0 99 86 57 19 13 25 38 70 65 59 1 65 14 22 38 99 15 18 91 90 23 21 51 73 49 11 24 97 66 13 21 86 22 47 32 27 35 59 91 83 70 15 80 84 79 63 26 68 18 20 55 38 1 81 62 62 4 17 54 78 25 65 20 72 63 54 5 5 72 84 
25 15 87 90 83 98 21 51 5 43 33 17 70 80 51 22 61 17 55 62 31 55 39 38 78 28 52 65 45 52 28 51 59 79 73 87 8 78 21 53 91 64 71 80 89 56 62 3 92 58 96 4 35 54 99 0 70 80 61 98 54 33 88 7 3 41 6 22 4 12 80 68 7 76 47 17 64 5 20 41 38 63 59 6 80 87 75 45 11 7 33 41 9 67 96 73 58 25 95 34 48 95 53 92 12 37 7 61 30 50 56 7 41 64 8 76 27 56 32 83 96 55 78 77 7 
44 14 17 3 39 83 41 33 71 67 9 88 56 13 36 72 93 26 98 3 78 36 76 58 88 89 24 82 79 50 16 33 56 12 59 12 72 13 62 57 89 25 15 68 7 60 58 66 52 84 19 15 53 52 86 70 0 96 91 79 58 14 84 24 21 66 91 85 55 67 84 88 38 17 8 81 69 16 16 83 21 48 21 59 10 97 56 60 89 8 26 10 11 37 40 21 83 76 29 99 41 86 84 6 11 49 61 68 60 34 22 77 84 7 22 15 42 66 79 69 39 92 54 81 95 
77 85 20 99 49 72 51 44 77 21 9 91 93 1 73 4 99 47 97 23 79 79 22 98 27 3 71 82 99 89 12 33 1 1 56 20 2 87 8 26 34 17 91 55 16 57 65 48 37 73 22 99 15 13 57 80 96 0 13 90 78 61 58 52 15 68 49 55 10 23 34 99 57 81 15 32 20 43 32 74 28 62 15 54 41 91 44 12 74 73 32 52 59 16 49 4 26 65 29 69 60 60 84 78 5 70 67 74 44 88 84 74 79 63 5 73 41 98 13 19 55 36 20 32 10 
27 44 10 29 82 15 5 42 74 17 21 79 99 4 16 24 92 8 71 83 92 61 16 88 32 72 1 33 1 65 86 42 39 48 16 89 4 86 52 80 35 80 80 70 75 27 98 87 34 7 10 10 71 71 19 61 91 13 0 71 30 33 86 95 87 85 84 12 85 97 96 83 29 90 37 18 96 22 11 80 62 40 89 91 72 84 46 13 20 45 20 85 64 42 64 31 52 12 54 32 75 92 69 11 21 88 73 78 1 39 89 48 6 47 75 72 94 58 18 47 38 88 88 74 4 
53 7 93 79 6 37 10 70 6 59 69 88 88 52 40 13 75 44 6 94 97 51 56 45 59 86 24 94 39 14 54 43 94 24 83 51 47 29 98 37 26 85 66 82 60 90 24 26 84 88 3 76 31 11 13 98 79 90 71 0 51 64 64 61 53 49 52 7 64 94 2 25 23 89 49 35 23 40 19 64 75 89 18 8 28 87 79 3 51 17 44 80 12 78 14 95 39 1 72 27 93 77 95 89 55 17 63 74 57 54 40 19 65 79 69 59 51 54 44 48 51 48 88 95 55 
81 78 52 76 92 27 1 2 80 78 83 58 86 16 3 78 9 1 64 99 43 47 69 58 24 20 23 15 19 53 91 96 86 82 42 75 62 14 51 5 79 57 14 42 20 78 2 20 41 19 79 79 29 99 25 54 58 78 30 51 0 75 66 4 45 12 53 57 41 15 39 98 14 47 62 6 62 15 78 66 93 48 77 14 6 23 42 7 16 31 47 93 33 19 30 72 4 1 51 70 41 36 52 16 50 9 68 66 35 35 86 39 3 46 59 18 34 93 9 45 6 10 42 51 74 
42 57 11 59 9 33 91 98 85 43 55 25 75 68 36 8 76 57 95 48 19 24 83 42 38 15 88 31 82 95 48 17 96 91 64 92 7 62 84 83 20 20 27 32 51 31 3 5 14 31 79 82 93 5 38 33 14 61 33 64 75 0 78 63 8 33 80 67 42 78 77 49 92 14 76 2 33 28 10 37 8 55 12 90 37 81 59 77 64 24 33 66 80 76 74 63 18 87 66 6 77 60 45 93 30 57 57 68 54 18 13 53 83 94 20 61 58 34 62 89 74 80 33 61 71 
83 60 69 43 41 2 22 52 60 36 86 56 16 82 98 53 82 15 25 30 84 66 69 33 43 14 60 39 37 60 61 84 71 13 28 91 4 7 22 95 84 34 52 83 23 53 68 53 65 7 7 65 73 97 70 88 84 58 86 64 66 78 0 19 35 74 39 72 23 16 55 28 24 27 12 61 31 62 98 74 45 81 24 65 72 18 65 13 85 39 77 38 38 84 44 88 78 14 44 91 28 47 69 5 99 32 59 90 42 64 97 83 55 88 40 72 37 40 71 17 11 26 48 12 79 
16 16 24 27 70 49 75 31 32 76 94 50 15 60 80 31 28 56 47 96 90 1 12 28 94 98 9 97 49 35 89 29 74 57 97 41 9 58 10 12 53 66 24 34 3 89 84 71 52 88 97 74 35 12 65 7 24 52 95 61 4 63 19 0 64 44 94 42 24 34 89 47 26 46 31 95 87 26 97 38 7 23 30 84 32 88 98 54 16 84 87 16 79 36 7 2 9 83 12 79 81 93 40 7 27 74 77 65 35 27 83 39 92 9 19 25 6 56 46 3 25 48 58 40 80 
65 25 15 22 6 89 22 83 91 29 75 53 57 67 16 27 26 56 21 99 89 33 37 56 90 83 3 88 4 4 30 32 56 82 83 60 37 46 78 43 76 30 94 74 76 32 5 5 74 14 60 84 60 75 59 3 21 15 87 53 45 8 35 64 0 38 52 10 38 9 70 16 57 67 38 23 76 19 7 78 72 35 41 53 25 50 7 33 67 13 59 87 33 49 46 56 33 27 16 60 57 31 67 28 94 21 49 39 23 65 62 85 88 68 70 67 8 16 26 95 63 28 94 19 91 
69 10 64 59 8 23 34 50 8 86 90 25 88 16 16 9 87 53 23 81 57 13 58 64 82 23 19 1 52 65 84 92 16 29 90 3 85 62 12 23 85 39 11 10 76 84 9 23 7 54 37 16 15 38 1 41 66 68 85 49 12 33 74 44 38 0 85 74 80 37 1 13 24 98 10 47 87 76 75 6 70 43 4 34 77 21 58 2 67 80 78 62 78 79 86 51 86 17 2 22 58 23 17 68 38 61 79 81 91 1 38 77 81 82 8 61 93 24 13 51 16 64 9 3 43 
26 67 22 17 79 35 39 82 67 35 24 16 2 62 95 97 37 79 1 2 43 91 28 81 97 62 4 38 49 81 51 12 97 36 72 9 49 52 68 85 64 84 73 89 51 44 78 63 57 62 26 65 81 32 65 6 91 49 84 52 53 80 39 94 52 85 0 18 16 51 26 64 52 55 28 45 59 80 5 12 37 22 93 10 91 22 13 46 98 29 40 3 48 71 51 19 92 93 37 83 74 57 66 5 48 39 80 76 19 50 64 71 55 43 70 42 21 17 1 40 68 36 22 87 52 
99 72 47 93 38 95 38 83 33 45 95 68 85 65 67 85 15 98 70 76 5 76 80 92 27 82 15 67 4 93 70 39 50 81 74 76 82 94 36 29 97 54 52 75 42 1 15 60 22 41 6 53 13 44 14 22 85 55 12 7 57 67 72 42 10 74 18 0 91 65 4 9 60 2 10 62 25 38 96 71 52 83 84 74 6 58 19 46 63 87 79 87 67 51 22 94 73 71 77 81 37 69 37 77 45 48 45 52 21 3 47 77 37 46 15 25 85 72 31 94 96 12 51 73 69 
88 54 4 38 79 22 44 96 47 93 91 74 76 20 35 82 4 54 23 2 12 26 2 77 47 12 80 43 89 58 39 88 56 9 97 72 15 7 38 57 80 70 30 96 9 52 14 41 60 39 62 48 87 95 22 4 55 10 85 64 41 42 23 24 38 80 16 91 0 95 80 63 49 83 36 13 82 32 71 3 71 86 26 25 53 37 2 90 52 96 63 42 68 67 43 55 53 72 31 29 24 10 9 46 94 46 70 21 92 8 18 64 40 62 57 50 43 44 96 86 90 59 98 22 27 
8 70 57 12 34 69 34 72 76 83 14 47 77 45 84 74 93 61 28 53 25 56 13 57 19 29 68 62 58 1 84 17 7 17 61 30 16 58 42 33 99 92 20 2 48 11 99 70 31 17 9 27 64 38 38 12 67 23 97 94 15 78 16 34 9 37 51 65 95 0 23 91 52 59 98 71 28 4 32 11 54 44 25 23 88 16 76 68 24 55 59 67 16 92 27 25 6 27 45 94 81 82 68 58 66 1 12 34 19 61 6 6 72 15 81 26 55 19 85 45 59 71 96 49 11 
27 37 89 23 28 68 96 22 83 9 12 21 91 88 94 40 85 1 26 93 23 70 2 27 25 45 35 19 17 10 75 57 33 7 90 96 49 41 10 59 42 65 3 20 84 73 7 71 46 48 7 54 86 87 99 80 84 34 96 2 39 77 55 89 70 1 26 4 80 23 0 91 47 73 33 29 76 4 53 34 82 56 91 20 64 12 4 40 31 23 78 63 65 57 72 36 53 47 9 81 61 4 23 32 96 96 56 11 79 56 19 95 88 78 16 90 55 63 75 51 78 56 67 37 63 
26 22 81 7 52 49 42 19 45 31 43 67 19 62 19 57 73 15 65 65 7 6 9 63 40 3 82 1 88 91 96 10 30 22 80 11 44 8 16 87 39 20 37 12 28 40 96 24 69 39 21 17 79 1 15 68 88 99 83 25 98 49 28 47 16 13 64 9 63 91 91 0 37 14 66 53 27 73 90 93 92 48 99 13 54 43 17 49 21 8 85 24 77 38 16 5 16 9 49 37 67 78 19 45 39 12 30 97 74 6 94 31 45 2 39 5 33 86 71 61 4 13 68 12 14 
23 41 47 97 78 19 72 47 65 65 11 95 63 22 75 61 44 61 46 76 5 15 90 54 76 4 65 46 64 39 48 65 94 35 89 73 44 5 94 69 40 55 23 73 10 77 69 77 58 98 57 26 3 39 18 7 38 57 29 23 14 92 24 26 57 24 52 60 49 52 47 37 0 29 4 98 71 29 75 90 16 42 14 2 52 77 84 72 56 10 81 8 28 45 6 47 79 96 70 51 65 88 61 33 88 28 45 45 44 25 19 76 80 1 55 47 95 2 20 71 71 35 63 10 5 
10 78 55 15 31 98 70 45 38 78 89 13 46 1 19 26 9 67 39 79 80 88 64 93 40 11 45 83 87 18 6 84 79 48 23 64 58 93 86 67 7 76 57 42 71 14 98 32 20 1 14 8 10 26 91 76 17 81 90 89 47 14 27 46 67 98 55 2 83 59 73 14 29 0 63 49 47 49 91 81 11 71 26 20 9 65 3 73 65 94 20 74 67 32 66 65 69 46 92 94 23 98 55 62 48 25 24 27 34 84 95 41 19 15 39 64 7 72 53 15 44 80 84 41 22 
68 92 80 88 44 12 71 92 48 19 25 26 66 64 26 66 56 96 58 63 29 3 91 23 7 32 43 95 22 14 60 27 20 46 35 14 86 8 77 23 9 70 99 24 19 70 87 59 83 66 94 25 76 23 90 47 8 15 37 49 62 76 12 31 38 10 28 10 36 98 33 66 4 63 0 61 97 23 49 86 72 96 38 85 67 57 51 66 89 21 1 76 15 94 27 72 91 75 27 6 99 76 68 16 78 25 27 57 79 2 22 79 1 91 61 75 53 88 44 64 29 59 92 13 95 
24 50 72 76 47 12 24 10 74 39 48 1 53 95 18 96 18 40 53 77 54 92 16 39 69 92 35 72 34 43 12 3 29 43 56 36 68 19 30 3 1 71 95 36 79 70 29 28 32 49 4 5 31 45 23 17 81 32 18 35 6 2 61 95 23 47 45 62 13 71 29 53 98 49 61 0 14 9 70 27 64 4 5 35 60 8 76 41 20 69 28 88 6 1 83 45 54 55 89 68 30 22 37 40 54 64 17 96 72 77 63 73 22 74 19 83 55 75 74 4 31 79 70 99 97 
28 48 15 36 10 53 87 5 91 12 69 98 29 85 50 28 61 72 53 49 31 65 86 21 40 97 79 71 95 53 36 39 79 26 8 62 47 52 53 74 88 94 59 59 70 50 74 73 71 70 79 10 33 94 21 64 69 20 96 23 62 33 31 87 76 87 59 25 82 28 76 27 71 47 97 14 0 17 33 49 18 24 76 94 92 65 89 64 71 60 96 28 55 36 30 29 33 54 98 78 81 77 84 4 89 70 58 89 81 48 19 35 70 77 85 33 27 1 75 20 45 29 4 53 93 
38 78 78 64 68 77 40 78 85 57 44 99 88 2 38 19 33 8 33 37 22 99 81 59 47 30 45 97 32 10 52 86 42 36 38 28 51 73 26 2 43 23 22 30 62 12 35 31 61 32 6 26 20 47 51 5 16 43 22 40 15 28 62 26 19 76 80 38 32 4 4 73 29 49 23 9 17 0 58 9 62 11 20 28 99 7 36 54 9 22 87 31 96 69 13 52 23 21 94 33 91 96 2 38 25 83 1 7 68 82 5 13 15 59 5 85 94 50 22 41 82 18 67 54 47 
58 41 16 33 4 69 32 64 16 53 92 78 39 85 21 87 99 17 70 50 28 88 85 44 22 56 61 54 69 39 85 31 93 76 99 6 3 3 87 34 19 82 35 15 84 13 84 19 76 66 82 37 68 86 73 20 16 32 11 19 78 10 98 97 7 75 5 96 71 32 53 90 75 91 49 70 33 58 0 33 9 33 75 32 60 50 12 12 55 9 10 73 90 96 73 48 74 77 12 70 58 95 45 4 22 65 32 44 37 87 60 16 40 69 2 15 83 78 69 32 57 38 30 48 70 
84 79 26 92 68 46 38 24 66 84 14 12 21 61 41 2 84 67 80 15 6 59 28 20 68 30 68 1 39 26 74 87 25 27 1 49 1 83 38 81 45 29 40 2 36 60 59 57 34 1 91 90 77 14 49 41 83 74 80 64 66 37 74 38 78 6 12 71 3 11 34 93 90 81 86 27 49 9 33 0 6 35 28 64 63 12 59 9 54 37 75 13 27 77 3 86 71 21 48 47 1 53 98 6 17 45 30 49 51 87 18 97 58 33 79 2 22 95 1 77 22 85 92 80 53 
39 46 54 50 55 65 39 96 53 77 7 91 98 77 53 35 28 62 6 74 36 25 94 46 74 34 43 43 72 58 13 54 90 54 76 37 82 47 16 8 44 98 55 50 36 14 49 45 18 76 40 81 31 32 11 38 21 28 62 75 93 8 45 7 72 70 37 52 71 54 82 92 16 11 72 64 18 62 9 6 0 57 67 92 89 79 96 57 10 12 85 60 14 49 33 46 20 84 34 84 47 55 73 66 72 57 34 54 60 74 69 50 36 69 72 52 97 7 85 5 24 22 36 60 40 
9 88 85 1 98 90 57 60 70 69 3 25 52 23 24 3 96 70 34 22 73 46 8 76 25 42 23 41 70 82 36 32 11 88 74 83 59 19 23 64 94 74 29 95 57 90 10 37 79 77 99 53 71 47 24 63 48 62 40 89 48 55 81 23 35 43 22 83 86 44 56 48 42 71 96 4 24 11 33 35 57 0 67 61 34 9 4 69 7 8 68 30 95 78 98 37 75 30 91 56 50 82 46 11 16 71 24 37 25 70 26 73 99 77 79 45 97 12 11 84 94 53 31 31 63 
33 17 59 23 64 41 88 65 67 26 68 55 60 15 19 18 53 51 65 33 83 15 15 38 72 66 42 40 54 52 17 31 70 75 64 68 19 87 92 70 6 58 12 40 54 32 15 60 97 20 8 70 9 82 97 59 21 15 89 18 77 12 24 30 41 4 93 84 26 25 91 99 14 26 38 5 76 20 75 28 67 67 0 22 23 43 57 96 93 38 44 86 96 73 95 2 17 27 2 98 53 60 54 80 56 76 96 85 29 55 14 8 16 84 35 52 44 91 76 79 52 58 30 69 61 
35 29 86 98 81 8 29 83 90 70 94 48 95 25 80 86 51 59 54 72 49 78 76 85 33 50 69 25 13 70 10 37 16 67 58 7 46 30 37 6 3 51 60 28 23 20 32 89 1 85 33 55 18 67 66 6 59 54 91 8 14 90 65 84 53 34 10 74 25 23 20 13 2 20 85 35 94 28 32 64 92 61 22 0 50 81 3 4 79 88 73 26 40 10 44 57 65 10 2 82 16 87 84 80 64 93 6 82 65 28 19 16 12 71 92 52 6 69 21 53 60 37 3 69 27 
11 46 30 71 29 8 37 32 29 32 5 78 65 47 52 12 81 80 54 1 52 87 13 35 13 26 42 41 97 54 85 16 47 78 65 39 66 36 46 43 63 21 3 58 14 26 25 57 83 83 11 26 75 37 13 80 10 41 72 28 6 37 72 32 25 77 91 6 53 88 64 54 52 9 67 60 92 99 60 63 89 34 23 50 0 22 45 43 43 49 54 5 17 50 21 20 34 65 85 46 35 36 89 25 61 13 82 37 39 16 86 90 84 43 90 67 97 75 40 95 1 11 33 2 88 
24 68 45 37 38 34 67 2 20 60 29 41 15 33 33 94 92 15 54 47 95 33 62 88 87 86 40 93 47 90 59 22 30 61 40 19 28 12 67 16 37 30 4 20 49 65 25 84 42 64 69 42 67 53 21 87 97 91 84 87 23 81 18 88 50 21 22 58 37 16 12 43 77 65 57 8 65 7 50 12 79 9 43 81 22 0 27 36 40 31 7 66 80 55 59 45 82 17 92 62 77 84 85 3 87 35 77 86 44 23 72 22 80 98 48 60 72 64 36 30 54 35 14 70 48 
16 67 38 19 65 59 11 85 18 63 36 60 98 81 38 54 80 78 13 25 25 92 21 59 66 49 81 73 41 70 49 93 45 53 15 72 97 53 4 36 95 33 87 33 22 87 23 57 68 39 45 19 49 35 86 75 56 44 46 79 42 59 65 98 7 58 13 19 2 76 4 17 84 3 51 76 89 36 12 59 96 4 57 3 45 27 0 91 6 55 98 33 13 28 92 99 70 18 31 34 58 14 3 74 35 52 16 8 72 77 13 22 67 10 37 60 72 46 34 92 78 34 74 98 85 
88 79 23 28 38 8 85 79 6 30 83 96 53 71 31 60 27 13 81 81 77 73 38 2 8 54 43 32 18 30 22 48 20 50 23 54 84 77 59 47 60 44 11 12 8 67 75 2 86 55 99 12 66 32 22 45 60 12 13 3 7 77 13 54 33 2 46 46 90 68 40 49 72 73 66 41 64 54 12 9 57 69 96 4 43 36 91 0 39 71 86 37 95 13 43 69 26 89 95 41 82 87 58 57 82 54 3 13 6 29 22 47 90 94 23 98 51 98 15 82 69 82 22 4 90 
26 47 92 29 94 35 1 69 80 67 78 80 45 55 41 83 38 12 97 38 41 39 63 41 3 49 68 5 94 91 48 74 84 37 27 16 59 38 96 82 84 92 28 52 7 19 26 49 63 87 82 81 17 14 47 11 89 74 20 51 16 64 85 16 67 67 98 63 52 24 31 21 56 65 89 20 71 9 55 54 10 7 93 79 43 40 6 39 0 73 51 52 20 53 20 60 24 59 77 36 73 71 31 81 90 52 63 50 44 13 97 51 33 35 55 84 91 46 46 9 53 79 90 22 64 
72 1 55 53 19 5 17 55 11 33 47 90 17 25 51 12 25 80 34 17 86 84 67 86 97 1 99 30 79 63 72 45 75 61 16 53 21 79 73 24 20 48 2 88 78 87 20 9 35 13 80 4 33 48 32 7 8 73 45 17 31 24 39 84 13 80 29 87 96 55 23 8 10 94 21 69 60 22 9 37 12 8 38 88 49 31 55 71 73 0 32 6 72 8 39 9 60 94 72 94 98 83 2 67 43 99 47 60 59 58 16 83 44 11 61 59 51 67 65 34 68 53 59 48 91 
93 30 77 95 79 6 31 26 30 72 79 32 65 78 74 84 57 96 52 53 29 21 34 38 21 39 14 36 62 77 57 5 80 96 82 47 97 70 73 21 24 47 62 86 29 92 97 55 25 22 98 2 18 19 27 33 26 32 20 44 47 33 77 87 59 78 40 79 63 59 78 85 81 20 1 28 96 87 10 75 85 68 44 73 54 7 98 86 51 32 0 24 15 8 32 63 78 4 19 9 45 94 90 68 26 88 21 1 38 72 87 74 26 33 91 32 99 64 10 33 67 69 77 65 35 
75 64 13 51 71 62 4 84 18 61 7 57 31 90 69 4 41 35 56 69 41 25 58 59 4 8 26 36 36 21 52 67 45 48 77 98 44 25 90 5 31 58 71 65 44 99 75 24 98 19 20 18 78 26 35 41 10 52 85 80 93 66 38 16 87 62 3 87 42 67 63 24 8 74 76 88 28 31 73 13 60 30 86 26 5 66 33 37 52 6 24 0 2 25 65 17 5 87 78 24 72 81 22 94 61 48 99 19 83 15 28 62 27 69 80 85 76 60 9 3 81 25 63 33 61 
63 76 60 47 93 51 79 28 82 94 92 34 83 36 81 84 53 7 81 93 48 72 75 8 86 22 39 49 59 56 68 44 99 70 93 75 85 70 17 24 18 80 13 77 85 99 62 94 73 46 50 51 59 64 59 9 11 59 64 12 33 80 38 79 33 78 48 67 68 16 65 77 28 67 15 6 55 96 90 27 14 95 96 40 17 80 13 95 20 72 15 2 0 96 45 21 86 92 90 8 19 49 77 37 63 55 31 3 4 7 66 77 11 36 67 66 76 32 56 20 85 71 45 67 56 
47 36 27 8 53 77 60 57 47 73 81 39 11 58 16 1 39 70 55 91 24 28 73 25 95 6 76 31 32 89 4 19 13 35 27 54 12 30 86 26 99 2 31 61 71 37 86 54 13 60 67 91 12 87 91 67 37 16 42 78 19 76 84 36 49 79 71 51 67 92 57 38 45 32 94 1 36 69 96 77 49 78 73 10 50 55 28 13 53 8 8 25 96 0 86 96 60 63 77 81 96 13 81 19 19 9 60 47 72 98 75 65 78 79 47 2 36 83 66 7 49 64 12 87 82 
33 54 77 86 11 46 54 93 8 28 21 93 46 32 64 94 20 86 13 8 29 38 6 25 36 16 6 48 31 96 93 60 87 62 50 4 99 78 75 47 40 13 68 9 98 49 8 71 51 61 62 19 67 6 83 96 40 49 64 14 30 74 44 7 46 86 51 22 43 27 72 16 6 66 27 83 30 13 73 3 33 98 95 44 21 59 92 43 20 39 32 65 45 86 0 59 95 28 31 18 59 44 72 47 36 7 19 45 41 82 48 41 75 73 58 59 85 4 30 58 45 26 61 9 49 
89 94 72 17 33 97 70 9 18 98 24 21 89 40 65 86 45 45 86 61 85 96 1 84 18 78 93 1 49 2 51 91 78 33 89 25 91 25 33 32 56 40 80 40 29 15 54 24 64 13 51 46 34 24 70 73 21 4 31 95 72 63 88 2 56 51 19 94 55 25 36 5 47 65 72 45 29 52 48 86 46 37 2 57 20 45 99 69 60 9 63 17 21 96 59 0 26 29 46 75 54 24 19 97 81 19 95 24 92 37 16 15 66 78 31 54 61 68 85 96 85 86 64 69 69 
24 34 88 30 47 22 50 56 87 94 64 15 79 15 92 52 21 71 11 10 90 83 3 42 18 81 23 80 31 63 54 30 50 48 33 44 47 43 63 26 24 20 62 85 74 41 89 43 65 29 26 45 8 20 15 58 83 26 52 39 4 18 78 9 33 86 92 73 53 6 53 16 79 69 91 54 33 23 74 71 20 75 17 65 34 82 70 26 24 60 78 5 86 60 95 26 0 22 27 44 38 5 34 41 45 95 32 57 57 99 85 15 28 19 77 13 25 55 49 48 44 62 8 20 47 
56 3 40 12 64 93 75 77 62 69 72 10 60 94 21 92 64 73 82 35 38 17 5 95 56 64 40 8 97 55 88 78 32 19 26 26 38 11 7 19 17 56 58 98 90 46 62 69 34 12 41 49 7 31 80 25 76 65 12 1 1 87 14 83 27 17 93 71 72 27 47 9 96 46 75 55 54 21 77 21 84 30 27 10 65 17 18 89 59 94 4 87 92 63 28 29 22 0 20 80 59 95 61 54 14 31 29 3 76 93 44 30 91 80 48 35 29 10 53 25 73 89 88 1 24 
66 85 44 62 94 72 47 47 65 39 7 68 98 49 55 33 22 13 79 64 6 55 65 28 44 98 74 53 97 11 80 10 54 92 99 27 89 66 74 12 10 60 8 19 7 79 76 62 60 14 25 21 5 5 84 95 29 29 54 72 51 66 44 12 16 2 37 77 31 45 9 49 70 92 27 89 98 94 12 48 34 91 2 2 85 92 31 95 77 72 19 78 90 77 31 46 27 20 0 17 15 90 44 7 76 37 42 22 2 85 35 88 86 72 15 83 4 10 45 26 49 88 70 94 78 
78 84 77 15 19 93 28 50 8 61 22 82 43 14 24 87 66 47 72 67 24 97 58 33 53 31 15 10 21 32 93 24 88 92 53 2 41 86 38 54 92 58 43 4 54 64 69 31 36 61 56 92 63 8 79 34 99 69 32 27 70 6 91 79 60 22 83 81 29 94 81 37 51 94 6 68 78 33 70 47 84 56 98 82 46 62 34 41 36 94 9 24 8 81 18 75 44 80 17 0 35 76 40 28 14 46 90 19 2 38 69 21 31 84 97 89 12 42 76 73 6 87 44 38 98 
4 49 39 31 37 26 34 12 30 98 65 80 65 20 7 85 69 83 85 69 69 53 36 15 96 33 48 25 7 70 40 91 93 74 61 7 7 54 3 46 31 67 4 47 14 1 18 73 20 83 3 17 1 52 63 48 41 60 75 93 41 77 28 81 57 58 74 37 24 81 61 67 65 23 99 30 81 91 58 1 47 50 53 16 35 77 58 82 73 98 45 72 19 96 59 54 38 59 15 35 0 76 40 94 34 15 78 97 18 73 83 97 37 63 13 80 58 84 24 86 32 20 96 52 69 
1 55 92 9 30 98 73 9 56 10 51 4 6 16 25 82 93 8 30 14 21 74 31 26 26 73 72 52 75 96 81 9 79 82 78 19 45 21 46 7 49 89 54 41 73 55 44 27 7 60 87 36 22 99 26 95 86 60 92 77 36 60 47 93 31 23 57 69 10 82 4 78 88 98 76 22 77 96 95 53 55 82 60 87 36 84 14 87 71 83 94 81 49 13 44 24 5 95 90 76 76 0 16 39 55 68 44 33 73 34 93 37 13 55 89 36 92 95 11 97 88 68 31 67 39 
78 33 70 41 40 2 69 62 29 68 91 48 91 98 1 6 19 30 13 67 14 6 5 14 90 45 2 86 36 48 83 92 3 13 6 35 31 14 14 21 50 58 90 32 55 21 29 36 24 88 6 30 21 67 68 53 84 84 69 95 52 45 69 40 67 17 66 37 9 68 23 19 61 55 68 37 84 2 45 98 73 46 54 84 89 85 3 58 31 2 90 22 77 81 72 19 34 61 44 40 40 16 0 31 45 65 90 17 99 76 68 32 1 24 84 78 90 10 28 40 91 18 76 63 38 
7 29 99 49 29 14 40 75 44 79 10 71 77 42 49 12 69 61 64 92 57 67 76 79 30 41 34 92 37 49 83 15 70 42 47 32 59 27 42 6 38 54 13 96 90 85 18 89 97 84 10 8 38 65 18 92 6 78 11 89 16 93 5 7 28 68 5 77 46 58 32 45 33 62 16 40 4 38 4 6 66 11 80 80 25 3 74 57 81 67 68 94 37 19 47 97 41 54 7 28 94 39 31 0 61 44 42 39 17 84 85 89 19 66 10 15 56 31 8 83 4 22 74 23 13 
53 56 34 31 55 39 33 24 99 64 93 43 56 36 81 70 17 83 8 1 30 81 81 37 52 68 71 76 74 11 3 88 97 58 65 97 34 7 34 68 52 56 75 43 51 24 53 95 61 3 95 29 51 28 20 12 11 5 21 55 50 30 99 27 94 38 48 45 94 66 96 39 88 48 78 54 89 25 22 17 72 16 56 64 61 87 35 82 90 43 26 61 63 19 36 81 45 14 76 14 34 55 45 61 0 16 91 47 37 30 72 42 41 75 73 60 58 2 21 98 18 33 2 87 82 
86 83 44 24 30 86 98 89 56 21 68 6 43 26 29 10 79 74 71 35 29 95 15 25 68 25 61 15 39 41 31 48 23 71 11 81 66 32 4 12 22 3 76 63 49 56 49 22 19 34 81 7 59 96 55 37 49 70 88 17 9 57 32 74 21 61 39 48 46 1 96 12 28 25 25 64 70 83 65 45 57 71 76 93 13 35 52 54 52 99 88 48 55 9 7 19 95 31 37 46 15 68 65 44 16 0 35 47 41 22 65 89 19 18 51 17 32 20 80 96 41 31 54 66 51 
71 32 27 67 56 28 8 90 6 36 86 21 21 52 89 47 60 47 83 71 92 51 3 4 48 79 20 82 72 26 86 73 43 3 98 99 22 84 5 45 1 34 60 24 39 60 92 61 97 92 26 30 82 56 38 7 61 67 73 63 68 57 59 77 49 79 80 45 70 12 56 30 45 24 27 17 58 1 32 30 34 24 96 6 82 77 16 3 63 47 21 99 31 60 19 95 32 29 42 90 78 44 90 42 91 35 0 85 4 29 16 74 42 42 52 44 65 75 48 84 30 77 54 2 90 
3 29 57 93 91 39 34 83 51 56 34 58 89 35 2 75 57 87 64 17 55 3 53 57 21 68 16 62 57 73 48 38 3 35 2 44 90 50 31 45 32 45 35 17 58 41 95 33 63 10 54 98 79 1 1 61 68 74 78 74 66 68 90 65 39 81 76 52 21 34 11 97 45 27 57 96 89 7 44 49 54 37 85 82 37 86 8 13 50 60 1 19 3 47 45 24 57 3 22 19 97 33 17 39 47 47 85 0 71 36 4 4 7 7 88 36 61 30 77 76 42 8 42 32 34 
77 95 70 65 28 85 63 83 93 29 72 60 69 23 74 94 45 85 65 38 29 90 55 94 72 51 98 41 72 88 66 42 21 81 57 52 58 66 66 27 94 54 70 89 35 38 60 91 10 3 72 97 7 44 81 30 60 44 1 57 35 54 42 35 23 91 19 21 92 19 79 74 44 34 79 72 81 68 37 51 60 25 29 65 39 44 72 6 44 59 38 83 4 72 41 92 57 76 2 2 18 73 99 17 37 41 4 71 0 15 89 91 68 11 77 50 20 21 55 74 71 39 36 51 53 
92 75 74 13 61 34 15 6 64 46 9 55 19 34 22 33 36 98 45 18 64 33 16 32 80 49 99 13 68 23 42 90 57 67 73 37 1 55 70 86 19 38 51 32 69 3 22 87 24 77 66 95 47 44 62 50 34 88 39 54 35 18 64 27 65 1 50 3 8 61 56 6 25 84 2 77 48 82 87 87 74 70 55 28 16 23 77 29 13 58 72 15 7 98 82 37 99 93 85 38 73 34 76 84 30 22 29 36 15 0 42 93 99 13 84 59 29 71 43 25 5 91 25 86 74 
22 9 53 18 13 2 78 43 53 93 52 78 93 62 1 39 40 48 70 39 82 8 97 29 9 36 54 28 50 50 57 31 40 88 92 83 78 1 89 57 40 63 98 98 66 35 87 19 41 44 56 3 13 91 62 56 22 84 89 40 86 13 97 83 62 38 64 47 18 6 19 94 19 95 22 63 19 5 60 18 69 26 14 19 86 72 13 22 97 16 87 28 66 75 48 16 85 44 35 69 83 93 68 85 72 65 16 4 89 42 0 29 88 98 57 15 10 20 65 73 1 93 95 38 42 
76 33 90 34 18 32 44 47 35 57 34 25 50 79 77 43 62 89 76 83 61 90 89 77 24 53 70 45 62 56 42 40 38 72 57 9 68 51 75 81 45 74 93 76 52 70 72 10 77 82 64 89 62 63 4 7 77 74 48 19 39 53 83 39 85 77 71 77 64 6 95 31 76 41 79 73 35 13 16 97 50 73 8 16 90 22 22 47 51 83 74 62 77 65 41 15 15 30 88 21 97 37 32 89 42 89 74 4 91 93 29 0 30 56 50 19 16 58 60 89 86 41 89 73 97 
8 9 28 11 72 39 62 22 99 52 62 59 84 8 33 64 33 74 89 15 70 86 1 3 61 32 21 1 83 89 80 6 27 15 22 3 16 82 37 54 50 61 22 84 25 44 93 30 98 18 8 91 50 65 17 41 84 79 6 65 3 83 55 92 88 81 55 37 40 72 88 45 80 19 1 22 70 15 40 58 36 99 16 12 84 80 67 90 33 44 26 27 11 78 75 66 28 91 86 31 37 13 1 19 41 19 42 7 68 99 88 30 0 83 33 61 42 60 62 83 38 23 48 88 14 
78 85 44 29 92 29 86 52 84 5 8 80 16 33 41 24 68 77 35 38 84 37 60 61 57 2 36 55 99 4 45 34 22 27 87 20 71 38 66 38 45 70 86 7 86 91 10 75 7 89 69 61 52 5 54 64 7 63 47 79 46 94 88 9 68 82 43 46 62 15 78 2 1 15 91 74 77 59 69 33 69 77 84 71 43 98 10 94 35 11 33 69 36 79 73 78 19 80 72 84 63 55 24 66 75 18 42 7 11 13 98 56 83 0 24 74 28 3 54 9 6 81 11 71 41 
73 78 2 76 8 76 37 74 78 80 60 37 18 4 82 41 54 88 15 63 73 67 63 60 10 65 39 65 84 29 95 75 4 40 38 63 4 77 57 47 24 73 76 19 48 41 11 31 80 54 87 70 28 7 78 8 22 5 75 69 59 20 40 19 70 8 70 15 57 81 16 39 55 39 61 19 85 5 2 79 72 79 35 92 90 48 37 23 55 61 91 80 67 47 58 31 77 48 15 97 13 89 84 10 73 51 52 88 77 84 57 50 33 24 0 66 36 73 66 52 40 68 28 52 37 
76 51 83 6 84 32 13 43 38 76 42 81 62 68 84 64 63 46 60 1 80 74 2 73 47 32 50 17 86 25 80 20 63 91 73 95 48 71 78 12 37 87 44 46 39 84 21 59 35 51 40 1 60 25 25 76 15 73 72 59 18 61 72 25 67 61 42 25 50 26 90 5 47 64 75 83 33 85 15 2 52 45 52 52 67 60 60 98 84 59 32 85 66 2 59 54 13 35 83 89 80 36 78 15 60 17 44 36 50 59 15 19 61 74 66 0 69 8 27 39 9 82 11 64 16 
77 80 95 82 57 52 54 14 90 32 28 59 8 96 31 64 76 37 89 34 49 12 92 41 61 19 82 91 88 21 87 94 29 59 75 76 43 21 71 65 82 83 4 65 85 61 84 40 81 76 58 87 15 24 65 27 42 41 94 51 34 58 37 6 8 93 21 85 43 55 55 33 95 7 53 55 27 94 83 22 97 97 44 6 97 72 72 51 91 51 99 76 76 36 85 61 25 29 4 12 58 92 90 56 58 32 65 61 20 29 10 16 42 28 36 69 0 80 59 22 6 2 15 81 35 
44 42 97 6 52 67 27 19 55 77 52 52 65 58 88 32 9 88 34 50 53 36 68 16 66 67 59 18 48 66 34 38 10 46 93 26 2 55 17 57 90 13 85 54 39 46 16 95 7 7 74 15 22 28 20 56 66 98 58 54 93 34 40 56 16 24 17 72 44 19 63 86 2 72 88 75 1 50 78 95 7 12 91 69 75 64 46 98 46 67 64 60 32 83 4 68 55 10 10 42 84 95 10 31 2 20 75 30 21 71 20 58 60 3 73 8 80 0 36 86 39 58 8 57 81 
21 65 27 43 33 68 83 24 5 53 41 64 56 97 54 19 35 40 25 78 93 43 82 38 63 16 13 60 1 88 55 90 55 83 15 36 82 16 43 84 70 49 7 86 32 19 47 26 33 37 78 69 88 31 72 32 79 13 18 44 9 62 71 46 26 13 1 31 96 85 75 71 20 53 44 74 75 22 69 1 85 11 76 21 40 36 34 15 46 65 10 9 56 66 30 85 49 53 45 76 24 11 28 8 21 80 48 77 55 43 65 60 62 54 66 27 59 36 0 18 45 86 77 72 85 
31 84 85 87 77 33 13 46 44 39 72 74 3 47 34 41 34 38 4 32 93 40 42 8 22 44 76 91 66 10 16 16 2 85 15 80 48 46 98 23 75 9 2 44 79 69 39 74 13 95 39 74 54 69 63 83 69 19 47 48 45 89 17 3 95 51 40 94 86 45 51 61 71 15 64 4 20 41 32 77 5 84 79 53 95 30 92 82 9 34 33 3 20 7 58 96 48 25 26 73 86 97 40 83 98 96 84 76 74 25 73 89 83 9 52 39 22 86 18 0 88 53 34 39 80 
37 25 31 53 63 75 26 96 12 84 46 84 91 90 83 6 93 7 42 58 97 53 84 83 14 40 54 96 22 12 28 13 29 53 50 63 17 30 58 57 86 84 66 51 79 27 20 74 71 17 32 16 14 26 54 96 39 55 38 51 6 74 11 25 63 16 68 96 90 59 78 4 71 44 29 31 45 82 57 22 24 94 52 60 1 54 78 69 53 68 67 81 85 49 45 85 44 73 49 6 32 88 91 4 18 41 30 42 71 5 1 86 38 6 40 9 6 39 45 88 0 30 5 60 32 
8 21 65 58 52 33 2 53 30 81 95 89 5 22 23 93 26 44 31 59 58 94 45 39 23 21 25 38 22 22 38 98 7 14 89 77 69 71 94 77 69 65 97 43 9 61 61 54 96 77 77 87 75 94 5 55 92 36 88 48 10 80 26 48 28 64 36 12 59 71 56 13 35 80 59 79 29 18 38 85 22 53 58 37 11 35 34 82 79 53 69 25 71 64 26 86 62 89 88 87 20 68 18 22 33 31 77 8 39 91 93 41 23 81 68 82 2 58 86 53 30 0 78 9 92 
46 45 23 57 97 98 42 34 77 75 10 83 17 93 4 80 68 59 23 74 95 85 98 48 28 2 96 73 40 59 6 65 45 10 46 77 22 15 6 75 62 27 19 14 37 46 7 76 52 99 60 90 35 51 5 78 54 20 88 88 42 33 48 58 94 9 22 51 98 96 67 68 63 84 92 70 4 67 30 92 36 31 30 3 33 14 74 22 90 59 77 63 45 12 61 64 8 88 70 44 96 31 76 74 2 54 54 42 36 25 95 89 48 11 28 11 15 8 77 34 5 78 0 29 94 
69 16 99 79 31 6 56 55 90 71 89 56 78 85 35 83 2 2 54 77 40 21 7 61 26 1 23 84 77 88 65 1 68 26 87 75 62 14 90 72 44 53 54 8 96 59 24 78 46 63 82 45 50 68 72 77 81 32 74 95 51 61 12 40 19 3 87 73 22 49 37 12 10 41 13 99 53 54 48 80 60 31 69 69 2 70 98 4 22 48 65 33 67 87 9 69 20 1 94 38 52 67 63 23 87 66 2 32 51 86 38 73 88 71 52 64 81 57 72 39 60 9 29 0 88 
58 31 53 88 23 1 56 15 33 27 47 79 69 59 50 75 99 84 97 29 91 74 88 61 18 46 34 82 61 95 35 70 33 48 31 71 30 77 88 37 47 18 8 1 73 24 32 61 18 23 28 68 71 3 84 7 95 10 4 55 74 71 79 80 91 43 52 69 27 11 63 14 5 22 95 97 93 47 70 53 40 63 61 27 88 48 85 90 64 91 35 61 56 82 49 69 47 24 78 98 69 39 38 13 82 51 90 34 53 74 42 97 14 41 37 16 35 81 85 80 32 92 94 88 0 
