130
0 38 13 73 10 76 6 80 65 17 2 77 72 7 26 51 21 19 85 12 29 30 15 51 69 88 88 95 97 87 14 10 8 64 62 23 58 2 1 61 82 9 89 14 48 73 31 72 4 71 22 50 58 4 69 25 44 77 27 53 81 42 83 16 65 69 26 99 88 8 27 26 23 10 68 24 28 38 58 84 39 9 33 35 11 24 16 88 26 72 93 75 63 47 33 89 24 56 66 78 4 1 78 7 53 86 71 3 77 92 22 76 8 78 73 76 77 44 21 31 37 8 46 69 58 83 97 14 11 24 
38 0 82 8 25 75 93 21 33 13 66 95 61 25 83 98 3 93 99 11 55 97 83 87 71 67 72 49 55 16 6 18 43 21 49 23 14 98 54 85 11 97 56 62 57 90 22 97 84 26 15 14 85 44 7 78 57 60 16 25 10 67 72 54 70 37 22 41 78 92 50 48 78 41 79 46 88 17 29 46 68 67 79 47 1 30 64 76 36 54 94 34 3 85 84 49 55 33 29 56 83 32 29 95 75 9 33 9 85 78 51 80 42 65 84 25 21 45 16 31 92 15 20 27 87 8 54 48 61 35 
13 82 0 33 20 68 25 84 95 39 48 6 80 64 88 33 43 75 67 89 99 31 18 69 65 61 79 18 40 36 82 29 23 39 42 75 78 71 26 49 51 63 45 55 1 87 17 20 10 93 52 11 69 24 15 64 22 47 4 57 89 81 47 55 80 72 15 78 16 26 54 85 59 86 30 45 38 23 92 55 77 13 60 27 77 72 88 40 44 77 39 92 70 99 34 44 27 57 70 74 53 90 28 44 2 83 95 97 27 85 31 65 23 99 53 4 71 13 40 84 49 62 71 14 37 24 23 67 93 96 
73 8 33 0 54 10 42 58 89 94 77 83 12 37 17 31 85 58 36 42 82 3 86 94 37 47 81 28 73 29 3 14 42 37 41 19 98 39 64 47 90 3 99 29 79 76 59 43 27 22 59 17 93 38 12 23 7 97 15 88 76 36 64 33 92 50 1 23 98 71 37 19 28 29 53 95 51 47 8 86 17 30 12 62 15 31 9 41 49 31 24 67 93 65 13 18 34 11 29 76 6 82 6 43 87 53 58 57 79 88 82 11 73 49 20 13 26 78 17 5 89 28 51 69 4 59 13 3 77 97 
10 25 20 54 0 97 62 16 75 13 19 31 60 6 17 96 97 61 44 32 45 25 63 80 22 20 78 34 5 40 68 35 35 43 79 83 39 49 82 6 92 9 41 70 6 8 79 38 79 34 28 52 78 31 44 47 10 68 4 68 55 98 64 81 29 38 65 38 94 19 79 71 93 53 11 33 47 64 94 19 37 30 40 29 55 30 56 91 28 61 13 18 72 92 8 84 57 52 33 77 63 52 97 31 23 6 92 96 23 77 23 19 94 30 19 53 32 50 99 84 94 46 52 87 16 72 49 29 84 28 
76 75 68 10 97 0 44 20 80 71 89 87 12 66 94 16 52 99 87 46 64 43 23 83 41 45 17 18 89 1 98 83 72 15 37 27 33 2 49 89 23 35 95 22 69 68 49 19 98 12 12 53 77 69 46 65 90 41 8 8 34 59 8 35 5 6 62 51 77 46 97 22 93 72 93 26 98 2 14 39 86 28 39 85 34 2 32 39 29 76 32 52 67 68 33 75 33 98 6 1 38 73 44 25 17 97 97 42 25 22 28 47 36 63 69 63 33 46 89 43 58 26 33 34 7 66 52 32 8 14 
6 93 25 42 62 44 0 4 29 16 30 67 62 84 97 59 83 35 31 58 97 50 47 84 42 21 41 51 5 10 1 91 22 75 22 34 39 38 44 34 96 42 72 70 71 24 87 40 32 38 39 57 88 29 37 67 11 85 1 17 31 4 79 60 54 70 50 75 47 28 34 73 69 40 33 98 8 34 63 15 78 44 62 86 37 13 54 27 83 13 26 2 42 56 56 65 16 93 41 61 71 50 51 33 91 21 53 39 66 81 58 53 90 20 95 65 43 48 22 98 2 90 39 13 19 78 78 89 91 84 
80 21 84 58 16 20 4 0 40 99 16 38 97 37 99 2 33 31 8 51 51 33 44 42 70 2 98 52 31 83 50 82 83 96 72 22 19 47 45 92 10 5 78 64 24 96 60 65 83 32 2 85 79 69 55 26 84 28 57 93 9 56 77 47 50 12 9 62 75 24 89 90 83 83 6 43 47 22 52 74 43 14 19 24 46 96 53 34 55 15 58 62 41 73 66 23 3 87 2 73 52 72 88 78 63 49 1 43 40 4 58 44 54 44 75 99 98 76 60 67 75 92 6 27 68 32 12 4 55 2 
65 33 95 89 75 80 29 40 0 14 60 57 82 9 39 5 71 77 74 6 80 85 60 32 91 8 67 33 47 76 83 45 65 38 48 74 91 85 16 66 53 70 67 90 29 20 18 6 80 11 30 18 82 47 8 18 87 62 65 8 30 56 29 44 99 56 6 51 93 64 53 35 99 84 78 38 90 55 5 44 12 30 77 90 33 51 52 43 24 90 44 89 96 29 65 87 59 89 52 23 11 32 10 7 31 68 19 13 74 75 92 66 86 54 43 7 10 37 88 60 9 54 88 19 22 68 15 21 86 10 
17 13 39 94 13 71 16 99 14 0 43 67 21 17 59 78 43 36 76 29 86 35 45 93 83 9 31 65 78 19 39 12 57 53 84 77 69 26 70 32 60 63 30 67 33 72 61 94 73 28 98 94 69 39 61 98 10 68 79 64 21 36 56 29 46 93 57 52 5 80 76 32 77 53 39 84 81 75 71 27 58 31 65 39 19 96 42 96 58 49 43 53 23 65 71 62 61 97 28 1 27 51 21 27 66 78 19 61 83 60 63 39 24 69 70 62 88 67 20 37 18 22 78 27 33 9 9 21 69 83 
2 66 48 77 19 89 30 16 60 43 0 55 86 94 75 90 24 95 91 14 12 43 11 89 25 48 69 44 92 14 7 3 68 94 5 29 36 83 78 47 79 7 92 81 21 24 64 72 7 22 65 51 91 10 93 68 86 34 72 9 52 34 62 8 60 42 28 52 41 72 46 95 10 89 47 59 22 55 1 20 20 86 28 98 22 95 19 68 36 96 30 23 57 11 43 73 32 13 83 8 88 9 62 24 35 95 4 56 69 16 25 95 63 27 99 48 88 36 17 88 91 79 88 58 25 56 50 53 25 16 
77 95 6 83 31 87 67 38 57 67 55 0 68 74 47 21 67 95 13 26 1 98 99 78 12 91 25 55 48 78 41 60 96 80 90 32 57 34 39 93 21 15 10 68 82 80 4 48 71 43 6 21 58 60 55 78 25 59 80 37 81 59 52 64 74 84 89 83 56 79 71 28 24 54 70 69 24 47 40 67 78 27 25 18 88 2 46 59 22 18 57 34 44 76 99 3 97 91 84 27 27 53 56 8 63 32 80 93 77 47 88 71 70 56 93 99 88 86 75 16 15 57 88 2 85 76 77 91 19 63 
72 61 80 12 60 12 62 97 82 21 86 68 0 46 66 53 29 88 39 21 98 52 60 95 65 15 98 53 45 17 65 31 83 11 46 89 79 60 98 43 65 6 91 77 56 43 21 89 69 19 93 50 84 16 18 62 8 65 56 3 91 5 17 78 69 31 53 85 37 99 60 32 36 33 51 52 6 34 1 10 32 36 89 61 39 12 45 44 8 63 57 97 94 53 25 44 52 11 95 50 19 11 62 40 7 8 80 13 1 4 52 16 68 82 60 67 16 62 65 20 45 88 62 22 1 64 95 85 2 85 
7 25 64 37 6 66 84 37 9 17 94 74 46 0 61 77 23 15 25 47 33 81 71 55 25 78 90 36 58 32 40 15 94 49 14 20 16 98 42 36 26 52 35 23 34 62 79 8 33 4 68 96 58 97 47 90 22 93 85 59 65 41 79 79 63 63 48 28 72 43 15 94 52 19 79 11 36 50 94 80 90 5 6 87 30 54 81 73 30 39 79 55 43 65 69 45 85 74 51 81 51 36 73 16 40 3 36 98 80 16 16 95 67 35 84 94 19 75 19 26 18 50 38 21 41 53 24 19 80 52 
26 83 88 17 17 94 97 99 39 59 75 47 66 61 0 33 38 31 41 51 74 69 81 16 64 65 92 21 55 24 7 25 1 49 81 29 89 2 74 22 1 77 33 41 82 84 31 88 54 34 83 23 4 35 50 89 71 38 34 13 38 80 66 7 80 93 4 33 86 45 30 47 68 67 29 58 85 44 95 94 21 53 32 26 64 53 60 18 23 55 14 31 24 51 22 72 4 24 13 78 8 53 31 27 9 97 85 82 74 40 57 61 26 66 96 28 19 87 2 35 3 18 86 12 94 54 60 83 12 84 
51 98 33 31 96 16 59 2 5 78 90 21 53 77 33 0 4 84 1 94 86 52 92 33 87 85 82 6 12 70 10 47 75 94 33 39 43 64 24 41 64 64 32 19 41 6 93 80 83 75 41 26 69 50 83 87 47 14 22 81 82 95 50 52 15 31 11 86 5 8 55 60 85 99 42 36 57 14 12 53 67 22 82 95 35 62 92 86 61 93 99 92 75 9 76 82 28 26 87 37 15 4 93 85 73 44 9 56 18 61 33 99 84 28 96 53 51 81 92 80 27 38 25 57 41 53 39 20 45 21 
21 3 43 85 97 52 83 33 71 43 24 67 29 23 38 4 0 64 22 66 69 93 19 69 17 79 60 57 45 36 40 62 33 68 54 63 76 9 35 34 93 26 68 2 99 9 90 28 30 90 78 11 62 17 80 75 77 98 1 31 4 82 65 39 68 31 22 27 96 11 70 34 37 10 1 56 70 11 4 40 78 38 17 26 47 8 44 1 57 15 56 56 53 79 98 54 61 1 15 61 67 96 40 72 8 17 67 62 70 51 59 80 15 78 13 12 80 96 35 7 70 86 45 71 73 13 47 83 8 30 
19 93 75 58 61 99 35 31 77 36 95 95 88 15 31 84 64 0 61 83 74 47 87 85 98 48 89 74 77 88 46 37 88 40 38 7 44 59 2 84 30 49 56 46 9 35 30 1 80 20 5 72 2 9 27 41 90 33 71 97 8 39 82 30 4 75 51 92 17 50 43 71 9 32 26 35 55 98 97 71 6 64 95 25 47 21 23 1 70 23 28 26 65 46 39 58 53 53 33 70 80 6 34 65 54 54 54 13 81 97 34 52 56 81 55 13 86 11 82 79 72 85 30 13 64 8 71 83 64 65 
85 99 67 36 44 87 31 8 74 76 91 13 39 25 41 1 22 61 0 45 70 76 89 35 15 60 89 34 25 4 42 31 23 54 97 92 92 83 98 37 7 39 99 32 63 48 63 35 72 43 21 91 51 23 3 64 1 93 6 73 53 10 95 98 12 99 41 92 77 88 62 3 23 83 94 99 48 30 96 99 81 2 76 2 53 93 65 76 79 63 77 49 37 50 15 74 22 33 72 1 47 25 81 38 17 53 69 93 91 8 61 10 35 64 67 69 14 67 92 1 35 71 17 38 18 39 83 15 38 63 
12 11 89 42 32 46 58 51 6 29 14 26 21 47 51 94 66 83 45 0 1 34 50 78 32 58 59 74 77 29 77 54 59 32 95 14 39 92 88 60 47 63 87 62 40 72 3 60 26 58 33 31 53 92 42 79 58 46 86 26 74 75 7 3 31 78 79 92 97 43 19 84 90 89 57 43 5 12 25 23 7 5 80 29 54 31 22 28 6 36 73 83 49 52 95 25 77 41 86 29 41 48 24 29 85 90 38 6 24 69 21 14 57 30 29 92 55 29 64 82 61 70 84 73 80 49 53 93 93 97 
29 55 99 82 45 64 97 51 80 86 12 1 98 33 74 86 69 74 70 1 0 58 95 40 91 79 62 58 6 77 26 80 94 38 45 61 16 93 42 64 8 3 47 76 53 67 26 38 4 26 85 65 1 53 82 47 85 18 55 36 79 61 51 47 24 66 1 33 13 91 76 26 56 70 6 15 88 3 92 65 99 88 59 25 46 15 78 87 33 92 73 39 84 21 25 72 28 38 96 83 17 55 97 53 74 6 67 81 95 51 3 90 33 8 90 86 37 67 74 12 36 43 40 53 94 85 21 74 8 53 
30 97 31 3 25 43 50 33 85 35 43 98 52 81 69 52 93 47 76 34 58 0 70 58 63 90 84 17 29 46 83 82 69 68 62 84 70 39 75 64 73 13 35 25 84 35 23 90 41 88 76 78 39 76 22 16 56 69 83 69 12 37 58 28 80 2 13 2 9 90 64 91 16 86 81 85 28 94 8 15 76 13 62 21 38 63 67 34 58 75 73 6 1 3 5 65 58 36 31 5 76 81 15 3 53 55 16 97 89 1 60 63 2 92 68 82 42 84 45 98 7 88 57 50 48 73 60 94 83 81 
15 83 18 86 63 23 47 44 60 45 11 99 60 71 81 92 19 87 89 50 95 70 0 99 93 39 11 88 66 96 89 60 74 96 92 35 51 52 83 83 52 92 25 56 69 66 38 58 98 88 45 58 42 33 28 56 64 81 92 77 57 27 63 54 93 23 39 21 59 44 20 46 76 38 85 35 88 59 2 41 86 38 59 8 25 25 84 42 95 28 33 15 26 14 79 37 25 4 57 94 32 29 77 3 61 60 73 41 16 38 8 83 39 48 61 61 49 83 9 86 69 40 64 55 14 62 41 74 75 69 
51 87 69 94 80 83 84 42 32 93 89 78 95 55 16 33 69 85 35 78 40 58 99 0 25 26 34 19 79 47 79 8 78 9 39 50 15 18 46 58 78 88 27 32 59 24 38 43 94 90 82 97 27 47 19 25 40 76 40 7 69 40 47 22 68 74 25 72 33 13 87 66 8 3 97 21 4 86 95 36 18 18 56 44 53 96 26 90 30 52 68 48 21 72 80 9 24 61 57 10 47 61 66 63 22 14 23 28 26 18 33 94 15 86 53 26 61 84 69 90 25 58 64 13 19 27 78 26 1 23 
69 71 65 37 22 41 42 70 91 83 25 12 65 25 64 87 17 98 15 32 91 63 93 25 0 15 75 40 76 20 10 72 54 67 28 89 3 72 86 20 15 14 98 83 23 62 82 12 29 45 3 4 11 32 92 97 30 56 30 34 42 66 50 26 86 49 54 49 1 39 8 22 6 16 78 81 64 98 31 33 73 45 41 68 25 79 68 51 49 36 53 32 2 65 32 19 67 16 44 40 21 2 1 46 83 30 27 8 53 4 22 84 80 63 70 68 9 73 44 96 90 77 73 59 69 59 82 64 93 53 
88 67 61 47 20 45 21 2 8 9 48 91 15 78 65 85 79 48 60 58 79 90 39 26 15 0 38 48 52 24 71 1 24 23 88 60 9 3 19 4 15 80 68 35 82 65 45 43 35 79 45 61 68 43 23 42 69 42 40 81 43 68 99 14 26 39 76 6 93 23 40 74 15 48 72 2 34 71 61 20 16 98 99 54 70 21 36 39 50 82 59 13 76 54 25 96 23 34 25 31 88 1 88 36 46 64 9 42 15 63 11 30 31 38 98 40 11 68 55 78 46 74 69 24 82 65 82 82 33 94 
88 72 79 81 78 17 41 98 67 31 69 25 98 90 92 82 60 89 89 59 62 84 11 34 75 38 0 15 31 39 97 88 1 38 67 43 62 19 1 46 83 95 72 71 97 54 1 43 41 40 25 41 93 73 32 5 30 36 36 49 31 48 1 80 8 53 10 25 52 86 92 76 15 82 62 41 13 28 45 1 55 65 17 91 18 60 91 96 38 73 84 82 40 44 71 91 24 31 74 64 91 49 45 95 17 60 91 45 86 49 18 52 49 7 77 67 87 36 45 79 99 1 39 19 82 37 49 4 52 49 
95 49 18 28 34 18 51 52 33 65 44 55 53 36 21 6 57 74 34 74 58 17 88 19 40 48 15 0 4 89 58 17 88 64 87 22 34 95 32 69 39 72 70 54 13 97 47 41 18 94 79 62 36 59 32 31 49 31 97 97 21 7 75 36 37 74 39 72 57 72 68 50 62 83 99 84 86 88 48 1 66 22 22 40 77 61 3 41 78 44 84 60 67 79 86 51 23 38 14 16 85 47 39 90 55 28 30 49 16 74 30 52 50 89 65 14 53 95 60 35 4 65 81 93 58 1 10 91 39 18 
97 55 40 73 5 89 5 31 47 78 92 48 45 58 55 12 45 77 25 77 6 29 66 79 76 52 31 4 0 14 43 53 10 39 26 58 82 52 70 54 90 70 30 91 63 77 21 56 89 96 2 63 55 11 32 70 96 48 49 11 41 26 73 88 23 50 56 89 4 29 25 21 66 88 10 12 22 59 88 95 65 79 88 72 87 83 1 43 35 67 58 93 7 71 3 13 91 5 1 35 77 9 24 62 28 16 12 86 54 91 48 61 89 30 84 51 70 39 84 75 96 48 6 60 12 36 52 85 74 13 
87 16 36 29 40 1 10 83 76 19 14 78 17 32 24 70 36 88 4 29 77 46 96 47 20 24 39 89 14 0 36 17 10 85 59 49 22 48 72 57 52 68 4 93 51 54 88 80 93 40 81 83 83 3 31 86 48 66 42 57 42 80 45 95 80 87 34 55 16 28 38 6 65 35 43 88 45 91 43 45 53 89 58 81 3 65 74 96 50 32 32 42 40 15 3 48 36 51 33 33 42 43 96 17 84 29 32 92 12 39 88 17 57 10 65 84 27 3 39 86 31 87 54 32 31 37 16 22 93 48 
14 6 82 3 68 98 1 50 83 39 7 41 65 40 7 10 40 46 42 77 26 83 89 79 10 71 97 58 43 36 0 74 45 5 67 44 19 60 91 30 78 10 24 91 9 92 15 88 48 73 38 42 90 31 40 6 34 75 20 94 38 90 16 13 98 65 1 70 51 48 19 69 68 67 75 70 56 66 82 51 49 5 51 57 79 39 11 95 25 40 59 56 1 39 94 86 96 71 74 56 16 97 50 56 7 33 30 94 79 20 29 79 42 93 25 90 11 70 16 47 30 45 20 84 75 80 45 99 13 87 
10 18 29 14 35 83 91 82 45 12 3 60 31 15 25 47 62 37 31 54 80 82 60 8 72 1 88 17 53 17 74 0 78 50 32 54 88 93 79 3 70 97 23 43 3 21 57 40 38 27 22 4 63 29 10 55 2 29 7 45 68 33 30 70 13 91 16 75 93 17 24 16 12 5 72 95 25 81 38 64 61 82 50 79 12 1 48 24 82 91 13 57 82 29 36 81 9 17 7 22 35 48 46 43 26 36 76 27 54 88 75 67 78 61 53 50 37 61 96 48 70 35 62 33 48 19 92 92 74 82 
8 43 23 42 35 72 22 83 65 57 68 96 83 94 1 75 33 88 23 59 94 69 74 78 54 24 1 88 10 10 45 78 0 13 42 58 71 3 35 81 67 88 72 15 27 40 91 59 46 83 85 53 14 10 26 48 65 89 40 86 22 46 45 89 84 69 68 71 36 35 25 62 88 74 21 77 73 59 56 16 83 42 64 28 97 83 90 72 74 97 61 90 80 89 23 35 56 8 38 99 1 76 74 64 58 65 40 15 23 27 16 82 77 93 27 50 89 33 26 99 53 61 78 6 47 65 11 98 2 57 
64 21 39 37 43 15 75 96 38 53 94 80 11 49 49 94 68 40 54 32 38 68 96 9 67 23 38 64 39 85 5 50 13 0 73 92 57 22 87 38 73 75 93 15 15 50 89 46 87 31 84 78 72 59 63 43 19 59 76 13 29 46 50 95 23 77 57 90 39 87 12 20 89 51 75 92 91 41 60 3 9 76 72 30 96 11 73 64 14 36 62 28 6 49 37 83 68 7 39 19 72 54 16 53 47 98 75 54 4 25 44 26 27 2 7 19 35 32 97 81 99 44 52 37 83 9 3 20 63 95 
62 49 42 41 79 37 22 72 48 84 5 90 46 14 81 33 54 38 97 95 45 62 92 39 28 88 67 87 26 59 67 32 42 73 0 76 26 36 80 63 77 77 75 71 48 79 32 34 44 10 57 87 47 38 37 11 51 78 20 46 35 36 8 72 2 4 47 62 7 4 9 37 85 49 82 15 16 49 44 44 58 86 68 47 51 3 1 82 59 19 46 66 28 97 84 59 21 97 44 85 12 99 91 47 38 89 41 7 45 31 59 34 66 22 90 58 1 78 68 16 71 4 48 43 2 82 48 17 69 22 
23 23 75 19 83 27 34 22 74 77 29 32 89 20 29 39 63 7 92 14 61 84 35 50 89 60 43 22 58 49 44 54 58 92 76 0 62 30 45 97 67 35 89 87 78 98 39 11 22 17 79 8 54 54 68 78 13 87 86 29 14 62 7 58 46 62 52 94 7 58 41 8 5 93 8 19 52 73 3 83 47 19 87 30 36 12 53 77 38 79 70 25 70 30 78 25 43 11 66 86 54 21 14 27 7 32 84 50 66 55 1 51 82 38 77 71 21 55 16 46 30 71 15 14 77 82 48 44 76 63 
58 14 78 98 39 33 39 19 91 69 36 57 79 16 89 43 76 44 92 39 16 70 51 15 3 9 62 34 82 22 19 88 71 57 26 62 0 26 26 73 43 62 45 45 54 33 29 6 21 62 8 52 98 51 84 22 10 78 12 68 36 38 42 10 16 94 86 77 30 53 26 87 38 16 23 92 37 46 67 4 59 96 73 73 90 17 86 75 33 63 7 74 38 3 46 14 42 34 4 5 31 66 70 89 75 37 66 57 78 71 17 43 98 58 94 6 90 88 30 96 70 87 42 82 52 47 59 40 84 16 
2 98 71 39 49 2 38 47 85 26 83 34 60 98 2 64 9 59 83 92 93 39 52 18 72 3 19 95 52 48 60 93 3 22 36 30 26 0 76 94 94 53 57 26 80 37 5 83 95 12 43 23 85 29 57 33 59 87 69 67 23 3 74 2 34 81 8 64 70 6 43 16 36 47 82 24 21 5 24 26 47 32 26 19 12 54 46 7 21 6 68 12 45 45 27 86 57 81 54 38 47 12 65 57 84 23 57 77 75 72 37 51 32 24 29 1 40 62 33 67 59 47 80 38 54 91 89 34 35 26 
1 54 26 64 82 49 44 45 16 70 78 39 98 42 74 24 35 2 98 88 42 75 83 46 86 19 1 32 70 72 91 79 35 87 80 45 26 76 0 79 20 84 53 76 85 64 97 80 99 42 39 40 7 9 1 88 43 19 45 44 94 6 3 63 37 95 60 84 20 24 31 18 99 40 56 24 17 10 92 31 49 50 38 52 22 1 32 94 19 40 45 50 45 24 37 82 90 70 75 86 69 62 44 47 54 75 13 36 18 12 5 88 27 66 17 76 26 64 25 17 80 85 57 20 34 66 30 39 84 54 
61 85 49 47 6 89 34 92 66 32 47 93 43 36 22 41 34 84 37 60 64 64 83 58 20 4 46 69 54 57 30 3 81 38 63 97 73 94 79 0 70 92 65 20 55 76 70 71 94 23 82 29 98 74 58 51 21 30 33 44 92 48 47 58 80 2 13 40 20 56 60 58 67 89 58 54 56 3 34 45 54 38 63 74 61 70 73 87 83 13 49 9 84 65 27 53 18 28 43 49 54 93 15 85 46 29 16 34 90 71 15 91 80 66 14 27 52 24 94 11 73 52 30 20 3 37 23 57 99 95 
82 11 51 90 92 23 96 10 53 60 79 21 65 26 1 64 93 30 7 47 8 73 52 78 15 15 83 39 90 52 78 70 67 73 77 67 43 94 20 70 0 59 22 35 40 55 29 12 60 3 4 87 11 28 2 62 71 13 31 68 80 62 58 8 43 4 54 90 13 75 76 60 35 70 51 98 93 22 86 76 44 4 85 7 2 66 97 19 54 8 71 47 26 35 56 72 64 95 12 13 50 80 68 55 70 82 42 32 83 34 74 10 89 75 96 2 20 12 73 42 24 36 59 30 15 2 50 95 40 28 
9 97 63 3 9 35 42 5 70 63 7 15 6 52 77 64 26 49 39 63 3 13 92 88 14 80 95 72 70 68 10 97 88 75 77 35 62 53 84 92 59 0 58 20 33 12 52 88 86 65 77 61 9 40 85 98 19 4 47 41 32 96 43 63 24 17 89 32 98 76 84 7 19 46 65 54 86 44 51 43 14 8 1 6 14 9 39 67 60 98 67 6 26 89 7 16 75 60 20 51 23 3 76 76 51 42 9 48 84 28 10 71 19 79 70 62 84 36 36 57 54 23 14 49 22 8 7 78 29 44 
89 56 45 99 41 95 72 78 67 30 92 10 91 35 33 32 68 56 99 87 47 35 25 27 98 68 72 70 30 4 24 23 72 93 75 89 45 57 53 65 22 58 0 85 71 98 29 74 90 7 54 14 73 55 90 51 49 39 58 35 69 66 52 25 86 48 39 85 39 32 79 79 9 37 96 73 38 78 35 40 20 68 32 71 65 56 60 57 27 90 78 31 53 89 32 84 44 1 52 11 73 40 77 14 70 70 50 12 13 60 14 90 32 20 26 65 87 67 19 87 92 99 99 37 49 15 41 46 79 64 
14 62 55 29 70 22 70 64 90 67 81 68 77 23 41 19 2 46 32 62 76 25 56 32 83 35 71 54 91 93 91 43 15 15 71 87 45 26 76 20 35 20 85 0 1 55 21 85 24 56 60 41 38 3 35 70 44 91 41 84 61 46 19 69 27 61 46 59 24 2 41 14 78 63 52 95 48 62 58 65 98 24 2 3 68 84 5 9 78 15 14 99 7 96 69 98 87 29 74 35 84 59 49 10 15 32 25 25 23 75 26 20 97 75 62 86 8 54 89 62 76 69 18 44 29 18 53 49 92 95 
48 57 1 79 6 69 71 24 29 33 21 82 56 34 82 41 99 9 63 40 53 84 69 59 23 82 97 13 63 51 9 3 27 15 48 78 54 80 85 55 40 33 71 1 0 60 22 87 72 93 10 11 21 84 16 47 39 20 61 7 24 32 92 1 84 72 10 68 66 3 66 48 87 26 20 5 53 71 5 23 63 60 41 70 71 24 77 32 59 28 73 31 19 57 45 37 60 89 57 84 57 2 49 9 55 24 94 54 71 24 43 69 62 31 73 27 36 89 95 22 61 33 91 87 19 10 30 75 31 59 
73 90 87 76 8 68 24 96 20 72 24 80 43 62 84 6 9 35 48 72 67 35 66 24 62 65 54 97 77 54 92 21 40 50 79 98 33 37 64 76 55 12 98 55 60 0 40 95 26 74 74 54 76 78 61 27 7 85 68 78 34 92 52 37 34 84 41 14 65 52 74 7 57 22 60 31 46 69 58 20 83 32 71 61 76 34 18 79 97 1 83 42 68 86 63 35 25 98 73 13 51 64 65 34 60 36 20 7 24 97 61 19 97 63 10 24 41 77 98 7 80 35 81 7 33 13 71 96 52 46 
31 22 17 59 79 49 87 60 18 61 64 4 21 79 31 93 90 30 63 3 26 23 38 38 82 45 1 47 21 88 15 57 91 89 32 39 29 5 97 70 29 52 29 21 22 40 0 18 88 87 85 7 58 58 84 73 7 88 19 31 7 88 14 54 62 41 39 17 48 39 98 1 66 49 70 32 66 1 76 77 20 85 83 64 39 55 87 13 22 19 46 60 61 13 29 12 14 61 83 60 88 84 3 34 92 10 3 77 44 82 18 89 54 51 76 7 37 95 17 77 99 63 23 71 70 83 16 96 19 22 
72 97 20 43 38 19 40 65 6 94 72 48 89 8 88 80 28 1 35 60 38 90 58 43 12 43 43 41 56 80 88 40 59 46 34 11 6 83 80 71 12 88 74 85 87 95 18 0 10 3 79 79 7 97 60 37 26 6 62 9 7 21 57 14 94 4 79 6 82 91 40 99 8 33 11 69 45 99 82 80 98 20 50 67 62 51 26 41 25 56 3 87 6 10 95 81 26 54 72 66 56 64 8 69 87 40 58 74 78 39 32 77 60 82 28 90 40 9 4 15 99 10 76 79 82 65 74 84 16 65 
4 84 10 27 79 98 32 83 80 73 7 71 69 33 54 83 30 80 72 26 4 41 98 94 29 35 41 18 89 93 48 38 46 87 44 22 21 95 99 94 60 86 90 24 72 26 88 10 0 53 48 27 54 17 26 8 25 5 10 26 37 90 81 53 70 55 26 42 19 12 81 4 2 18 51 91 19 46 45 49 21 92 17 36 30 8 29 7 30 98 97 95 3 89 91 61 70 1 87 15 69 74 16 87 90 45 68 16 51 35 53 15 71 31 29 93 73 35 60 15 81 13 87 64 86 79 3 10 76 31 
71 26 93 22 34 12 38 32 11 28 22 43 19 4 34 75 90 20 43 58 26 88 88 90 45 79 40 94 96 40 73 27 83 31 10 17 62 12 42 23 3 65 7 56 93 74 87 3 53 0 33 20 68 77 31 71 9 18 75 67 49 66 17 33 18 78 59 12 67 34 8 7 5 63 1 22 21 38 51 59 82 79 7 47 13 62 50 52 28 60 15 22 88 54 14 75 35 50 71 24 54 52 13 71 11 99 5 97 12 75 38 32 44 95 38 87 1 39 26 23 45 94 47 86 14 32 47 82 67 37 
22 15 52 59 28 12 39 2 30 98 65 6 93 68 83 41 78 5 21 33 85 76 45 82 3 45 25 79 2 81 38 22 85 84 57 79 8 43 39 82 4 77 54 60 10 74 85 79 48 33 0 53 35 32 14 48 19 26 64 87 6 24 20 31 5 8 52 99 67 65 28 96 56 1 44 44 91 63 65 5 7 25 24 28 31 69 26 94 51 68 3 99 86 57 19 13 25 38 70 65 59 1 65 14 22 38 99 15 18 91 90 23 21 51 73 49 11 24 97 66 13 21 86 22 47 32 27 35 59 91 
50 14 11 17 52 53 57 85 18 94 51 21 50 96 23 26 11 72 91 31 65 78 58 97 4 61 41 62 63 83 42 4 53 78 87 8 52 23 40 29 87 61 14 41 11 54 7 79 27 20 53 0 83 70 15 80 84 79 63 26 68 18 20 55 38 1 81 62 62 4 17 54 78 25 65 20 72 63 54 5 5 72 84 70 80 61 98 54 33 88 7 3 41 6 22 4 12 80 68 7 76 47 17 64 5 20 41 38 63 59 6 80 87 75 45 11 7 33 41 9 67 96 73 58 25 95 34 48 95 53 
58 85 69 93 78 77 88 79 82 69 91 58 84 58 4 69 62 2 51 53 1 39 42 27 11 68 93 36 55 83 90 63 14 72 47 54 98 85 7 98 11 9 73 38 21 76 58 7 54 68 35 83 0 92 12 37 7 61 30 50 56 7 41 64 8 76 27 56 32 83 96 55 78 77 7 96 91 79 58 14 84 24 21 66 91 85 55 67 84 88 38 17 8 81 69 16 16 83 21 48 21 59 10 97 56 60 89 8 26 10 11 37 40 21 83 76 29 99 41 86 84 6 11 49 61 68 60 34 22 77 
4 44 24 38 31 69 29 69 47 39 10 60 16 97 35 50 17 9 23 92 53 76 33 47 32 43 73 59 11 3 31 29 10 59 38 54 51 29 9 74 28 40 55 3 84 78 58 97 17 77 32 70 92 0 84 7 22 15 42 66 79 69 39 92 54 81 95 13 90 78 61 58 52 15 68 49 55 10 23 34 99 57 81 15 32 20 43 32 74 28 62 15 54 41 91 44 12 74 73 32 52 59 16 49 4 26 65 29 69 60 60 84 78 5 70 67 74 44 88 84 74 79 63 5 73 41 98 13 19 55 
69 7 15 12 44 46 37 55 8 61 93 55 18 47 50 83 80 27 3 42 82 22 28 19 92 23 32 32 32 31 40 10 26 63 37 68 84 57 1 58 2 85 90 35 16 61 84 60 26 31 14 15 12 84 0 36 20 32 10 71 30 33 86 95 87 85 84 12 85 97 96 83 29 90 37 18 96 22 11 80 62 40 89 91 72 84 46 13 20 45 20 85 64 42 64 31 52 12 54 32 75 92 69 11 21 88 73 78 1 39 89 48 6 47 75 72 94 58 18 47 38 88 88 74 4 51 64 64 61 53 
25 78 64 23 47 65 67 26 18 98 68 78 62 90 89 87 75 41 64 79 47 16 56 25 97 42 5 31 70 86 6 55 48 43 11 78 22 33 88 51 62 98 51 70 47 27 73 37 8 71 48 80 37 7 36 0 49 52 7 64 94 2 25 23 89 49 35 23 40 19 64 75 89 18 8 28 87 79 3 51 17 44 80 12 78 14 95 39 1 72 27 93 77 95 89 55 17 63 74 57 54 40 19 65 79 69 59 51 54 44 48 51 48 88 95 55 75 66 4 45 12 53 57 41 15 39 98 14 47 62 
44 57 22 7 10 90 11 84 87 10 86 25 8 22 71 47 77 90 1 58 85 56 64 40 30 69 30 49 96 48 34 2 65 19 51 13 10 59 43 21 71 19 49 44 39 7 7 26 25 9 19 84 7 22 20 49 0 6 62 15 78 66 93 48 77 14 6 23 42 7 16 31 47 93 33 19 30 72 4 1 51 70 41 36 52 16 50 9 68 66 35 35 86 39 3 46 59 18 34 93 9 45 6 10 42 51 74 78 63 8 33 80 67 42 78 77 49 92 14 76 2 33 28 10 37 8 55 12 90 37 
77 60 47 97 68 41 85 28 62 68 34 59 65 93 38 14 98 33 93 46 18 69 81 76 56 42 36 31 48 66 75 29 89 59 78 87 78 87 19 30 13 4 39 91 20 85 88 6 5 18 26 79 61 15 32 52 6 0 81 59 77 64 24 33 66 80 76 74 63 18 87 66 6 77 60 45 93 30 57 57 68 54 18 13 53 83 94 20 61 58 34 62 89 74 80 33 61 71 19 35 74 39 72 23 16 55 28 24 27 12 61 31 62 98 74 45 81 24 65 72 18 65 13 85 39 77 38 38 84 44 
27 16 4 15 4 8 1 57 65 79 72 80 56 85 34 22 1 71 6 86 55 83 92 40 30 40 36 97 49 42 20 7 40 76 20 86 12 69 45 33 31 47 58 41 61 68 19 62 10 75 64 63 30 42 10 7 62 81 0 88 78 14 44 91 28 47 69 5 99 32 59 90 42 64 97 83 55 88 40 72 37 40 71 17 11 26 48 12 79 64 44 94 42 24 34 89 47 26 46 31 95 87 26 97 38 7 23 30 84 32 88 98 54 16 84 87 16 79 36 7 2 9 83 12 79 81 93 40 7 27 
53 25 57 88 68 8 17 93 8 64 9 37 3 59 13 81 31 97 73 26 36 69 77 7 34 81 49 97 11 57 94 45 86 13 46 29 68 67 44 44 68 41 35 84 7 78 31 9 26 67 87 26 50 66 71 64 15 59 88 0 74 77 65 35 27 83 39 92 9 19 25 6 56 46 3 25 48 58 40 80 38 52 10 38 9 70 16 57 67 38 23 76 19 7 78 72 35 41 53 25 50 7 33 67 13 59 87 33 49 46 56 33 27 16 60 57 31 67 28 94 21 49 39 23 65 62 85 88 68 70 
81 10 89 76 55 34 31 9 30 21 52 81 91 65 38 82 4 8 53 74 79 12 57 69 42 43 31 21 41 42 38 68 22 29 35 14 36 23 94 92 80 32 69 61 24 34 7 7 37 49 6 68 56 79 30 94 78 77 78 74 0 67 8 16 26 95 63 28 94 19 91 85 74 80 37 1 13 24 98 10 47 87 76 75 6 70 43 4 34 77 21 58 2 67 80 78 62 78 79 86 51 86 17 2 22 58 23 17 68 38 61 79 81 91 1 38 77 81 82 8 61 93 24 13 51 16 64 9 3 43 
42 67 81 36 98 59 4 56 56 36 34 59 5 41 80 95 82 39 10 75 61 37 27 40 66 68 48 7 26 80 90 33 46 46 36 62 38 3 6 48 62 96 66 46 32 92 88 21 90 66 24 18 7 69 33 2 66 64 14 77 67 0 18 16 51 26 64 52 55 28 45 59 80 5 12 37 22 93 10 91 22 13 46 98 29 40 3 48 71 51 19 92 93 37 83 74 57 66 5 48 39 80 76 19 50 64 71 55 43 70 42 21 17 1 40 68 36 22 87 52 91 65 4 9 60 2 10 62 25 38 
83 72 47 64 64 8 79 77 29 56 62 52 17 79 66 50 65 82 95 7 51 58 63 47 50 99 1 75 73 45 16 30 45 50 8 7 42 74 3 47 58 43 52 19 92 52 14 57 81 17 20 20 41 39 86 25 93 24 44 65 8 18 0 96 71 52 83 84 74 6 58 19 46 63 87 79 87 67 51 22 94 73 71 77 81 37 69 37 77 45 48 45 52 21 3 47 77 37 46 15 25 85 72 31 94 96 12 51 73 69 95 80 63 49 83 36 13 82 32 71 3 71 86 26 25 53 37 2 90 52 
16 54 55 33 81 35 60 47 44 29 8 64 78 79 7 52 39 30 98 3 47 28 54 22 26 14 80 36 88 95 13 70 89 95 72 58 10 2 63 58 8 63 25 69 1 37 54 14 53 33 31 55 64 92 95 23 48 33 91 35 16 16 96 0 96 63 42 68 67 43 55 53 72 31 29 24 10 9 46 94 46 70 21 92 8 18 64 40 62 57 50 43 44 96 86 90 59 98 22 27 23 91 52 59 98 71 28 4 32 11 54 44 25 23 88 16 76 68 24 55 59 67 16 92 27 25 6 27 45 94 
65 70 80 92 29 5 54 50 99 46 60 74 69 63 80 15 68 4 12 31 24 80 93 68 86 26 8 37 23 80 98 13 84 23 2 46 16 34 37 80 43 24 86 27 84 34 62 94 70 18 5 38 8 54 87 89 77 66 28 27 26 51 71 96 0 81 82 68 58 66 1 12 34 19 61 6 6 72 15 81 26 55 19 85 45 59 71 96 49 11 91 47 73 33 29 76 4 53 34 82 56 91 20 64 12 4 40 31 23 78 63 65 57 72 36 53 47 9 81 61 4 23 32 96 96 56 11 79 56 19 
69 37 72 50 38 6 70 12 56 93 42 84 31 63 93 31 31 75 99 78 66 2 23 74 49 39 53 74 50 87 65 91 69 77 4 62 94 81 95 2 4 17 48 61 72 84 41 4 55 78 8 1 76 81 85 49 14 80 47 83 95 26 52 63 81 0 95 88 78 16 90 55 63 75 51 78 56 67 37 63 37 14 66 53 27 73 90 93 92 48 99 13 54 43 17 49 21 8 85 24 77 38 16 5 16 9 49 37 67 78 19 45 39 12 30 97 74 6 94 31 45 2 39 5 33 86 71 61 4 13 
26 22 15 1 65 62 50 9 6 57 28 89 53 48 4 11 22 51 41 79 1 13 39 25 54 76 10 39 56 34 1 16 68 57 47 52 86 8 60 13 54 89 39 46 10 41 39 79 26 59 52 81 27 95 84 35 6 76 69 39 63 64 83 42 82 95 0 68 12 14 29 4 98 71 29 75 90 16 42 14 2 52 77 84 72 56 10 81 8 28 45 6 47 79 96 70 51 65 88 61 33 88 28 45 45 44 25 19 76 80 1 55 47 95 2 20 71 71 35 63 10 5 63 49 47 49 91 81 11 71 
99 41 78 23 38 51 75 62 51 52 52 83 85 28 33 86 27 92 92 92 33 2 21 72 49 6 25 72 89 55 70 75 71 90 62 94 77 64 84 40 90 32 85 59 68 14 17 6 42 12 99 62 56 13 12 23 23 74 5 92 28 52 84 68 68 88 68 0 26 20 9 65 3 73 65 94 20 74 67 32 66 65 69 46 92 94 23 98 55 62 48 25 24 27 34 84 95 41 19 15 39 64 7 72 53 15 44 80 84 41 22 61 97 23 49 86 72 96 38 85 67 57 51 66 89 21 1 76 15 94 
88 78 16 98 94 77 47 75 93 5 41 56 37 72 86 5 96 17 77 97 13 9 59 33 1 93 52 57 4 16 51 93 36 39 7 7 30 70 20 20 13 98 39 24 66 65 48 82 19 67 67 62 32 90 85 40 42 63 99 9 94 55 74 67 58 78 12 26 0 27 72 91 75 27 6 99 76 68 16 78 25 27 57 79 2 22 79 1 91 61 75 53 88 44 64 29 59 92 13 95 14 9 70 27 64 4 5 35 60 8 76 41 20 69 28 88 6 1 83 45 54 55 89 68 30 22 37 40 54 64 
8 92 26 71 19 46 28 24 64 80 72 79 99 43 45 8 11 50 88 43 91 90 44 13 39 23 86 72 29 28 48 17 35 87 4 58 53 6 24 56 75 76 32 2 3 52 39 91 12 34 65 4 83 78 97 19 7 18 32 19 19 28 6 43 66 16 14 20 27 0 17 96 72 77 63 73 22 74 19 83 55 75 74 4 31 79 70 99 97 17 33 49 18 24 76 94 92 65 89 64 71 60 96 28 55 36 30 29 33 54 98 78 81 77 84 4 89 70 58 89 81 48 19 35 70 77 85 33 27 1 
27 50 54 37 79 97 34 89 53 76 46 71 60 15 30 55 70 43 62 19 76 64 20 87 8 40 92 68 25 38 19 24 25 12 9 41 26 43 31 60 76 84 79 41 66 74 98 40 81 8 28 17 96 61 96 64 16 87 59 25 91 45 58 55 1 90 29 9 72 17 0 75 20 45 29 4 53 93 58 9 62 11 20 28 99 7 36 54 9 22 87 31 96 69 13 52 23 21 94 33 91 96 2 38 25 83 1 7 68 82 5 13 15 59 5 85 94 50 22 41 82 18 67 54 47 33 9 33 75 32 
26 48 85 19 71 22 73 90 35 32 95 28 32 94 47 60 34 71 3 84 26 91 46 66 22 74 76 50 21 6 69 16 62 20 37 8 87 16 18 58 60 7 79 14 48 7 1 99 4 7 96 54 55 58 83 75 31 66 90 6 85 59 19 53 12 55 4 65 91 96 75 0 60 50 12 12 55 9 10 73 90 96 73 48 74 77 12 70 58 95 45 4 22 65 32 44 37 87 60 16 40 69 2 15 83 78 69 32 57 38 30 48 70 6 35 28 64 63 12 59 9 54 37 75 13 27 77 3 86 71 
23 78 59 28 93 93 69 83 99 77 10 24 36 52 68 85 37 9 23 90 56 16 76 8 6 15 15 62 66 65 68 12 88 89 85 5 38 36 99 67 35 19 9 78 87 57 66 8 2 5 56 78 78 52 29 89 47 6 42 56 74 80 46 72 34 63 98 3 75 72 20 60 0 21 48 47 1 53 98 6 17 45 30 49 51 87 18 97 58 33 79 2 22 95 1 77 22 85 92 80 53 57 67 92 89 79 96 57 10 12 85 60 14 49 33 46 20 84 34 84 47 55 73 66 72 57 34 54 60 74 
10 41 86 29 53 72 40 83 84 53 89 54 33 19 67 99 10 32 83 89 70 86 38 3 16 48 82 83 88 35 67 5 74 51 49 93 16 47 40 89 70 46 37 63 26 22 49 33 18 63 1 25 77 15 90 18 93 77 64 46 80 5 63 31 19 75 71 73 27 77 45 50 21 0 69 50 36 69 72 52 97 7 85 5 24 22 36 60 40 67 61 34 9 4 69 7 8 68 30 95 78 98 37 75 30 91 56 50 82 46 11 16 71 24 37 25 70 26 73 99 77 79 45 97 12 11 84 94 53 31 
68 79 30 53 11 93 33 6 78 39 47 70 51 79 29 42 1 26 94 57 6 81 85 97 78 72 62 99 10 43 75 72 21 75 82 8 23 82 56 58 51 65 96 52 20 60 70 11 51 1 44 65 7 68 37 8 33 60 97 3 37 12 87 29 61 51 29 65 6 63 29 12 48 69 0 31 63 22 23 43 57 96 93 38 44 86 96 73 95 2 17 27 2 98 53 60 54 80 56 76 96 85 29 55 14 8 16 84 35 52 44 91 76 79 52 58 30 69 61 50 81 3 4 79 88 73 26 40 10 44 
24 46 45 95 33 26 98 43 38 84 59 69 52 11 58 36 56 35 99 43 15 85 35 21 81 2 41 84 12 88 70 95 77 92 15 19 92 24 24 54 98 54 73 95 5 31 32 69 91 22 44 20 96 49 18 28 19 45 83 25 1 37 79 24 6 78 75 94 99 73 4 12 47 50 31 0 57 65 10 2 82 16 87 84 80 64 93 6 82 65 28 19 16 12 71 92 52 6 69 21 53 60 37 3 69 27 22 45 43 43 49 54 5 17 50 21 20 34 65 85 46 35 36 89 25 61 13 82 37 39 
28 88 38 51 47 98 8 47 90 81 22 24 6 36 85 57 70 55 48 5 88 28 88 4 64 34 13 86 22 45 56 25 73 91 16 52 37 21 17 56 93 86 38 48 53 46 66 45 19 21 91 72 91 55 96 87 30 93 55 48 13 22 87 10 6 56 90 20 76 22 53 55 1 36 63 57 0 16 86 90 84 43 90 67 97 75 40 95 1 11 33 2 88 27 36 40 31 7 66 80 55 59 45 82 17 92 62 77 84 85 3 87 35 77 86 44 23 72 22 80 98 48 60 72 64 36 30 54 35 14 
38 17 23 47 64 2 34 22 55 75 55 47 34 50 44 14 11 98 30 12 3 94 59 86 98 71 28 88 59 91 66 81 59 41 49 73 46 5 10 3 22 44 78 62 71 69 1 99 46 38 63 63 79 10 22 79 72 30 88 58 24 93 67 9 72 67 16 74 68 74 93 9 53 69 22 65 16 0 70 48 91 6 55 98 33 13 28 92 99 70 18 31 34 58 14 3 74 35 52 16 8 72 77 13 22 67 10 37 60 72 46 34 92 78 34 74 98 85 39 71 86 37 95 13 43 69 26 89 95 41 
58 29 92 8 94 14 63 52 5 71 1 40 1 94 95 12 4 97 96 25 92 8 2 95 31 61 45 48 88 43 82 38 56 60 44 3 67 24 92 34 86 51 35 58 5 58 76 82 45 51 65 54 58 23 11 3 4 57 40 40 98 10 51 46 15 37 42 67 16 19 58 10 98 72 23 10 86 70 0 82 87 58 57 82 54 3 13 6 29 22 47 90 94 23 98 51 98 15 82 69 82 22 4 90 73 51 52 20 53 20 60 24 59 77 36 73 71 31 81 90 52 63 50 44 13 97 51 33 35 55 
84 46 55 86 19 39 15 74 44 27 20 67 10 80 94 53 40 71 99 23 65 15 41 36 33 20 1 1 95 45 51 64 16 3 44 83 4 26 31 45 76 43 40 65 23 20 77 80 49 59 5 5 14 34 80 51 1 57 72 80 10 91 22 94 81 63 14 32 78 83 9 73 6 52 43 2 90 48 82 0 84 91 46 46 9 53 79 90 22 64 32 6 72 8 39 9 60 94 72 94 98 83 2 67 43 99 47 60 59 58 16 83 44 11 61 59 51 67 65 34 68 53 59 48 91 24 15 8 32 63 
39 68 77 17 37 86 78 43 12 58 20 78 32 90 21 67 78 6 81 7 99 76 86 18 73 16 55 66 65 53 49 61 83 9 58 47 59 47 49 54 44 14 20 98 63 83 20 98 21 82 7 5 84 99 62 17 51 68 37 38 47 22 94 46 26 37 2 66 25 55 62 90 17 97 57 82 84 91 87 84 0 78 4 19 9 45 94 90 68 26 88 21 1 38 72 87 74 26 33 91 32 99 64 10 33 67 69 77 65 35 2 25 65 17 5 87 78 24 72 81 22 94 61 48 99 19 83 15 28 62 
9 67 13 30 30 28 44 14 30 31 86 27 36 5 53 22 38 64 2 5 88 13 38 18 45 98 65 22 79 89 5 82 42 76 86 19 96 32 50 38 4 8 68 24 60 32 85 20 92 79 25 72 24 57 40 44 70 54 40 52 87 13 73 70 55 14 52 65 27 75 11 96 45 7 96 16 43 6 58 91 78 0 27 69 80 85 76 60 9 3 81 25 63 33 61 96 45 21 86 92 90 8 19 49 77 37 63 55 31 3 4 7 66 77 11 36 67 66 76 32 56 20 85 71 45 67 56 86 96 60 
33 79 60 12 40 39 62 19 77 65 28 25 89 6 32 82 17 95 76 80 59 62 59 56 41 99 17 22 88 58 51 50 64 72 68 87 73 26 38 63 85 1 32 2 41 71 83 50 17 7 24 84 21 81 89 80 41 18 71 10 76 46 71 21 19 66 77 69 57 74 20 73 30 85 93 87 90 55 57 46 4 27 0 63 77 81 96 13 81 19 19 9 60 47 72 98 75 65 78 79 47 2 36 83 66 7 49 64 12 87 82 59 95 28 31 18 59 44 72 47 36 7 19 45 41 82 48 41 75 73 
35 47 27 62 29 85 86 24 90 39 98 18 61 87 26 95 26 25 2 29 25 21 8 44 68 54 91 40 72 81 57 79 28 30 47 30 73 19 52 74 7 6 71 3 70 61 64 67 36 47 28 70 66 15 91 12 36 13 17 38 75 98 77 92 85 53 84 46 79 4 28 48 49 5 38 84 67 98 82 46 19 69 63 0 58 59 85 4 30 58 45 26 61 9 49 26 29 46 75 54 24 19 97 81 19 95 24 92 37 16 15 66 78 31 54 61 68 85 96 85 86 64 69 69 22 27 44 38 5 34 
11 1 77 15 55 34 37 46 33 19 22 88 39 30 64 35 47 47 53 54 46 38 25 53 25 70 18 77 87 3 79 12 97 96 51 36 90 12 22 61 2 14 65 68 71 76 39 62 30 13 31 80 91 32 72 78 52 53 11 9 6 29 81 8 45 27 72 92 2 31 99 74 51 24 44 80 97 33 54 9 9 80 77 58 0 41 45 95 32 57 57 99 85 15 28 19 77 13 25 55 49 48 44 62 8 20 47 20 80 59 95 61 54 14 31 29 3 76 93 44 30 91 80 48 35 29 10 53 25 73 
24 30 72 31 30 2 13 96 51 96 95 2 12 54 53 62 8 21 93 31 15 63 25 96 79 21 60 61 83 65 39 1 83 11 3 12 17 54 1 70 66 9 56 84 24 34 55 51 8 62 69 61 85 20 84 14 16 83 26 70 70 40 37 18 59 73 56 94 22 79 7 77 87 22 86 64 75 13 3 53 45 85 81 59 41 0 89 88 1 24 17 15 90 44 7 76 37 42 22 2 85 35 88 86 72 15 83 4 10 45 26 49 88 70 94 78 35 76 40 28 14 46 90 19 2 38 69 21 31 84 
16 64 88 9 56 32 54 53 52 42 19 46 45 81 60 92 44 23 65 22 78 67 84 26 68 36 91 3 1 74 11 48 90 73 1 53 86 46 32 73 97 39 60 5 77 18 87 26 29 50 26 98 55 43 46 95 50 94 48 16 43 3 69 64 71 90 10 23 79 70 36 12 18 36 96 93 40 28 13 79 94 76 96 85 45 89 0 97 89 12 42 76 73 6 87 44 38 98 76 40 94 34 15 78 97 18 73 83 97 37 63 13 80 58 84 24 86 32 20 96 52 69 16 39 55 68 44 33 73 34 
88 76 40 41 91 39 27 34 43 96 68 59 44 73 18 86 1 1 76 28 87 34 42 90 51 39 96 41 43 96 95 24 72 64 82 77 75 7 94 87 19 67 57 9 32 79 13 41 7 52 94 54 67 32 13 39 9 20 12 57 4 48 37 40 96 93 81 98 1 99 54 70 97 60 73 6 95 92 6 90 90 60 13 4 95 88 97 0 93 37 13 55 89 36 92 95 11 97 88 68 31 67 39 31 45 65 90 17 99 76 68 32 1 24 84 78 90 10 28 40 91 18 76 63 38 61 44 42 39 17 
26 36 44 49 28 29 83 55 24 58 36 22 8 30 23 61 57 70 79 6 33 58 95 30 49 50 38 78 35 50 25 82 74 14 59 38 33 21 19 83 54 60 27 78 59 97 22 25 30 28 51 33 84 74 20 1 68 61 79 67 34 71 77 62 49 92 8 55 91 97 9 58 58 40 95 82 1 99 29 22 68 9 81 30 32 1 89 93 0 84 85 89 19 66 10 15 56 31 8 83 4 22 74 23 13 16 91 47 37 30 72 42 41 75 73 60 58 2 21 98 18 33 2 87 82 35 47 41 22 65 
72 54 77 31 61 76 13 15 90 49 96 18 63 39 55 93 15 23 63 36 92 75 28 52 36 82 73 44 67 32 40 91 97 36 19 79 63 6 40 13 8 98 90 15 28 1 19 56 98 60 68 88 88 28 45 72 66 58 64 38 77 51 45 57 11 48 28 62 61 17 22 95 33 67 2 65 11 70 22 64 26 3 19 58 57 24 12 37 84 0 89 19 18 51 17 32 20 80 96 41 31 54 66 51 85 4 29 16 74 42 42 52 44 65 75 48 84 30 77 54 2 90 71 36 4 4 7 7 88 36 
93 94 39 24 13 32 26 58 44 43 30 57 57 79 14 99 56 28 77 73 73 73 33 68 53 59 84 84 58 32 59 13 61 62 46 70 7 68 45 49 71 67 78 14 73 83 46 3 97 15 3 7 38 62 20 27 35 34 44 23 21 19 48 50 91 99 45 48 75 33 87 45 79 61 17 28 33 18 47 32 88 81 19 45 57 17 42 13 85 89 0 61 30 77 76 42 8 42 32 34 15 89 91 68 11 77 50 20 21 55 74 71 39 36 51 53 42 93 99 13 84 59 29 71 43 25 5 91 25 86 
75 34 92 67 18 52 2 62 89 53 23 34 97 55 31 92 56 26 49 83 39 6 15 48 32 13 82 60 93 42 56 57 90 28 66 25 74 12 50 9 47 6 31 99 31 42 60 87 95 22 99 3 17 15 85 93 35 62 94 76 58 92 45 43 47 13 6 25 53 49 31 4 2 34 27 19 2 31 90 6 21 25 9 26 99 15 76 55 89 19 61 0 74 29 88 98 57 15 10 20 65 73 1 93 95 38 42 30 56 50 19 16 58 60 89 86 41 89 73 97 83 33 61 42 60 62 83 38 23 48 
63 3 70 93 72 67 42 41 96 23 57 44 94 43 24 75 53 65 37 49 84 1 26 21 2 76 40 67 7 40 1 82 80 6 28 70 38 45 45 84 26 26 53 7 19 68 61 6 3 88 86 41 8 54 64 77 86 89 42 19 2 93 52 44 73 54 47 24 88 18 96 22 22 9 2 16 88 34 94 72 1 63 60 61 85 90 73 89 19 18 30 74 0 88 14 24 74 28 3 54 9 6 81 11 71 41 66 36 73 66 52 40 68 28 52 37 69 8 27 39 9 82 11 64 16 80 59 22 6 2 
47 85 99 65 92 68 56 73 29 65 11 76 53 65 51 9 79 46 50 52 21 3 14 72 65 54 44 79 71 15 39 29 89 49 97 30 3 45 24 65 35 89 89 96 57 86 13 10 89 54 57 6 81 41 42 95 39 74 24 7 67 37 21 96 33 43 79 27 44 24 69 65 95 4 98 12 27 58 23 8 38 33 47 9 15 44 6 36 66 51 77 29 88 0 15 81 35 36 86 39 58 8 57 81 18 45 86 77 72 85 88 53 34 39 80 30 5 60 32 78 9 92 29 94 88 82 6 68 94 52 
33 84 34 13 8 33 56 66 65 71 43 99 25 69 22 76 98 39 15 95 25 5 79 80 32 25 71 86 3 3 94 36 23 37 84 78 46 27 37 27 56 7 32 69 45 63 29 95 91 14 19 22 69 91 64 89 3 80 34 78 80 83 3 86 29 17 96 34 64 76 13 32 1 69 53 71 36 14 98 39 72 61 72 49 28 7 87 92 10 17 76 88 14 15 0 94 48 88 41 18 37 48 52 26 76 87 66 12 91 17 90 73 67 32 7 14 39 86 5 30 21 93 55 61 23 30 84 30 85 61 
89 49 44 18 84 75 65 23 87 62 73 3 44 45 72 82 54 58 74 25 72 65 37 9 19 96 91 51 13 48 86 81 35 83 59 25 14 86 82 53 72 16 84 98 37 35 12 81 61 75 13 4 16 44 31 55 46 33 89 72 78 74 47 90 76 49 70 84 29 94 52 44 77 7 60 92 40 3 51 9 87 96 98 26 19 76 44 95 15 32 42 98 24 81 94 0 40 50 79 67 26 66 60 94 99 80 61 50 72 55 70 43 16 37 39 43 40 52 51 11 13 57 72 75 94 99 91 1 84 26 
24 55 27 34 57 33 16 3 59 61 32 97 52 85 4 28 61 53 22 77 28 58 25 24 67 23 24 23 91 36 96 9 56 68 21 43 42 57 90 18 64 75 44 87 60 25 14 26 70 35 25 12 16 12 52 17 59 61 47 35 62 57 77 59 4 21 51 95 59 92 23 37 22 8 54 52 31 74 98 60 74 45 75 29 77 37 38 11 56 20 8 57 74 35 48 40 0 22 69 41 2 7 15 21 34 74 67 26 48 98 2 22 62 62 20 10 20 44 13 79 79 38 75 8 7 64 98 90 83 88 
56 33 57 11 52 98 93 87 89 97 13 91 11 74 24 26 1 53 33 41 38 36 4 61 16 34 31 38 5 51 71 17 8 7 97 11 34 81 70 28 95 60 1 29 89 98 61 54 1 50 38 80 83 74 12 63 18 71 26 41 78 66 37 98 53 8 65 41 92 65 21 87 85 68 80 6 7 35 15 94 26 21 65 46 13 42 98 97 31 80 42 15 28 36 88 50 22 0 92 1 16 72 31 82 88 53 48 54 49 63 12 11 54 51 71 53 64 50 18 45 29 96 89 50 43 38 23 88 86 20 
66 29 70 29 33 6 41 2 52 28 83 84 95 51 13 87 15 33 72 86 96 31 57 57 44 25 74 14 1 33 74 7 38 39 44 66 4 54 75 43 12 20 52 74 57 73 83 72 87 71 70 68 21 73 54 74 34 19 46 53 79 5 46 22 34 85 88 19 13 89 94 60 92 30 56 69 66 52 82 72 33 86 78 75 25 22 76 88 8 96 32 10 3 86 41 79 69 92 0 5 40 24 27 11 20 43 64 90 34 86 64 57 89 26 85 54 35 60 45 22 94 90 59 60 8 71 71 50 13 4 
78 56 74 76 77 1 61 73 23 1 8 27 50 81 78 37 61 70 1 29 83 5 94 10 40 31 64 16 35 33 56 22 99 19 85 86 5 38 86 49 13 51 11 35 84 13 60 66 15 24 65 7 48 32 32 57 93 35 31 25 86 48 15 27 82 24 61 15 95 64 33 16 80 95 76 21 80 16 69 94 91 92 79 54 55 2 40 68 83 41 34 20 54 39 18 67 41 1 5 0 82 3 42 43 19 36 64 60 33 94 58 28 77 89 8 6 88 43 65 78 74 46 4 70 77 97 99 27 54 78 
4 83 53 6 63 38 71 52 11 27 88 27 19 51 8 15 67 80 47 41 17 76 32 47 21 88 91 85 77 42 16 35 1 72 12 54 31 47 69 54 50 23 73 84 57 51 88 56 69 54 59 76 21 52 75 54 9 74 95 50 51 39 25 23 56 77 33 39 14 71 91 40 53 78 96 53 55 8 82 98 32 90 47 24 49 85 94 31 4 31 15 65 9 58 37 26 2 16 40 82 0 8 31 65 71 72 23 48 65 92 97 98 75 36 10 38 10 48 30 25 63 10 91 70 55 49 55 85 38 2 
1 32 90 82 52 73 50 72 32 51 9 53 11 36 53 4 96 6 25 48 55 81 29 61 2 1 49 47 9 43 97 48 76 54 99 21 66 12 62 93 80 3 40 59 2 64 84 64 74 52 1 47 59 59 92 40 45 39 87 7 86 80 85 91 91 38 88 64 9 60 96 69 57 98 85 60 59 72 22 83 99 8 2 19 48 35 34 67 22 54 89 73 6 8 48 66 7 72 24 3 8 0 49 97 11 27 24 68 69 45 74 92 44 83 58 42 4 73 2 51 65 29 20 35 27 73 87 26 24 62 
78 29 28 6 97 44 51 88 10 21 62 56 62 73 31 93 40 34 81 24 97 15 77 66 1 88 45 39 24 96 50 46 74 16 91 14 70 65 44 15 68 76 77 49 49 65 3 8 16 13 65 17 10 16 69 19 6 72 26 33 17 76 72 52 20 16 28 7 70 96 2 2 67 37 29 37 45 77 4 2 64 19 36 97 44 88 15 39 74 66 91 1 81 57 52 60 15 31 27 42 31 49 0 4 54 22 84 95 30 17 23 17 60 33 43 30 17 44 16 18 69 5 21 77 31 95 67 72 3 97 
7 95 44 43 31 25 33 78 7 27 24 8 40 16 27 85 72 65 38 29 53 3 3 63 46 36 95 90 62 17 56 43 64 53 47 27 89 57 47 85 55 76 14 10 9 34 34 69 87 71 14 64 97 49 11 65 10 23 97 67 2 19 31 59 64 5 45 72 27 28 38 15 92 75 55 3 82 13 90 67 10 49 83 81 62 86 78 31 23 51 68 93 11 81 26 94 21 82 11 43 65 97 4 0 23 26 55 29 30 19 98 36 61 78 26 69 52 42 26 55 92 99 96 80 98 48 11 63 61 99 
53 75 2 87 23 17 91 63 31 66 35 63 7 40 9 73 8 54 17 85 74 53 61 22 83 46 17 55 28 84 7 26 58 47 38 7 75 84 54 46 70 51 70 15 55 60 92 87 90 11 22 5 56 4 21 79 42 16 38 13 22 50 94 98 12 16 45 53 64 55 25 83 89 30 14 69 17 22 73 43 33 77 66 19 8 72 97 45 13 85 11 95 71 18 76 99 34 88 20 19 71 11 54 23 0 64 71 6 88 49 73 79 56 42 98 89 30 38 1 95 1 76 16 51 6 65 4 84 77 50 
86 9 83 53 6 97 21 49 68 78 95 32 8 3 97 44 17 54 53 90 6 55 60 14 30 64 60 28 16 29 33 36 65 98 89 32 37 23 75 29 82 42 70 32 24 36 10 40 45 99 38 20 60 26 88 69 51 55 7 59 58 64 96 71 4 9 44 15 4 36 83 78 79 91 8 27 92 67 51 99 67 37 7 95 20 15 18 65 16 4 77 38 41 45 87 80 74 53 43 36 72 27 22 26 64 0 79 64 20 74 91 58 48 68 66 11 1 95 8 57 12 51 16 32 62 56 13 82 62 48 
71 33 95 58 92 97 53 1 19 19 4 80 80 36 85 9 67 54 69 38 67 16 73 23 27 9 91 30 12 32 30 76 40 75 41 84 66 57 13 16 42 9 50 25 94 20 3 58 68 5 99 41 89 65 73 59 74 28 23 87 23 71 12 28 40 49 25 44 5 30 1 69 96 56 16 22 62 10 52 47 69 63 49 24 47 83 73 90 91 29 50 42 66 86 66 61 67 48 64 64 23 24 84 55 71 79 0 72 36 37 96 98 65 24 93 1 66 97 90 75 78 89 88 49 5 57 4 74 73 72 
3 9 97 57 96 42 39 43 13 61 56 93 13 98 82 56 62 13 93 6 81 97 41 28 8 42 45 49 86 92 94 27 15 54 7 50 57 77 36 34 32 48 12 25 54 7 77 74 16 97 15 38 8 29 78 51 78 24 30 33 17 55 51 4 31 37 19 80 35 29 7 32 57 50 84 45 77 37 20 60 77 55 64 92 20 4 83 17 47 16 20 30 36 77 12 50 26 54 90 60 48 68 95 29 6 64 72 0 14 76 63 43 81 32 47 71 30 18 48 38 13 62 61 33 58 33 86 23 10 44 
77 85 27 79 23 25 66 40 74 83 69 77 1 80 74 18 70 81 91 24 95 89 16 26 53 15 86 16 54 12 79 54 23 4 45 66 78 75 18 90 83 84 13 23 71 24 44 78 51 12 18 63 26 69 1 54 63 27 84 49 68 43 73 32 23 67 76 84 60 33 68 57 10 82 35 43 84 60 53 59 65 31 12 37 80 10 97 99 37 74 21 56 73 72 91 72 48 49 34 33 65 69 30 30 88 20 36 14 0 70 98 39 5 38 74 6 34 75 18 9 16 30 53 17 36 66 21 99 39 91 
92 78 85 88 77 22 81 4 75 60 16 47 4 16 40 61 51 97 8 69 51 1 38 18 4 63 49 74 91 39 20 88 27 25 31 55 71 72 12 71 34 28 60 75 24 97 82 39 35 75 91 59 10 60 39 44 8 12 32 46 38 70 69 11 78 78 80 41 8 54 82 38 12 46 52 43 85 72 20 58 35 3 87 16 59 45 37 76 30 42 55 50 66 85 17 55 98 63 86 94 92 45 17 19 49 74 37 76 70 0 13 5 63 68 54 10 26 22 35 24 21 50 99 53 98 40 3 98 50 99 
22 51 31 82 23 28 58 58 92 63 25 88 52 16 57 33 59 34 61 21 3 60 8 33 22 11 18 30 48 88 29 75 16 44 59 1 17 37 5 15 74 10 14 26 43 61 18 32 53 38 90 6 11 60 89 48 33 61 88 56 61 42 95 54 63 19 1 22 76 98 5 30 85 11 44 49 3 46 60 16 2 4 82 15 95 26 63 68 72 42 74 19 52 88 90 70 2 12 64 58 97 74 23 98 73 91 96 63 98 13 0 21 7 70 32 4 96 32 12 22 42 2 59 86 99 23 43 9 21 71 
76 80 65 11 19 47 53 44 66 39 95 71 16 95 61 99 80 52 10 14 90 63 83 94 84 30 52 52 61 17 79 67 82 26 34 51 43 51 88 91 10 71 90 20 69 19 89 77 15 32 23 80 37 84 48 51 80 31 98 33 79 21 80 44 65 45 55 61 41 78 13 48 60 16 91 54 87 34 24 83 25 7 59 66 61 49 13 32 42 52 71 16 40 53 73 43 22 11 57 28 98 92 17 36 79 58 98 43 39 5 21 0 55 52 15 77 3 63 76 28 8 42 22 44 20 80 74 94 39 39 
8 42 23 73 94 36 90 54 86 24 63 70 68 67 26 84 15 56 35 57 33 2 39 15 80 31 49 50 89 57 42 78 77 27 66 82 98 32 27 80 89 19 32 97 62 97 54 60 71 44 21 87 40 78 6 48 67 62 54 27 81 17 63 25 57 39 47 97 20 81 15 70 14 71 76 5 35 92 59 44 65 66 95 78 54 88 80 1 41 44 39 58 68 34 67 16 62 54 89 77 75 44 60 61 56 48 65 81 5 63 7 55 0 44 10 2 88 18 15 58 94 20 42 43 79 96 42 81 23 40 
78 65 99 49 30 63 20 44 54 69 27 56 82 35 66 28 78 81 64 30 8 92 48 86 63 38 7 89 30 10 93 61 93 2 22 38 58 24 66 66 75 79 20 75 31 63 51 82 31 95 51 75 21 5 47 88 42 98 16 16 91 1 49 23 72 12 95 23 69 77 59 6 49 24 79 17 77 78 77 11 17 77 28 31 14 70 58 24 75 65 36 60 28 39 32 37 62 51 26 89 36 83 33 78 42 68 24 32 38 68 70 52 44 0 88 8 29 32 4 95 77 15 68 56 69 94 52 35 42 28 
73 84 53 20 19 69 95 75 43 70 99 93 60 84 96 96 13 55 67 29 90 68 61 53 70 98 77 65 84 65 25 53 27 7 90 77 94 29 17 14 96 70 26 62 73 10 76 28 29 38 73 45 83 70 75 95 78 74 84 60 1 40 83 88 36 30 2 49 28 84 5 35 33 37 52 50 86 34 36 61 5 11 31 54 31 94 84 84 73 75 51 89 52 80 7 39 20 71 85 8 10 58 43 26 98 66 93 47 74 54 32 15 10 88 0 18 27 65 51 54 84 22 9 10 13 17 74 26 64 12 
76 25 4 13 53 63 65 99 7 62 48 99 67 94 28 53 12 13 69 92 86 82 61 26 68 40 67 14 51 84 90 50 50 19 58 71 6 1 76 27 2 62 65 86 27 24 7 90 93 87 49 11 76 67 72 55 77 45 87 57 38 68 36 16 53 97 20 86 88 4 85 28 46 25 58 21 44 74 73 59 87 36 18 61 29 78 24 78 60 48 53 86 37 30 14 43 10 53 54 6 38 42 30 69 89 11 1 71 6 10 4 77 2 8 18 0 48 20 75 26 43 44 98 81 55 83 39 20 7 5 
77 21 71 26 32 33 43 98 10 88 88 88 16 19 19 51 80 86 14 55 37 42 49 61 9 11 87 53 70 27 11 37 89 35 1 21 90 40 26 52 20 84 87 8 36 41 37 40 73 1 11 7 29 74 94 75 49 81 16 31 77 36 13 76 47 74 71 72 6 89 94 64 20 70 30 20 23 98 71 51 78 67 59 68 3 35 86 90 58 84 42 41 69 5 39 40 20 64 35 88 10 4 17 52 30 1 66 30 34 26 96 3 88 29 27 48 0 94 58 4 91 91 10 6 93 57 99 71 92 30 
44 45 13 78 50 46 48 76 37 67 36 86 62 75 87 81 96 11 67 29 67 84 83 84 73 68 36 95 39 3 70 61 33 32 78 55 88 62 64 24 12 36 67 54 89 77 95 9 35 39 24 33 99 44 58 66 92 24 79 67 81 22 82 68 9 6 71 96 1 70 50 63 84 26 69 34 72 85 31 67 24 66 44 85 76 76 32 10 2 30 93 89 8 60 86 52 44 50 60 43 48 73 44 42 38 95 97 18 75 22 32 63 18 32 65 20 94 0 53 45 87 5 37 11 87 84 23 55 50 85 
21 16 40 17 99 89 22 60 88 20 17 75 65 19 2 92 35 82 92 64 74 45 9 69 44 55 45 60 84 39 16 96 26 97 68 16 30 33 25 94 73 36 19 89 95 98 17 4 60 26 97 41 41 88 18 4 14 65 36 28 82 87 32 24 81 94 35 38 83 58 22 12 34 73 61 65 22 39 81 65 72 76 72 96 93 40 20 28 21 77 99 73 27 32 5 51 13 18 45 65 30 2 16 26 1 8 90 48 18 35 12 76 15 4 51 75 58 53 0 4 54 27 33 1 16 79 54 29 25 83 
31 31 84 5 84 43 98 67 60 37 88 16 20 26 35 80 7 79 1 82 12 98 86 90 96 78 79 35 75 86 47 48 99 81 16 46 96 67 17 11 42 57 87 62 22 7 77 15 15 23 66 9 86 84 47 45 76 72 7 94 8 52 71 55 61 31 63 85 45 89 41 59 84 99 50 85 80 71 90 34 81 32 47 85 44 28 96 40 98 54 13 97 39 78 30 11 79 45 22 78 25 51 18 55 95 57 75 38 9 24 22 28 58 95 54 26 4 45 4 0 16 59 26 67 1 61 86 68 18 50 
37 92 49 89 94 58 2 75 9 18 91 15 45 18 3 27 70 72 35 61 36 7 69 25 90 46 99 4 96 31 30 70 53 99 71 30 70 59 80 73 24 54 92 76 61 80 99 99 81 45 13 67 84 74 38 12 2 18 2 21 61 91 3 59 4 45 10 67 54 81 82 9 47 77 81 46 98 86 52 68 22 56 36 86 30 14 52 91 18 2 84 83 9 9 21 13 79 29 94 74 63 65 69 92 1 12 78 13 16 21 42 8 94 77 84 43 91 87 54 16 0 80 74 19 41 92 78 95 62 81 
8 15 62 28 46 26 90 92 54 22 79 57 88 50 18 38 86 85 71 70 43 88 40 58 77 74 1 65 48 87 45 35 61 44 4 71 87 47 85 52 36 23 99 69 33 35 63 10 13 94 21 96 6 79 88 53 33 65 9 49 93 65 71 67 23 2 5 57 55 48 18 54 55 79 3 35 48 37 63 53 94 20 7 64 91 46 69 18 33 90 59 33 82 92 93 57 38 96 90 46 10 29 5 99 76 51 89 62 30 50 2 42 20 15 22 44 91 5 27 59 80 0 84 4 2 45 38 63 63 22 
46 20 71 51 52 33 39 6 88 78 88 88 62 38 86 25 45 30 17 84 40 57 64 64 73 69 39 81 6 54 20 62 78 52 48 15 42 80 57 30 59 14 99 18 91 81 23 76 87 47 86 73 11 63 88 57 28 13 83 39 24 4 86 16 32 39 63 51 89 19 67 37 73 45 4 36 60 95 50 59 61 85 19 69 80 90 16 76 2 71 29 61 11 29 55 72 75 89 59 4 91 20 21 96 16 16 88 61 53 99 59 22 42 68 9 98 10 37 33 26 74 84 0 25 97 60 8 58 97 79 
69 27 14 69 87 34 13 27 19 27 58 2 22 21 12 57 71 13 38 73 53 50 55 13 59 24 19 93 60 32 84 33 6 37 43 14 82 38 20 20 30 49 37 44 87 7 71 79 64 86 22 58 49 5 74 41 10 85 12 23 13 9 26 92 96 5 49 66 68 35 54 75 66 97 79 89 72 13 44 48 48 71 45 69 48 19 39 63 87 36 71 42 64 94 61 75 8 50 60 70 70 35 77 80 51 32 49 33 17 53 86 44 43 56 10 81 6 11 1 67 19 4 25 0 28 32 97 46 38 59 
58 87 37 4 16 7 19 68 22 33 25 85 1 41 94 41 73 64 18 80 94 48 14 19 69 82 82 58 12 31 75 48 47 83 2 77 52 54 34 3 15 22 49 29 19 33 70 82 86 14 47 25 61 73 4 15 37 39 79 65 51 60 25 27 96 33 47 89 30 70 47 13 72 12 88 25 64 43 13 91 99 45 41 22 35 2 55 38 82 4 43 60 16 88 23 94 7 43 8 77 55 27 31 98 6 62 5 58 36 98 99 20 79 69 13 55 93 87 16 1 41 2 97 28 0 43 29 96 21 23 
83 8 24 59 72 66 78 32 68 9 56 76 64 53 54 53 13 8 39 49 85 73 62 27 59 65 37 1 36 37 80 19 65 9 82 82 47 91 66 37 2 8 15 18 10 13 83 65 79 32 32 95 68 41 51 39 8 77 81 62 16 2 53 25 56 86 49 21 22 77 33 27 57 11 73 61 36 69 97 24 19 67 82 27 29 38 68 61 35 4 25 62 80 82 30 99 64 38 71 97 49 73 95 48 65 56 57 33 66 40 23 80 96 94 17 83 57 84 79 61 92 45 60 32 43 0 40 2 1 13 
97 54 23 13 49 52 78 12 15 9 50 77 95 24 60 39 47 71 83 53 21 60 41 78 82 82 49 10 52 16 45 92 11 3 48 48 59 89 30 23 50 7 41 53 30 71 16 74 3 47 27 34 60 98 64 98 55 38 93 85 64 10 37 6 11 71 91 1 37 85 9 77 34 84 26 13 30 26 51 15 83 56 48 44 10 69 44 44 47 7 5 83 59 6 84 91 98 23 71 99 55 87 67 11 4 13 4 86 21 3 43 74 42 52 74 39 99 23 54 86 78 38 8 97 29 40 0 28 6 55 
14 48 67 3 29 32 89 4 21 21 53 91 85 19 83 20 83 83 15 93 74 94 74 26 64 82 4 91 85 22 99 92 98 20 17 44 40 34 39 57 95 78 46 49 75 96 96 84 10 82 35 48 34 13 64 14 12 38 40 88 9 62 2 27 79 61 81 76 40 33 33 3 54 94 40 82 54 89 33 8 15 86 41 38 53 21 33 42 41 7 91 38 22 68 30 1 90 88 50 27 85 26 72 63 84 82 74 23 99 98 9 94 81 35 26 20 71 55 29 68 95 63 58 46 96 2 28 0 66 26 
11 61 93 77 84 8 91 55 86 69 25 19 2 80 12 45 8 64 38 93 8 83 75 1 93 33 52 39 74 93 13 74 2 63 69 76 84 35 84 99 40 29 79 92 31 52 19 16 76 67 59 95 22 19 61 47 90 84 7 68 3 25 90 45 56 4 11 15 54 27 75 86 60 53 10 37 35 95 35 32 28 96 75 5 25 31 73 39 22 88 25 23 6 94 85 84 83 86 13 54 38 24 3 61 77 62 73 10 39 50 21 39 23 42 64 7 92 50 25 18 62 63 97 38 21 1 6 66 0 8 
24 35 96 97 28 14 84 2 10 83 16 63 85 52 84 21 30 65 63 97 53 81 69 23 53 94 49 18 13 48 87 82 57 95 22 63 16 26 54 95 28 44 64 95 59 46 22 65 31 37 91 53 77 55 53 62 37 44 27 70 43 38 52 94 19 13 71 94 64 1 32 71 74 31 44 39 14 41 55 63 62 60 73 34 73 84 34 17 65 36 86 48 2 52 61 26 88 20 4 78 2 62 97 99 50 48 72 44 91 99 71 39 40 28 12 5 30 85 83 50 81 22 79 59 23 13 55 26 8 0 
