135
0 38 13 73 10 76 6 80 65 17 2 77 72 7 26 51 21 19 85 12 29 30 15 51 69 88 88 95 97 87 14 10 8 64 62 23 58 2 1 61 82 9 89 14 48 73 31 72 4 71 22 50 58 4 69 25 44 77 27 53 81 42 83 16 65 69 26 99 88 8 27 26 23 10 68 24 28 38 58 84 39 9 33 35 11 24 16 88 26 72 93 75 63 47 33 89 24 56 66 78 4 1 78 7 53 86 71 3 77 92 22 76 8 78 73 76 77 44 21 31 37 8 46 69 58 83 97 14 11 24 82 8 25 75 93 
38 0 21 33 13 66 95 61 25 83 98 3 93 99 11 55 97 83 87 71 67 72 49 55 16 6 18 43 21 49 23 14 98 54 85 11 97 56 62 57 90 22 97 84 26 15 14 85 44 7 78 57 60 16 25 10 67 72 54 70 37 22 41 78 92 50 48 78 41 79 46 88 17 29 46 68 67 79 47 1 30 64 76 36 54 94 34 3 85 84 49 55 33 29 56 83 32 29 95 75 9 33 9 85 78 51 80 42 65 84 25 21 45 16 31 92 15 20 27 87 8 54 48 61 35 33 20 68 25 84 95 39 48 6 80 
13 21 0 64 88 33 43 75 67 89 99 31 18 69 65 61 79 18 40 36 82 29 23 39 42 75 78 71 26 49 51 63 45 55 1 87 17 20 10 93 52 11 69 24 15 64 22 47 4 57 89 81 47 55 80 72 15 78 16 26 54 85 59 86 30 45 38 23 92 55 77 13 60 27 77 72 88 40 44 77 39 92 70 99 34 44 27 57 70 74 53 90 28 44 2 83 95 97 27 85 31 65 23 99 53 4 71 13 40 84 49 62 71 14 37 24 23 67 93 96 54 10 42 58 89 94 77 83 12 37 17 31 85 58 36 
73 33 64 0 42 82 3 86 94 37 47 81 28 73 29 3 14 42 37 41 19 98 39 64 47 90 3 99 29 79 76 59 43 27 22 59 17 93 38 12 23 7 97 15 88 76 36 64 33 92 50 1 23 98 71 37 19 28 29 53 95 51 47 8 86 17 30 12 62 15 31 9 41 49 31 24 67 93 65 13 18 34 11 29 76 6 82 6 43 87 53 58 57 79 88 82 11 73 49 20 13 26 78 17 5 89 28 51 69 4 59 13 3 77 97 97 62 16 75 13 19 31 60 6 17 96 97 61 44 32 45 25 63 80 22 
10 13 88 42 0 20 78 34 5 40 68 35 35 43 79 83 39 49 82 6 92 9 41 70 6 8 79 38 79 34 28 52 78 31 44 47 10 68 4 68 55 98 64 81 29 38 65 38 94 19 79 71 93 53 11 33 47 64 94 19 37 30 40 29 55 30 56 91 28 61 13 18 72 92 8 84 57 52 33 77 63 52 97 31 23 6 92 96 23 77 23 19 94 30 19 53 32 50 99 84 94 46 52 87 16 72 49 29 84 28 44 20 80 71 89 87 12 66 94 16 52 99 87 46 64 43 23 83 41 45 17 18 89 1 98 
76 66 33 82 20 0 83 72 15 37 27 33 2 49 89 23 35 95 22 69 68 49 19 98 12 12 53 77 69 46 65 90 41 8 8 34 59 8 35 5 6 62 51 77 46 97 22 93 72 93 26 98 2 14 39 86 28 39 85 34 2 32 39 29 76 32 52 67 68 33 75 33 98 6 1 38 73 44 25 17 97 97 42 25 22 28 47 36 63 69 63 33 46 89 43 58 26 33 34 7 66 52 32 8 14 4 29 16 30 67 62 84 97 59 83 35 31 58 97 50 47 84 42 21 41 51 5 10 1 91 22 75 22 34 39 
6 95 43 3 78 83 0 38 44 34 96 42 72 70 71 24 87 40 32 38 39 57 88 29 37 67 11 85 1 17 31 4 79 60 54 70 50 75 47 28 34 73 69 40 33 98 8 34 63 15 78 44 62 86 37 13 54 27 83 13 26 2 42 56 56 65 16 93 41 61 71 50 51 33 91 21 53 39 66 81 58 53 90 20 95 65 43 48 22 98 2 90 39 13 19 78 78 89 91 84 40 99 16 38 97 37 99 2 33 31 8 51 51 33 44 42 70 2 98 52 31 83 50 82 83 96 72 22 19 47 45 92 10 5 78 
80 61 75 86 34 72 38 0 64 24 96 60 65 83 32 2 85 79 69 55 26 84 28 57 93 9 56 77 47 50 12 9 62 75 24 89 90 83 83 6 43 47 22 52 74 43 14 19 24 46 96 53 34 55 15 58 62 41 73 66 23 3 87 2 73 52 72 88 78 63 49 1 43 40 4 58 44 54 44 75 99 98 76 60 67 75 92 6 27 68 32 12 4 55 2 14 60 57 82 9 39 5 71 77 74 6 80 85 60 32 91 8 67 33 47 76 83 45 65 38 48 74 91 85 16 66 53 70 67 90 29 20 18 6 80 
65 25 67 94 5 15 44 64 0 11 30 18 82 47 8 18 87 62 65 8 30 56 29 44 99 56 6 51 93 64 53 35 99 84 78 38 90 55 5 44 12 30 77 90 33 51 52 43 24 90 44 89 96 29 65 87 59 89 52 23 11 32 10 7 31 68 19 13 74 75 92 66 86 54 43 7 10 37 88 60 9 54 88 19 22 68 15 21 86 10 43 67 21 17 59 78 43 36 76 29 86 35 45 93 83 9 31 65 78 19 39 12 57 53 84 77 69 26 70 32 60 63 30 67 33 72 61 94 73 28 98 94 69 39 61 
17 83 89 37 40 37 34 24 11 0 98 10 68 79 64 21 36 56 29 46 93 57 52 5 80 76 32 77 53 39 84 81 75 71 27 58 31 65 39 19 96 42 96 58 49 43 53 23 65 71 62 61 97 28 1 27 51 21 27 66 78 19 61 83 60 63 39 24 69 70 62 88 67 20 37 18 22 78 27 33 9 9 21 69 83 55 86 94 75 90 24 95 91 14 12 43 11 89 25 48 69 44 92 14 7 3 68 94 5 29 36 83 78 47 79 7 92 81 21 24 64 72 7 22 65 51 91 10 93 68 86 34 72 9 52 
2 98 99 47 68 27 96 96 30 98 0 34 62 8 60 42 28 52 41 72 46 95 10 89 47 59 22 55 1 20 20 86 28 98 22 95 19 68 36 96 30 23 57 11 43 73 32 13 83 8 88 9 62 24 35 95 4 56 69 16 25 95 63 27 99 48 88 36 17 88 91 79 88 58 25 56 50 53 25 16 68 74 47 21 67 95 13 26 1 98 99 78 12 91 25 55 48 78 41 60 96 80 90 32 57 34 39 93 21 15 10 68 82 80 4 48 71 43 6 21 58 60 55 78 25 59 80 37 81 59 52 64 74 84 89 
77 3 31 81 35 33 42 60 18 10 34 0 83 56 79 71 28 24 54 70 69 24 47 40 67 78 27 25 18 88 2 46 59 22 18 57 34 44 76 99 3 97 91 84 27 27 53 56 8 63 32 80 93 77 47 88 71 70 56 93 99 88 86 75 16 15 57 88 2 85 76 77 91 19 63 46 66 53 29 88 39 21 98 52 60 95 65 15 98 53 45 17 65 31 83 11 46 89 79 60 98 43 65 6 91 77 56 43 21 89 69 19 93 50 84 16 18 62 8 65 56 3 91 5 17 78 69 31 53 85 37 99 60 32 36 
72 93 18 28 35 2 72 65 82 68 62 83 0 33 51 52 6 34 1 10 32 36 89 61 39 12 45 44 8 63 57 97 94 53 25 44 52 11 95 50 19 11 62 40 7 8 80 13 1 4 52 16 68 82 60 67 16 62 65 20 45 88 62 22 1 64 95 85 2 85 61 77 23 15 25 47 33 81 71 55 25 78 90 36 58 32 40 15 94 49 14 20 16 98 42 36 26 52 35 23 34 62 79 8 33 4 68 96 58 97 47 90 22 93 85 59 65 41 79 79 63 63 48 28 72 43 15 94 52 19 79 11 36 50 94 
7 99 69 73 43 49 70 83 47 79 8 56 33 0 80 90 5 6 87 30 54 81 73 30 39 79 55 43 65 69 45 85 74 51 81 51 36 73 16 40 3 36 98 80 16 16 95 67 35 84 94 19 75 19 26 18 50 38 21 41 53 24 19 80 52 33 38 31 41 51 74 69 81 16 64 65 92 21 55 24 7 25 1 49 81 29 89 2 74 22 1 77 33 41 82 84 31 88 54 34 83 23 4 35 50 89 71 38 34 13 38 80 66 7 80 93 4 33 86 45 30 47 68 67 29 58 85 44 95 94 21 53 32 26 64 
26 11 65 29 79 89 71 32 8 64 60 79 51 80 0 53 60 18 23 55 14 31 24 51 22 72 4 24 13 78 8 53 31 27 9 97 85 82 74 40 57 61 26 66 96 28 19 87 2 35 3 18 86 12 94 54 60 83 12 84 4 84 1 94 86 52 92 33 87 85 82 6 12 70 10 47 75 94 33 39 43 64 24 41 64 64 32 19 41 6 93 80 83 75 41 26 69 50 83 87 47 14 22 81 82 95 50 52 15 31 11 86 5 8 55 60 85 99 42 36 57 14 12 53 67 22 82 95 35 62 92 86 61 93 99 
51 55 61 3 83 23 24 2 18 21 42 71 52 90 53 0 92 75 9 76 82 28 26 87 37 15 4 93 85 73 44 9 56 18 61 33 99 84 28 96 53 51 81 92 80 27 38 25 57 41 53 39 20 45 21 64 22 66 69 93 19 69 17 79 60 57 45 36 40 62 33 68 54 63 76 9 35 34 93 26 68 2 99 9 90 28 30 90 78 11 62 17 80 75 77 98 1 31 4 82 65 39 68 31 22 27 96 11 70 34 37 10 1 56 70 11 4 40 78 38 17 26 47 8 44 1 57 15 56 56 53 79 98 54 61 
21 97 79 14 39 35 87 85 87 36 28 28 6 5 60 92 0 1 15 61 67 96 40 72 8 17 67 62 70 51 59 80 15 78 13 12 80 96 35 7 70 86 45 71 73 13 47 83 8 30 61 83 74 47 87 85 98 48 89 74 77 88 46 37 88 40 38 7 44 59 2 84 30 49 56 46 9 35 30 1 80 20 5 72 2 9 27 41 90 33 71 97 8 39 82 30 4 75 51 92 17 50 43 71 9 32 26 35 55 98 97 71 6 64 95 25 47 21 23 1 70 23 28 26 65 46 39 58 53 53 33 70 80 6 34 
19 83 18 42 49 95 40 79 62 56 52 24 34 6 18 75 1 0 65 54 54 54 13 81 97 34 52 56 81 55 13 86 11 82 79 72 85 30 13 64 8 71 83 64 65 45 70 76 89 35 15 60 89 34 25 4 42 31 23 54 97 92 92 83 98 37 7 39 99 32 63 48 63 35 72 43 21 91 51 23 3 64 1 93 6 73 53 10 95 98 12 99 41 92 77 88 62 3 23 83 94 99 48 30 96 99 81 2 76 2 53 93 65 76 79 63 77 49 37 50 15 74 22 33 72 1 47 25 81 38 17 53 69 93 91 
85 87 40 37 82 22 32 69 65 29 41 54 1 87 23 9 15 65 0 8 61 10 35 64 67 69 14 67 92 1 35 71 17 38 18 39 83 15 38 63 1 34 50 78 32 58 59 74 77 29 77 54 59 32 95 14 39 92 88 60 47 63 87 62 40 72 3 60 26 58 33 31 53 92 42 79 58 46 86 26 74 75 7 3 31 78 79 92 97 43 19 84 90 89 57 43 5 12 25 23 7 5 80 29 54 31 22 28 6 36 73 83 49 52 95 25 77 41 86 29 41 48 24 29 85 90 38 6 24 69 21 14 57 30 29 
12 71 36 41 6 69 38 55 8 46 72 70 10 30 55 76 61 54 8 0 92 55 29 64 82 61 70 84 73 80 49 53 93 93 97 58 95 40 91 79 62 58 6 77 26 80 94 38 45 61 16 93 42 64 8 3 47 76 53 67 26 38 4 26 85 65 1 53 82 47 85 18 55 36 79 61 51 47 24 66 1 33 13 91 76 26 56 70 6 15 88 3 92 65 99 88 59 25 46 15 78 87 33 92 73 39 84 21 25 72 28 38 96 83 17 55 97 53 74 6 67 81 95 51 3 90 33 8 90 86 37 67 74 12 36 
29 67 82 19 92 68 39 26 30 93 46 69 32 54 14 82 67 54 61 92 0 43 40 53 94 85 21 74 8 53 70 58 63 90 84 17 29 46 83 82 69 68 62 84 70 39 75 64 73 13 35 25 84 35 23 90 41 88 76 78 39 76 22 16 56 69 83 69 12 37 58 28 80 2 13 2 9 90 64 91 16 86 81 85 28 94 8 15 76 13 62 21 38 63 67 34 58 75 73 6 1 3 5 65 58 36 31 5 76 81 15 3 53 55 16 97 89 1 60 63 2 92 68 82 42 84 45 98 7 88 57 50 48 73 60 
30 72 29 98 9 49 57 84 56 57 95 24 36 81 31 28 96 54 10 55 43 0 94 83 81 99 93 39 11 88 66 96 89 60 74 96 92 35 51 52 83 83 52 92 25 56 69 66 38 58 98 88 45 58 42 33 28 56 64 81 92 77 57 27 63 54 93 23 39 21 59 44 20 46 76 38 85 35 88 59 2 41 86 38 59 8 25 25 84 42 95 28 33 15 26 14 79 37 25 4 57 94 32 29 77 3 61 60 73 41 16 38 8 83 39 48 61 61 49 83 9 86 69 40 64 55 14 62 41 74 75 69 25 26 34 
15 49 23 39 41 19 88 28 29 52 10 47 89 73 24 26 40 13 35 29 40 94 0 19 79 47 79 8 78 9 39 50 15 18 46 58 78 88 27 32 59 24 38 43 94 90 82 97 27 47 19 25 40 76 40 7 69 40 47 22 68 74 25 72 33 13 87 66 8 3 97 21 4 86 95 36 18 18 56 44 53 96 26 90 30 52 68 48 21 72 80 9 24 61 57 10 47 61 66 63 22 14 23 28 26 18 33 94 15 86 53 26 61 84 69 90 25 58 64 13 19 27 78 26 1 23 15 75 40 76 20 10 72 54 67 
51 55 39 64 70 98 29 57 44 5 89 40 61 30 51 87 72 81 64 64 53 83 19 0 28 89 3 72 86 20 15 14 98 83 23 62 82 12 29 45 3 4 11 32 92 97 30 56 30 34 42 66 50 26 86 49 54 49 1 39 8 22 6 16 78 81 64 98 31 33 73 45 41 68 25 79 68 51 49 36 53 32 2 65 32 19 67 16 44 40 21 2 1 46 83 30 27 8 53 4 22 84 80 63 70 68 9 73 44 96 90 77 73 59 69 59 82 64 93 53 38 48 52 24 71 1 24 23 88 60 9 3 19 4 15 
69 16 42 47 6 12 37 93 99 80 47 67 39 39 22 37 8 97 67 82 94 81 79 28 0 80 68 35 82 65 45 43 35 79 45 61 68 43 23 42 69 42 40 81 43 68 99 14 26 39 76 6 93 23 40 74 15 48 72 2 34 71 61 20 16 98 99 54 70 21 36 39 50 82 59 13 76 54 25 96 23 34 25 31 88 1 88 36 46 64 9 42 15 63 11 30 31 38 98 40 11 68 55 78 46 74 69 24 82 65 82 82 33 94 15 31 39 97 88 1 38 67 43 62 19 1 46 83 95 72 71 97 54 1 43 
88 6 75 90 8 12 67 9 56 76 59 78 12 79 72 15 17 34 69 61 85 99 47 89 80 0 41 40 25 41 93 73 32 5 30 36 36 49 31 48 1 80 8 53 10 25 52 86 92 76 15 82 62 41 13 28 45 1 55 65 17 91 18 60 91 96 38 73 84 82 40 44 71 91 24 31 74 64 91 49 45 95 17 60 91 45 86 49 18 52 49 7 77 67 87 36 45 79 99 1 39 19 82 37 49 4 52 49 4 89 58 17 88 64 87 22 34 95 32 69 39 72 70 54 13 97 47 41 18 94 79 62 36 59 32 
88 18 78 3 79 53 11 56 6 32 22 27 45 55 4 4 67 52 14 70 21 93 79 3 68 41 0 31 49 31 97 97 21 7 75 36 37 74 39 72 57 72 68 50 62 83 99 84 86 88 48 1 66 22 22 40 77 61 3 41 78 44 84 60 67 79 86 51 23 38 14 16 85 47 39 90 55 28 30 49 16 74 30 52 50 89 65 14 53 95 60 35 4 65 81 93 58 1 10 91 39 18 14 43 53 10 39 26 58 82 52 70 54 90 70 30 91 63 77 21 56 89 96 2 63 55 11 32 70 96 48 49 11 41 26 
95 43 71 99 38 77 85 77 51 77 55 25 44 43 24 93 62 56 67 84 74 39 8 72 35 40 31 0 73 88 23 50 56 89 4 29 25 21 66 88 10 12 22 59 88 95 65 79 88 72 87 83 1 43 35 67 58 93 7 71 3 13 91 5 1 35 77 9 24 62 28 16 12 86 54 91 48 61 89 30 84 51 70 39 84 75 96 48 6 60 12 36 52 85 74 13 36 17 10 85 59 49 22 48 72 57 52 68 4 93 51 54 88 80 93 40 81 83 83 3 31 86 48 66 42 57 42 80 45 95 80 87 34 55 16 
97 21 26 29 79 69 1 47 93 53 1 18 8 65 13 85 70 81 92 73 8 11 78 86 82 25 49 73 0 28 38 6 65 35 43 88 45 91 43 45 53 89 58 81 3 65 74 96 50 32 32 42 40 15 3 48 36 51 33 33 42 43 96 17 84 29 32 92 12 39 88 17 57 10 65 84 27 3 39 86 31 87 54 32 31 37 16 22 93 48 74 45 5 67 44 19 60 91 30 78 10 24 91 9 92 15 88 48 73 38 42 90 31 40 6 34 75 20 94 38 90 16 13 98 65 1 70 51 48 19 69 68 67 75 70 
87 49 49 79 34 46 17 50 64 39 20 88 63 69 78 73 51 55 1 80 53 88 9 20 65 41 31 88 28 0 56 66 82 51 49 5 51 57 79 39 11 95 25 40 59 56 1 39 94 86 96 71 74 56 16 97 50 56 7 33 30 94 79 20 29 79 42 93 25 90 11 70 16 47 30 45 20 84 75 80 45 99 13 87 78 50 32 54 88 93 79 3 70 97 23 43 3 21 57 40 38 27 22 4 63 29 10 55 2 29 7 45 68 33 30 70 13 91 16 75 93 17 24 16 12 5 72 95 25 81 38 64 61 82 50 
14 23 51 76 28 65 31 12 53 84 20 2 57 45 8 44 59 13 35 49 70 66 39 15 45 93 97 23 38 56 0 79 12 1 48 24 82 91 13 57 82 29 36 81 9 17 7 22 35 48 46 43 26 36 76 27 54 88 75 67 78 61 53 50 37 61 96 48 70 35 62 33 48 19 92 92 74 82 13 42 58 71 3 35 81 67 88 72 15 27 40 91 59 46 83 85 53 14 10 26 48 65 89 40 86 22 46 45 89 84 69 68 71 36 35 25 62 88 74 21 77 73 59 56 16 83 42 64 28 97 83 90 72 74 97 
10 14 63 59 52 90 4 9 35 81 86 46 97 85 53 9 80 86 71 53 58 96 50 14 43 73 97 50 6 66 79 0 61 90 80 89 23 35 56 8 38 99 1 76 74 64 58 65 40 15 23 27 16 82 77 93 27 50 89 33 26 99 53 61 78 6 47 65 11 98 2 57 73 92 57 22 87 38 73 75 93 15 15 50 89 46 87 31 84 78 72 59 63 43 19 59 76 13 29 46 50 95 23 77 57 90 39 87 12 20 89 51 75 92 91 41 60 3 9 76 72 30 96 11 73 64 14 36 62 28 6 49 37 83 68 
8 98 45 43 78 41 79 62 99 75 28 59 94 74 31 56 15 11 17 93 63 89 15 98 35 32 21 56 65 82 12 61 0 7 39 19 72 54 16 53 47 98 75 54 4 25 44 26 27 2 7 19 35 32 97 81 99 44 52 37 83 9 3 20 63 95 76 26 36 80 63 77 77 75 71 48 79 32 34 44 10 57 87 47 38 37 11 51 78 20 46 35 36 8 72 2 4 47 62 7 4 9 37 85 49 82 15 16 49 44 44 58 86 68 47 51 3 1 82 59 19 46 66 28 97 84 59 21 97 44 85 12 99 91 47 
64 54 55 27 31 8 60 75 84 71 98 22 53 51 27 18 78 82 38 93 90 60 18 83 79 5 7 89 35 51 1 90 7 0 38 89 41 7 45 31 59 34 66 22 90 58 1 78 68 16 71 4 48 43 2 82 48 17 69 22 62 30 45 97 67 35 89 87 78 98 39 11 22 17 79 8 54 54 68 78 13 87 86 29 14 62 7 58 46 62 52 94 7 58 41 8 5 93 8 19 52 73 3 83 47 19 87 30 36 12 53 77 38 79 70 25 70 30 78 25 43 11 66 86 54 21 14 27 7 32 84 50 66 55 1 
62 85 1 22 44 8 54 24 78 27 22 18 25 81 9 61 13 79 18 97 84 74 46 23 45 30 75 4 43 49 48 80 39 38 0 51 82 38 77 71 21 55 16 46 30 71 15 14 77 82 48 44 76 63 26 26 73 43 62 45 45 54 33 29 6 21 62 8 52 98 51 84 22 10 78 12 68 36 38 42 10 16 94 86 77 30 53 26 87 38 16 23 92 37 46 67 4 59 96 73 73 90 17 86 75 33 63 7 74 38 3 46 14 42 34 4 5 31 66 70 89 75 37 66 57 78 71 17 43 98 58 94 6 90 88 
23 11 87 59 47 34 70 89 38 58 95 57 44 51 97 33 12 72 39 58 17 96 58 62 61 36 36 29 88 5 24 89 19 89 51 0 30 96 70 87 42 82 52 47 59 40 84 16 76 94 94 53 57 26 80 37 5 83 95 12 43 23 85 29 57 33 59 87 69 67 23 3 74 2 34 81 8 64 70 6 43 16 36 47 82 24 21 5 24 26 47 32 26 19 12 54 46 7 21 6 68 12 45 45 27 86 57 81 54 38 47 12 65 57 84 23 57 77 75 72 37 51 32 24 29 1 40 62 33 67 59 47 80 38 54 
58 97 17 17 10 59 50 90 90 31 19 34 52 36 85 99 80 85 83 95 29 92 78 82 68 36 37 25 45 51 82 23 72 41 82 30 0 91 89 34 35 26 79 20 84 53 76 85 64 97 80 99 42 39 40 7 9 1 88 43 19 45 44 94 6 3 63 37 95 60 84 20 24 31 18 99 40 56 24 17 10 92 31 49 50 38 52 22 1 32 94 19 40 45 50 45 24 37 82 90 70 75 86 69 62 44 47 54 75 13 36 18 12 5 88 27 66 17 76 26 64 25 17 80 85 57 20 34 66 30 39 84 54 70 92 
2 56 20 93 68 8 75 83 55 65 68 44 11 73 82 84 96 30 15 40 46 35 88 12 43 49 74 21 91 57 91 35 54 7 38 96 91 0 65 20 55 76 70 71 94 23 82 29 98 74 58 51 21 30 33 44 92 48 47 58 80 2 13 40 20 56 60 58 67 89 58 54 56 3 34 45 54 38 63 74 61 70 73 87 83 13 49 9 84 65 27 53 18 28 43 49 54 93 15 85 46 29 16 34 90 71 15 91 80 66 14 27 52 24 94 11 73 52 30 20 3 37 23 57 99 95 59 22 35 40 55 29 12 60 3 
1 62 10 38 4 35 47 83 5 39 36 76 95 16 74 28 35 13 38 91 83 51 27 29 23 31 39 66 43 79 13 56 16 45 77 70 89 65 0 4 87 11 28 2 62 71 13 31 68 80 62 58 8 43 4 54 90 13 75 76 60 35 70 51 98 93 22 86 76 44 4 85 7 2 66 97 19 54 8 71 47 26 35 56 72 64 95 12 13 50 80 68 55 70 82 42 32 83 34 74 10 89 75 96 2 20 12 73 42 24 36 59 30 15 2 50 95 40 28 58 20 33 12 52 88 86 65 77 61 9 40 85 98 19 4 
61 57 93 12 68 5 28 6 44 19 96 99 50 40 40 96 7 64 63 79 82 52 32 45 42 48 72 88 45 39 57 8 53 31 71 87 34 20 4 0 47 41 32 96 43 63 24 17 89 32 98 76 84 7 19 46 65 54 86 44 51 43 14 8 1 6 14 9 39 67 60 98 67 6 26 89 7 16 75 60 20 51 23 3 76 76 51 42 9 48 84 28 10 71 19 79 70 62 84 36 36 57 54 23 14 49 22 8 7 78 29 44 85 71 98 29 74 90 7 54 14 73 55 90 51 49 39 58 35 69 66 52 25 86 48 
82 90 52 23 55 6 34 43 12 96 30 3 19 3 57 53 70 8 1 62 69 83 59 3 69 1 57 10 53 11 82 38 47 59 21 42 35 55 87 47 0 39 85 39 32 79 79 9 37 96 73 38 78 35 40 20 68 32 71 65 56 60 57 27 90 78 31 53 89 32 84 44 1 52 11 73 40 77 14 70 70 50 12 13 60 14 90 32 20 26 65 87 67 19 87 92 99 99 37 49 15 41 46 79 64 1 55 21 85 24 56 60 41 38 3 35 70 44 91 41 84 61 46 19 69 27 61 46 59 24 2 41 14 78 63 
9 22 11 7 98 62 73 47 30 42 23 97 11 36 61 51 86 71 34 58 68 83 24 4 42 80 72 12 89 95 29 99 98 34 55 82 26 76 11 41 39 0 52 95 48 62 58 65 98 24 2 3 68 84 5 9 78 15 14 99 7 96 69 98 87 29 74 35 84 59 49 10 15 32 25 25 23 75 26 20 97 75 62 86 8 54 89 62 76 69 18 44 29 18 53 49 92 95 60 22 87 72 93 10 11 21 84 16 47 39 20 61 7 24 32 92 1 84 72 10 68 66 3 66 48 87 26 20 5 53 71 5 23 63 60 
89 97 69 97 64 51 69 22 77 96 57 91 62 98 26 81 45 83 50 6 62 52 38 11 40 8 68 22 58 25 36 1 75 66 16 52 79 70 28 32 85 52 0 41 70 71 24 77 32 59 28 73 31 19 57 45 37 60 89 57 84 57 2 49 9 55 24 94 54 71 24 43 69 62 31 73 27 36 89 95 22 61 33 91 87 19 10 30 75 31 59 40 95 26 74 74 54 76 78 61 27 7 85 68 78 34 92 52 37 34 84 41 14 65 52 74 7 57 22 60 31 46 69 58 20 83 32 71 61 76 34 18 79 97 1 
14 84 24 15 81 77 40 52 90 58 11 84 40 80 66 92 71 64 78 77 84 92 43 32 81 53 50 59 81 40 81 76 54 22 46 47 20 71 2 96 39 95 41 0 83 42 68 86 63 35 25 98 73 13 51 64 65 34 60 36 20 7 24 97 61 19 97 63 10 24 41 77 98 7 80 35 81 7 33 13 71 96 52 46 18 88 87 85 7 58 58 84 73 7 88 19 31 7 88 14 54 62 41 39 17 48 39 98 1 66 49 70 32 66 1 76 77 20 85 83 64 39 55 87 13 22 19 46 60 61 13 29 12 14 61 
48 26 15 88 29 46 33 74 33 49 43 27 7 16 96 80 73 65 32 26 70 25 94 92 43 10 62 88 3 59 9 74 4 90 30 59 84 94 62 43 32 48 70 83 0 83 60 88 84 3 34 92 10 3 77 44 82 18 89 54 51 76 7 37 95 17 77 99 63 23 71 70 83 16 96 19 22 10 3 79 79 7 97 60 37 26 6 62 9 7 21 57 14 94 4 79 6 82 91 40 99 8 33 11 69 45 99 82 80 98 20 50 67 62 51 26 41 25 56 3 87 6 10 95 81 26 54 72 66 56 64 8 69 87 40 
73 15 64 76 38 97 98 43 51 43 73 27 8 16 28 27 13 45 58 80 39 56 90 97 68 25 83 95 65 56 17 64 25 58 71 40 53 23 71 63 79 62 71 42 83 0 58 74 78 39 32 77 60 82 28 90 40 9 4 15 99 10 76 79 82 65 74 84 16 65 53 48 27 54 17 26 8 25 5 10 26 37 90 81 53 70 55 26 42 19 12 81 4 2 18 51 91 19 46 45 49 21 92 17 36 30 8 29 7 30 98 97 95 3 89 91 61 70 1 87 15 69 74 16 87 90 45 68 16 51 35 53 15 71 31 
31 14 22 36 65 22 8 14 52 53 32 53 80 95 19 38 47 70 59 94 75 69 82 30 99 52 99 65 74 1 7 58 44 1 15 84 76 82 13 24 79 58 24 68 60 58 0 29 93 73 35 60 15 81 13 87 64 86 79 3 10 76 31 33 20 68 77 31 71 9 18 75 67 49 66 17 33 18 78 59 12 67 34 8 7 5 63 1 22 21 38 51 59 82 79 7 47 13 62 50 52 28 60 15 22 88 54 14 75 35 50 71 24 54 52 13 71 11 99 5 97 12 75 38 32 44 95 38 87 1 39 26 23 45 94 
72 85 47 64 38 93 34 19 43 23 13 56 13 67 87 25 83 76 74 38 64 66 97 56 14 86 84 79 96 39 22 65 26 78 14 16 85 29 31 17 9 65 77 86 88 74 29 0 47 86 14 32 47 82 67 37 53 35 32 14 48 19 26 64 87 6 24 20 31 5 8 52 99 67 65 28 96 56 1 44 44 91 63 65 5 7 25 24 28 31 69 26 94 51 68 3 99 86 57 19 13 25 38 70 65 59 1 65 14 22 38 99 15 18 91 90 23 21 51 73 49 11 24 97 66 13 21 86 22 47 32 27 35 59 91 
4 44 4 33 94 72 63 24 24 65 83 8 1 35 2 57 8 89 77 45 73 38 27 30 26 92 86 88 50 94 35 40 27 68 77 76 64 98 68 89 37 98 32 63 84 78 93 47 0 83 70 15 80 84 79 63 26 68 18 20 55 38 1 81 62 62 4 17 54 78 25 65 20 72 63 54 5 5 72 84 70 80 61 98 54 33 88 7 3 41 6 22 4 12 80 68 7 76 47 17 64 5 20 41 38 63 59 6 80 87 75 45 11 7 33 41 9 67 96 73 58 25 95 34 48 95 53 92 12 37 7 61 30 50 56 
71 7 57 92 19 93 15 46 90 71 8 63 4 84 35 41 30 35 29 61 13 58 47 34 39 76 88 72 32 86 48 15 2 16 82 94 97 74 80 32 96 24 59 35 3 39 73 86 83 0 7 41 64 8 76 27 56 32 83 96 55 78 77 7 96 91 79 58 14 84 24 21 66 91 85 55 67 84 88 38 17 8 81 69 16 16 83 21 48 21 59 10 97 56 60 89 8 26 10 11 37 40 21 83 76 29 99 41 86 84 6 11 49 61 68 60 34 22 77 84 7 22 15 42 66 79 69 39 92 54 81 95 13 90 78 
22 78 89 50 79 26 78 96 44 62 88 32 52 94 3 53 61 15 77 16 35 98 19 42 76 15 48 87 32 96 46 23 7 71 48 94 80 58 62 98 73 2 28 25 34 32 35 14 70 7 0 61 58 52 15 68 49 55 10 23 34 99 57 81 15 32 20 43 32 74 28 62 15 54 41 91 44 12 74 73 32 52 59 16 49 4 26 65 29 69 60 60 84 78 5 70 67 74 44 88 84 74 79 63 5 73 41 98 13 19 55 36 20 32 10 71 30 33 86 95 87 85 84 12 85 97 96 83 29 90 37 18 96 22 11 
50 57 81 1 71 98 44 53 89 61 9 80 16 19 18 39 83 60 54 93 25 88 25 66 6 82 1 83 42 71 43 27 19 4 44 53 99 51 58 76 38 3 73 98 92 77 60 32 15 41 61 0 80 62 40 89 91 72 84 46 13 20 45 20 85 64 42 64 31 52 12 54 32 75 92 69 11 21 88 73 78 1 39 89 48 6 47 75 72 94 58 18 47 38 88 88 74 4 51 64 64 61 53 49 52 7 64 94 2 25 23 89 49 35 23 40 19 64 75 89 18 8 28 87 79 3 51 17 44 80 12 78 14 95 39 
58 60 47 23 93 2 62 34 96 97 62 93 68 75 86 20 74 89 59 42 84 45 40 50 93 62 66 1 40 74 26 16 35 48 76 57 42 21 8 84 78 68 31 73 10 60 15 47 80 64 58 80 0 1 72 27 93 77 95 89 55 17 63 74 57 54 40 19 65 79 69 59 51 54 44 48 51 48 88 95 55 75 66 4 45 12 53 57 41 15 39 98 14 47 62 6 62 15 78 66 93 48 77 14 6 23 42 7 16 31 47 93 33 19 30 72 4 1 51 70 41 36 52 16 50 9 68 66 35 35 86 39 3 46 59 
4 16 55 98 53 14 86 55 29 28 24 77 82 19 12 45 47 34 32 64 35 58 76 26 23 41 22 43 15 56 36 82 32 43 63 26 39 30 43 7 35 84 19 13 3 82 81 82 84 8 52 62 1 0 18 34 93 9 45 6 10 42 51 74 78 63 8 33 80 67 42 78 77 49 92 14 76 2 33 28 10 37 8 55 12 90 37 81 59 77 64 24 33 66 80 76 74 63 18 87 66 6 77 60 45 93 30 57 57 68 54 18 13 53 83 94 20 61 58 34 62 89 74 80 33 61 71 19 35 74 39 72 23 16 55 
69 25 80 71 11 39 37 15 65 1 35 47 60 26 94 21 87 25 95 8 23 42 40 86 40 13 22 35 3 16 76 77 97 2 26 80 40 33 4 19 40 5 57 51 77 28 13 67 79 76 15 40 72 18 0 28 24 27 12 61 31 62 98 74 45 81 24 65 72 18 65 13 85 39 77 38 38 84 44 88 78 14 44 91 28 47 69 5 99 32 59 90 42 64 97 83 55 88 40 72 37 40 71 17 11 26 48 12 79 64 44 94 42 24 34 89 47 26 46 31 95 87 26 97 38 7 23 30 84 32 88 98 54 16 84 
25 10 72 37 33 86 13 58 87 27 95 88 67 18 54 64 85 4 14 3 90 33 7 49 74 28 40 67 48 97 27 93 81 82 26 37 7 44 54 46 20 9 45 64 44 90 87 37 63 27 68 89 27 34 28 0 87 16 79 36 7 2 9 83 12 79 81 93 40 7 27 74 77 65 35 27 83 39 92 9 19 25 6 56 46 3 25 48 58 40 80 38 52 10 38 9 70 16 57 67 38 23 76 19 7 78 72 35 41 53 25 50 7 33 67 13 59 87 33 49 46 56 33 27 16 60 57 31 67 28 94 21 49 39 23 
44 67 15 19 47 28 54 62 59 51 4 71 16 50 60 22 98 42 39 47 41 28 69 54 15 45 77 58 36 50 54 27 99 48 73 5 9 92 90 65 68 78 37 65 82 40 64 53 26 56 49 91 93 93 24 87 0 65 62 85 88 68 70 67 8 16 26 95 63 28 94 19 91 85 74 80 37 1 13 24 98 10 47 87 76 75 6 70 43 4 34 77 21 58 2 67 80 78 62 78 79 86 51 86 17 2 22 58 23 17 68 38 61 79 81 91 1 38 77 81 82 8 61 93 24 13 51 16 64 9 3 43 18 16 51 
77 72 78 28 64 39 27 41 89 21 56 70 62 38 83 66 48 31 92 76 88 56 40 49 48 1 61 93 51 56 88 50 44 17 43 83 1 48 13 54 32 15 60 34 18 9 86 35 68 32 55 72 77 9 27 16 65 0 26 64 52 55 28 45 59 80 5 12 37 22 93 10 91 22 13 46 98 29 40 3 48 71 51 19 92 93 37 83 74 57 66 5 48 39 80 76 19 50 64 71 55 43 70 42 21 17 1 40 68 36 22 87 52 91 65 4 9 60 2 10 62 25 38 96 71 52 83 84 74 6 58 19 46 63 87 
27 54 16 29 94 85 83 73 52 27 69 56 65 21 12 69 89 23 88 53 76 64 47 1 72 55 3 7 33 7 75 89 52 69 62 95 88 47 75 86 71 14 89 60 89 4 79 32 18 83 10 84 95 45 12 79 62 26 0 79 87 67 51 22 94 73 71 77 81 37 69 37 77 45 48 45 52 21 3 47 77 37 46 15 25 85 72 31 94 96 12 51 73 69 95 80 63 49 83 36 13 82 32 71 3 71 86 26 25 53 37 2 90 52 96 63 42 68 67 43 55 53 72 31 29 24 10 9 46 94 46 70 21 92 8 
53 70 26 53 19 34 13 66 23 66 16 93 20 41 84 93 74 54 60 67 78 81 22 39 2 65 41 71 33 33 67 33 37 22 45 12 43 58 76 44 65 99 57 36 54 15 3 14 20 96 23 46 89 6 61 36 85 64 79 0 18 64 40 62 57 50 43 44 96 86 90 59 98 22 27 23 91 52 59 98 71 28 4 32 11 54 44 25 23 88 16 76 68 24 55 59 67 16 92 27 25 6 27 45 94 81 82 68 58 66 1 12 34 19 61 6 6 72 15 81 26 55 19 85 45 59 71 96 49 11 91 47 73 33 29 
81 37 54 95 37 2 26 23 11 78 25 99 45 53 4 19 77 97 47 26 39 92 68 8 34 17 78 3 42 30 78 26 83 62 45 43 19 80 60 51 56 7 84 20 51 99 10 48 55 55 34 13 55 10 31 7 88 52 87 18 0 76 4 53 34 82 56 91 20 64 12 4 40 31 23 78 63 65 57 72 36 53 47 9 81 61 4 23 32 96 96 56 11 79 56 19 95 88 78 16 90 55 63 75 51 78 56 67 37 63 37 14 66 53 27 73 90 93 92 48 99 13 54 43 17 49 21 8 85 24 77 38 16 5 16 
42 22 85 51 30 32 2 3 32 19 95 88 88 24 84 69 88 92 63 38 76 77 74 22 71 91 44 13 43 94 61 99 9 30 54 23 45 2 35 43 60 96 57 7 76 10 76 19 38 78 99 20 17 42 62 2 68 55 67 64 76 0 9 49 37 67 78 19 45 39 12 30 97 74 6 94 31 45 2 39 5 33 86 71 61 4 13 68 12 14 29 4 98 71 29 75 90 16 42 14 2 52 77 84 72 56 10 81 8 28 45 6 47 79 96 70 51 65 88 61 33 88 28 45 45 44 25 19 76 80 1 55 47 95 2 
83 41 59 47 40 39 42 87 10 61 63 86 62 19 1 17 46 92 87 4 22 57 25 6 61 18 84 91 96 79 53 53 3 45 33 85 44 13 70 14 57 69 2 24 7 76 31 26 1 77 57 45 63 51 98 9 70 28 51 40 4 9 0 20 71 71 35 63 10 5 63 49 47 49 91 81 11 71 26 20 9 65 3 73 65 94 20 74 67 32 66 65 69 46 92 94 23 98 55 62 48 25 24 27 34 84 95 41 19 15 39 64 7 72 53 15 44 80 84 41 22 61 97 23 49 86 72 96 38 85 67 57 51 66 89 
16 78 86 8 29 29 56 2 7 83 27 75 22 80 94 79 37 83 62 26 16 27 72 16 20 60 60 5 17 20 50 61 20 97 29 29 94 40 51 8 27 98 49 97 37 79 33 64 81 7 81 20 74 74 74 83 67 45 22 62 53 49 20 0 21 1 76 15 94 27 72 91 75 27 6 99 76 68 16 78 25 27 57 79 2 22 79 1 91 61 75 53 88 44 64 29 59 92 13 95 14 9 70 27 64 4 5 35 60 8 76 41 20 69 28 88 6 1 83 45 54 55 89 68 30 22 37 40 54 64 17 96 72 77 63 
65 92 30 86 55 76 56 73 31 60 99 16 1 52 86 60 88 98 40 85 56 63 33 78 16 91 67 1 84 29 37 78 63 67 6 57 6 20 98 1 90 87 9 61 95 82 20 87 62 96 15 85 57 78 45 12 8 59 94 57 34 37 71 21 0 73 22 74 19 83 55 75 74 4 31 79 70 99 97 17 33 49 18 24 76 94 92 65 89 64 71 60 96 28 55 36 30 29 33 54 98 78 81 77 84 4 89 70 58 89 81 48 19 35 70 77 85 33 27 1 75 20 45 29 4 53 93 58 9 62 11 20 28 99 7 
69 50 45 17 30 32 65 52 68 63 48 15 64 33 52 57 40 37 72 65 69 54 13 81 98 96 79 35 29 79 61 6 95 35 21 33 3 56 93 6 78 29 55 19 17 65 68 6 62 91 32 64 54 63 81 79 16 80 73 50 82 67 71 1 73 0 36 54 9 22 87 31 96 69 13 52 23 21 94 33 91 96 2 38 25 83 1 7 68 82 5 13 15 59 5 85 94 50 22 41 82 18 67 54 47 33 9 33 75 32 60 50 12 12 55 9 10 73 90 96 73 48 74 77 12 70 58 95 45 4 22 65 32 44 37 
26 48 38 30 56 52 16 72 19 39 88 57 95 38 92 45 38 7 3 1 83 93 87 64 99 38 86 77 32 42 96 47 76 89 62 59 63 60 22 14 31 74 24 97 77 74 77 24 4 79 20 42 40 8 24 81 26 5 71 43 56 78 35 76 22 36 0 87 60 16 40 69 2 15 83 78 69 32 57 38 30 48 70 6 35 28 64 63 12 59 9 54 37 75 13 27 77 3 86 71 21 48 47 1 53 98 6 17 45 30 49 51 87 18 97 58 33 79 2 22 95 1 77 22 85 92 80 53 57 67 92 89 79 96 57 
99 78 23 12 91 67 93 88 13 24 36 88 85 31 33 36 7 39 60 53 69 23 66 98 54 73 51 9 92 93 48 65 26 87 8 87 37 58 86 9 53 35 94 63 99 84 31 20 17 58 43 64 19 33 65 93 95 12 77 44 91 19 63 15 74 54 87 0 10 12 85 60 14 49 33 46 20 84 34 84 47 55 73 66 72 57 34 54 60 74 69 50 36 69 72 52 97 7 85 5 24 22 36 60 40 67 61 34 9 4 69 7 8 68 30 95 78 98 37 75 30 91 56 50 82 46 11 16 71 24 37 25 70 26 73 
88 41 92 62 28 68 41 78 74 69 17 2 2 41 87 40 44 99 26 82 12 39 8 31 70 84 23 24 12 25 70 11 36 78 52 69 95 67 76 39 89 84 54 10 63 16 71 31 54 14 32 31 65 80 72 40 63 37 81 96 20 45 10 94 19 9 60 10 0 99 77 79 45 97 12 11 84 94 53 31 31 63 22 23 43 57 96 93 38 44 86 96 73 95 2 17 27 2 98 53 60 54 80 56 76 96 85 29 55 14 8 16 84 35 52 44 91 76 79 52 58 30 69 61 50 81 3 4 79 88 73 26 40 10 44 
8 79 55 15 61 33 61 63 75 70 88 85 85 51 85 62 59 32 58 47 37 21 3 33 21 82 38 62 39 90 35 98 80 98 98 67 60 89 44 67 32 59 71 24 23 65 9 5 78 84 74 52 79 67 18 7 28 22 37 86 64 39 5 27 83 22 16 12 99 0 57 65 10 2 82 16 87 84 80 64 93 6 82 65 28 19 16 12 71 92 52 6 69 21 53 60 37 3 69 27 22 45 43 43 49 54 5 17 50 21 20 34 65 85 46 35 36 89 25 61 13 82 37 39 16 86 90 84 43 90 67 97 75 40 95 
27 46 77 31 13 75 71 49 92 62 91 76 61 74 82 33 2 63 33 85 58 59 97 73 36 40 14 28 88 11 62 2 63 39 51 23 84 58 4 60 84 49 24 41 71 53 18 8 25 24 28 12 69 42 65 27 94 93 69 90 12 12 63 72 55 87 40 85 77 57 0 1 11 33 2 88 27 36 40 31 7 66 80 55 59 45 82 17 92 62 77 84 85 3 87 35 77 86 44 23 72 22 80 98 48 60 72 64 36 30 54 35 14 70 48 91 6 55 98 33 13 28 92 99 70 18 31 34 58 14 3 74 35 52 16 
26 88 13 9 18 33 50 1 66 88 79 77 77 69 6 68 84 48 31 18 28 44 21 45 39 44 16 16 17 70 33 57 77 11 84 3 20 54 85 98 44 10 43 77 70 48 75 52 65 21 62 54 59 78 13 74 19 10 37 59 4 30 49 91 75 31 69 60 79 65 1 0 8 72 77 13 22 67 10 37 60 72 46 34 92 78 34 74 98 85 39 71 86 37 95 13 43 69 26 89 95 41 82 87 58 57 82 54 3 13 6 29 22 47 90 94 23 98 51 98 15 82 69 82 22 4 90 73 51 52 20 53 20 60 24 
23 17 60 41 72 98 51 43 86 67 88 91 23 81 12 54 30 63 53 55 80 20 4 41 50 71 85 12 57 16 48 73 77 22 22 74 24 56 7 67 1 15 69 98 83 27 67 99 20 66 15 32 51 77 85 77 91 91 77 98 40 97 47 75 74 96 2 14 45 10 11 8 0 59 77 36 73 71 31 81 90 52 63 50 44 13 97 51 33 35 55 84 91 46 46 9 53 79 90 22 64 32 6 72 8 39 9 60 94 72 94 98 83 2 67 43 99 47 60 59 58 16 83 44 11 61 59 51 67 65 34 68 53 59 48 
10 29 27 49 92 6 33 40 54 20 58 19 15 16 70 63 49 35 92 36 2 46 86 68 82 91 47 86 10 47 19 92 75 17 10 2 31 3 2 6 52 32 62 7 16 54 49 67 72 91 54 75 54 49 39 65 85 22 45 22 31 74 49 27 4 69 15 49 97 2 33 72 59 0 91 24 15 8 32 63 78 4 19 9 45 94 90 68 26 88 21 1 38 72 87 74 26 33 91 32 99 64 10 33 67 69 77 65 35 2 25 65 17 5 87 78 24 72 81 22 94 61 48 99 19 83 15 28 62 27 69 80 85 76 60 
68 46 77 31 8 1 91 4 43 37 25 63 25 64 10 76 56 72 42 79 13 76 95 25 59 24 39 54 65 30 92 57 71 79 78 34 18 34 66 26 11 25 31 80 96 17 66 65 63 85 41 92 44 92 77 35 74 13 48 27 23 6 91 6 31 13 83 33 12 82 2 77 77 91 0 9 3 81 25 63 33 61 96 45 21 86 92 90 8 19 49 77 37 63 55 31 3 4 7 66 77 11 36 67 66 76 32 56 20 85 71 45 67 56 86 96 60 63 77 81 96 13 81 19 19 9 60 47 72 98 75 65 78 79 47 
24 68 72 24 84 38 21 58 7 18 56 46 47 65 47 9 46 43 79 61 2 38 36 79 13 31 90 91 84 45 92 22 48 8 12 81 99 45 97 89 73 25 73 35 19 26 17 28 54 55 91 69 48 14 38 27 80 46 45 23 78 94 81 99 79 52 78 46 11 16 88 13 36 24 9 0 2 36 83 66 7 49 64 12 87 82 59 95 28 31 18 59 44 72 47 36 7 19 45 41 82 48 41 75 73 58 59 85 4 30 58 45 26 61 9 49 26 29 46 75 54 24 19 97 81 19 95 24 92 37 16 15 66 78 31 
28 67 88 67 57 73 53 44 10 22 50 66 33 92 75 35 9 21 58 51 9 85 18 68 76 74 55 48 27 20 74 87 79 54 68 8 40 54 19 7 40 23 27 81 22 8 33 96 5 67 44 11 51 76 38 83 37 98 52 91 63 31 11 76 70 23 69 20 84 87 27 22 73 15 3 2 0 54 61 68 85 96 85 86 64 69 69 22 27 44 38 5 34 41 45 95 32 57 57 99 85 15 28 19 77 13 25 55 49 48 44 62 8 20 47 20 80 59 95 61 54 14 31 29 3 76 93 44 30 91 80 48 35 29 10 
38 79 40 93 52 44 39 54 37 78 53 53 81 21 94 34 35 91 46 47 90 35 18 51 54 64 28 61 3 84 82 38 32 54 36 64 56 38 54 16 77 75 36 7 10 25 18 56 5 84 12 21 48 2 84 39 1 29 21 52 65 45 71 68 99 21 32 84 94 84 36 67 71 8 81 36 54 0 53 25 73 89 88 1 24 17 15 90 44 7 76 37 42 22 2 85 35 88 86 72 15 83 4 10 45 26 49 88 70 94 78 35 76 40 28 14 46 90 19 2 38 69 21 31 84 97 89 12 42 76 73 6 87 44 38 
58 47 44 65 33 25 66 44 88 27 25 29 71 55 33 93 30 51 86 24 64 88 56 49 25 91 30 89 39 75 13 73 34 68 38 70 24 63 8 75 14 26 89 33 3 5 78 1 72 88 74 88 88 33 44 92 13 40 3 59 57 2 26 16 97 94 57 34 53 80 40 10 31 32 25 83 61 53 0 98 76 40 94 34 15 78 97 18 73 83 97 37 63 13 80 58 84 24 86 32 20 96 52 69 16 39 55 68 44 33 73 34 93 37 13 55 89 36 92 95 11 97 88 68 31 67 39 31 45 65 90 17 99 76 68 
84 1 77 13 77 17 81 75 60 33 16 88 55 24 39 26 1 23 26 66 91 59 44 36 96 49 49 30 86 80 42 75 44 78 42 6 17 74 71 60 70 20 95 13 79 10 59 44 84 38 73 73 95 28 88 9 24 3 47 98 72 39 20 78 17 33 38 84 31 64 31 37 81 63 63 66 68 25 98 0 32 1 24 84 78 90 10 28 40 91 18 76 63 38 61 44 42 39 17 84 85 89 19 66 10 15 56 31 8 83 4 22 74 23 13 16 91 47 37 30 72 42 41 75 73 60 58 2 21 98 18 33 2 87 82 
39 30 39 18 63 97 58 99 9 9 68 39 25 7 43 68 80 3 74 1 16 2 53 53 23 45 16 84 31 45 58 93 10 13 10 43 10 61 47 20 70 97 22 71 79 26 12 44 70 17 32 78 55 10 78 19 98 48 77 71 36 5 9 25 33 91 30 47 31 93 7 60 90 78 33 7 85 73 76 32 0 35 47 41 22 65 89 19 18 51 17 32 20 80 96 41 31 54 66 51 85 4 29 16 74 42 42 52 44 65 75 48 84 30 77 54 2 90 71 36 4 4 7 7 88 36 61 30 77 76 42 8 42 32 34 
9 64 92 34 52 97 53 98 54 9 74 21 78 25 64 2 20 64 75 33 86 41 96 32 34 95 74 51 87 99 71 15 57 87 16 16 92 70 26 51 50 75 61 96 7 37 67 91 80 8 52 1 75 37 14 25 10 71 37 28 53 33 65 27 49 96 48 55 63 6 66 72 52 4 61 49 96 89 40 1 35 0 15 89 91 68 11 77 50 20 21 55 74 71 39 36 51 53 42 93 99 13 84 59 29 71 43 25 5 91 25 86 74 29 88 98 57 15 10 20 65 73 1 93 95 38 42 30 56 50 19 16 58 60 89 
33 76 70 11 97 42 90 76 88 21 47 98 90 1 24 99 5 1 7 13 81 86 26 2 25 17 30 70 54 13 3 15 87 86 94 36 31 73 35 23 12 62 33 52 97 90 34 63 61 81 59 39 66 8 44 6 47 51 46 4 47 86 3 57 18 2 70 73 22 82 80 46 63 19 96 64 85 88 94 24 47 15 0 86 41 89 73 97 83 33 61 42 60 62 83 38 23 48 88 14 24 74 28 3 54 9 6 81 11 71 41 66 36 73 66 52 40 68 28 52 37 69 8 27 39 9 82 11 64 16 80 59 22 6 2 
35 36 99 29 31 25 20 60 19 69 21 52 36 49 41 9 72 93 3 91 85 38 90 65 31 60 52 39 32 87 35 50 47 29 86 47 49 87 56 3 13 86 91 46 60 81 8 65 98 69 16 89 4 55 91 56 87 19 15 32 9 71 73 79 24 38 6 66 23 65 55 34 50 9 45 12 86 1 34 84 41 89 86 0 15 81 35 36 86 39 58 8 57 81 18 45 86 77 72 85 88 53 34 39 80 30 5 60 32 78 9 92 29 94 88 82 6 68 94 52 94 48 88 41 18 37 48 52 26 76 87 66 12 91 17 
11 54 34 76 23 22 95 67 22 83 67 60 58 81 64 90 2 6 31 76 28 59 30 32 88 91 50 84 31 78 81 89 38 14 77 82 50 83 72 76 60 8 87 18 37 53 7 5 54 16 49 48 45 12 28 46 76 92 25 11 81 61 65 2 76 25 35 72 43 28 59 92 44 45 21 87 64 24 15 78 22 91 41 15 0 90 73 67 32 7 14 39 86 5 30 21 93 55 61 23 30 84 30 85 61 40 50 79 67 26 66 60 94 99 80 61 50 72 55 70 43 16 37 39 43 40 52 51 11 13 57 72 75 94 99 
24 94 44 6 6 28 65 75 68 55 95 95 32 29 64 28 9 73 78 26 94 8 52 19 1 45 89 75 37 50 67 46 37 62 30 24 38 13 64 76 14 54 19 88 26 70 5 7 33 16 4 6 12 90 47 3 75 93 85 54 61 4 94 22 94 83 28 57 57 19 45 78 13 94 86 82 69 17 78 90 65 68 89 81 90 0 91 1 84 26 22 69 41 2 7 15 21 34 74 67 26 48 98 2 22 62 62 20 10 20 44 13 79 79 38 75 8 7 64 98 90 83 88 92 1 16 72 31 82 88 53 48 54 49 63 
16 34 27 82 92 47 43 92 15 86 13 65 40 89 32 30 27 53 79 56 8 25 68 67 88 86 65 96 16 32 88 87 11 7 53 21 52 49 95 51 90 89 10 87 6 55 63 25 88 83 26 47 53 37 69 25 6 37 72 44 4 13 20 79 92 1 64 34 96 16 82 34 97 90 92 59 69 15 97 10 89 11 73 35 73 91 0 12 11 54 51 71 53 64 50 18 45 29 96 89 50 43 38 23 88 86 20 5 40 24 27 11 20 43 64 90 34 86 64 57 89 26 85 54 35 60 45 22 94 90 59 60 8 71 71 
88 3 57 6 96 36 48 6 21 94 26 15 15 2 19 90 41 10 92 70 15 25 48 16 36 49 14 48 22 54 72 31 51 58 26 5 22 9 12 42 32 62 30 85 62 26 1 24 7 21 65 75 57 81 5 48 70 83 31 25 23 68 74 1 65 7 63 54 93 12 17 74 51 68 90 95 22 90 18 28 19 77 97 36 67 1 12 0 50 13 4 82 3 42 43 19 36 64 60 33 94 58 28 77 89 8 6 88 43 65 78 74 46 4 70 77 97 99 27 54 78 8 31 65 71 72 23 48 65 92 97 98 75 36 10 
26 85 70 43 23 63 22 27 86 75 1 98 94 74 41 78 90 95 97 6 76 84 21 44 46 18 53 6 93 88 15 84 78 46 87 24 1 84 13 9 20 76 75 7 9 42 22 28 3 48 29 72 41 59 99 58 43 74 94 23 32 12 67 91 89 68 12 60 38 71 92 98 33 26 8 28 27 44 73 40 18 50 83 86 32 84 11 50 0 38 10 48 30 25 63 10 91 70 55 49 55 85 38 2 49 97 11 27 24 68 69 45 74 92 44 83 58 42 4 73 2 51 65 29 20 35 27 73 87 26 24 62 4 54 22 
72 84 74 87 77 69 98 68 10 90 98 53 49 22 6 11 33 98 43 15 13 42 72 40 64 52 95 60 48 93 27 78 20 62 38 26 32 65 50 48 26 69 31 58 7 19 21 31 41 21 69 94 15 77 32 40 4 57 96 88 96 14 32 61 64 82 59 74 44 92 62 85 35 88 19 31 44 7 83 91 51 20 33 39 7 26 54 13 38 0 84 95 30 17 23 17 60 33 43 30 17 44 16 18 69 5 21 77 31 95 67 72 3 97 23 26 55 29 30 19 98 36 61 78 26 69 52 42 26 55 92 99 96 80 98 
93 49 53 53 23 63 2 32 43 24 99 45 14 1 93 62 71 12 19 88 62 95 80 21 9 49 60 12 74 79 40 72 46 52 16 47 94 27 80 84 65 18 59 58 21 12 38 69 6 59 60 58 39 64 59 80 34 66 12 16 96 29 66 75 71 5 9 69 86 52 77 39 55 21 49 18 38 76 97 18 17 21 61 58 14 22 51 4 10 84 0 48 11 63 61 99 64 71 6 88 49 73 79 56 42 98 89 30 38 1 95 1 76 16 51 6 65 4 84 77 50 79 64 20 74 91 58 48 68 66 11 1 95 8 57 
75 55 90 58 19 33 90 12 67 95 78 17 20 77 80 17 97 99 84 3 21 28 9 2 42 7 35 36 45 3 91 59 35 94 23 32 19 53 68 28 87 44 40 84 57 81 51 26 22 10 60 18 98 24 90 38 77 5 51 76 56 4 65 53 60 13 54 50 96 6 84 71 84 1 77 59 5 37 37 76 32 55 42 8 39 69 71 82 48 95 48 0 12 51 16 32 62 56 13 82 62 48 72 36 37 96 98 65 24 93 1 66 97 90 75 78 89 88 49 5 57 4 74 73 72 14 76 63 43 81 32 47 71 30 18 
63 33 28 57 94 46 39 4 21 91 12 65 16 33 83 80 8 41 90 92 38 33 24 1 15 77 4 52 5 70 59 63 36 7 92 26 40 18 55 10 67 29 95 73 14 4 59 94 4 97 84 47 14 33 42 52 21 48 73 68 11 98 69 88 96 15 37 36 73 69 85 86 91 38 37 44 34 42 63 63 20 74 60 57 86 41 53 3 30 30 11 12 0 48 38 13 62 61 33 58 33 86 23 10 44 70 98 39 5 38 74 6 34 75 18 9 16 30 53 17 36 66 21 99 39 91 13 5 63 68 54 10 26 22 35 
47 29 44 79 30 89 13 55 17 14 91 31 98 41 75 75 39 92 89 65 63 15 61 46 63 67 65 85 67 97 46 43 8 58 37 19 45 28 70 71 19 18 26 7 94 2 82 51 12 56 78 38 47 66 64 10 58 39 69 24 79 71 46 44 28 59 75 69 95 21 3 37 46 72 63 72 41 22 13 38 80 71 62 81 5 2 64 42 25 17 63 51 48 0 24 21 50 99 53 98 40 3 98 50 99 21 7 70 32 4 96 32 12 22 42 2 59 86 99 23 43 9 21 71 55 52 15 77 3 63 76 28 8 42 22 
33 56 2 88 19 43 19 2 59 12 25 83 42 82 41 77 82 77 57 99 67 26 57 83 11 87 81 74 44 23 83 19 72 41 46 12 50 43 82 19 87 53 74 88 4 18 79 68 80 60 5 88 62 80 97 38 2 80 95 55 56 29 92 64 55 5 13 72 2 53 87 95 46 87 55 47 45 2 80 61 96 39 83 18 30 7 50 43 63 23 61 16 38 24 0 44 20 80 74 94 39 39 44 10 2 88 18 15 58 94 20 42 43 79 96 42 81 23 40 88 8 29 32 4 95 77 15 68 56 69 94 52 35 42 28 
89 83 83 82 53 58 78 14 78 43 55 11 36 84 26 98 30 88 43 88 34 14 10 30 30 36 93 13 19 43 85 59 2 8 67 54 45 49 42 79 92 49 74 19 79 51 7 3 68 89 70 88 6 76 83 9 67 76 80 59 19 75 94 29 36 85 27 52 17 60 35 13 9 74 31 36 95 85 58 44 41 36 38 45 21 15 18 19 10 17 99 32 13 21 44 0 18 27 65 51 54 84 22 9 10 13 17 74 26 64 12 48 20 75 26 43 44 98 81 55 83 39 20 7 5 94 58 4 91 91 10 6 93 57 99 
24 32 95 11 32 26 78 60 43 11 48 46 26 31 69 1 4 62 5 59 58 79 47 27 31 45 58 36 60 3 53 76 4 5 4 46 24 54 32 70 99 92 54 31 6 91 47 99 7 8 67 74 62 74 55 70 80 19 63 67 95 90 23 59 30 94 77 97 27 37 77 43 53 26 3 7 32 35 84 42 31 51 23 86 93 21 45 36 91 60 64 62 62 50 20 18 0 71 92 30 53 45 87 5 37 11 87 84 23 55 50 85 4 54 27 33 1 16 79 54 29 25 83 16 59 26 67 1 61 86 68 18 50 80 74 
56 29 97 73 50 33 89 57 36 89 78 89 52 88 50 31 75 3 12 25 75 37 61 8 38 79 1 17 91 21 14 13 47 93 59 7 37 93 83 62 99 95 76 7 82 19 13 86 76 26 74 4 15 63 88 16 78 50 49 16 88 16 98 92 29 50 3 7 2 3 86 69 79 33 4 19 57 88 24 39 54 53 48 77 55 34 29 64 70 33 71 56 61 99 80 27 71 0 19 41 92 78 95 62 81 84 4 2 45 38 63 63 22 25 97 60 8 58 97 79 28 32 97 46 38 59 43 29 96 21 23 40 2 1 13 
66 95 27 49 99 34 91 82 76 25 41 79 35 54 83 4 51 23 25 46 73 25 66 53 98 99 10 10 30 57 10 29 62 8 96 21 82 15 34 84 37 60 78 88 91 46 62 57 47 10 44 51 78 18 40 57 62 64 83 92 78 42 55 13 33 22 86 85 98 69 44 26 90 91 7 45 57 86 86 17 66 42 88 72 61 74 96 60 55 43 6 13 33 53 74 65 92 19 0 28 6 55 66 26 8 6 59 99 20 68 62 30 98 90 62 50 96 52 73 12 74 43 99 79 98 83 60 67 34 7 39 11 17 33 14 
78 75 85 20 84 7 84 9 29 48 60 60 23 34 87 82 92 83 23 15 6 4 63 4 40 1 91 85 78 40 26 46 7 19 73 6 90 85 74 36 49 22 61 14 40 45 50 19 17 11 88 64 66 87 72 67 78 71 36 27 16 14 62 95 54 41 71 5 53 27 23 89 22 32 66 41 99 72 32 84 51 93 14 85 23 67 89 33 49 30 88 82 58 98 94 51 30 41 28 0 86 39 16 91 2 48 96 63 69 36 2 85 76 38 57 62 27 14 79 27 31 46 72 96 81 15 88 39 57 90 16 76 32 55 59 
4 9 31 13 94 66 40 39 86 69 96 98 34 83 47 65 17 94 7 78 1 57 22 22 11 39 39 59 10 38 48 50 4 52 73 68 70 46 10 36 15 87 27 54 99 49 52 13 64 37 84 64 93 66 37 38 79 55 13 25 90 2 48 14 98 82 21 24 60 22 72 95 64 99 77 82 85 15 20 85 85 99 24 88 30 26 50 94 55 17 49 62 33 40 39 54 53 92 6 86 0 41 35 70 31 3 14 89 17 33 17 91 60 64 30 94 74 35 29 56 72 46 50 42 41 45 96 5 58 12 55 24 46 61 7 
1 33 65 26 46 52 99 5 35 44 80 43 62 23 14 39 50 99 5 87 3 94 14 84 68 19 18 49 24 27 65 95 9 73 90 12 75 29 89 57 41 72 7 62 8 21 28 25 5 40 74 61 48 6 40 23 86 43 82 6 55 52 25 9 78 18 48 22 54 45 22 41 32 64 11 48 15 83 96 89 4 13 74 53 84 48 43 58 85 44 73 48 86 3 39 84 45 78 55 39 41 0 38 72 44 8 20 44 30 62 67 65 21 36 75 2 97 78 26 49 91 88 95 41 81 44 49 29 59 14 25 36 30 43 8 
78 9 23 78 52 32 16 71 45 92 90 65 79 4 22 68 43 48 80 33 5 32 23 80 55 82 14 22 91 22 89 23 37 3 17 45 86 16 75 54 46 93 85 41 33 92 60 38 20 21 79 53 77 77 71 76 51 70 32 27 63 77 24 70 81 67 47 36 80 43 80 82 6 10 36 41 28 4 52 19 29 84 28 34 30 98 38 28 38 16 79 72 23 98 44 22 87 95 66 16 35 38 0 66 79 43 24 25 27 15 74 47 15 36 22 67 79 25 85 24 10 95 47 97 90 1 24 64 24 8 29 65 49 15 77 
7 85 99 17 87 8 38 77 93 14 32 6 8 35 81 31 71 30 29 92 65 29 28 63 78 37 43 48 9 4 40 77 85 83 86 45 69 34 96 23 79 10 68 39 11 17 15 70 41 83 63 49 14 60 17 19 86 42 71 45 75 84 27 27 77 54 1 60 56 43 98 87 72 33 67 75 19 10 69 66 16 59 3 39 85 2 23 77 2 18 56 36 10 50 10 9 5 62 26 91 70 72 66 0 71 30 50 73 35 20 97 25 94 20 91 1 79 85 58 67 29 83 6 64 71 5 30 69 38 99 45 54 50 14 27 
53 78 53 5 16 14 97 74 83 7 57 91 33 50 82 22 9 96 54 73 58 77 26 70 46 49 53 72 92 63 86 57 49 47 75 27 62 90 2 14 64 11 78 17 69 36 22 65 38 76 5 52 6 45 11 7 17 21 3 94 51 72 34 64 84 47 53 40 76 49 48 58 8 67 66 73 77 45 16 10 74 29 54 80 61 22 88 89 49 69 42 37 44 99 2 10 37 81 8 2 31 44 79 71 0 74 71 96 44 5 12 49 11 51 94 96 2 53 59 68 97 57 58 72 93 71 1 40 3 19 73 41 31 52 58 
86 51 4 89 72 4 37 6 9 3 34 77 4 89 95 27 32 99 31 39 36 3 18 68 74 4 10 57 15 29 22 90 82 19 33 86 44 71 20 49 1 21 34 48 45 30 88 59 63 29 73 7 23 93 26 78 2 17 71 81 78 56 84 4 4 33 98 67 96 54 60 57 39 69 76 58 13 26 39 15 42 71 9 30 40 62 86 8 97 5 98 96 70 21 88 13 11 84 6 48 3 8 43 30 74 0 63 44 14 35 36 17 63 96 86 97 66 66 67 85 70 79 65 43 29 1 95 56 25 27 4 19 12 86 96 
71 80 71 28 49 29 99 80 31 68 39 56 68 71 50 96 26 81 22 84 31 61 33 9 69 52 39 52 88 10 46 39 15 87 63 57 47 15 12 22 55 84 92 39 99 8 54 1 59 99 41 64 42 30 48 72 22 1 86 82 56 10 95 5 89 9 6 61 85 5 72 82 9 77 32 59 25 49 55 56 42 43 6 5 50 62 20 6 11 21 89 98 98 7 18 17 87 4 59 96 14 20 24 50 71 63 0 11 66 91 13 8 60 52 77 23 34 19 37 47 23 33 54 44 95 31 31 16 97 33 85 41 32 35 66 
3 42 13 51 29 16 2 85 65 94 93 43 96 38 52 11 35 2 28 21 5 60 94 73 24 49 26 68 48 55 45 87 16 30 7 81 54 91 73 8 21 16 52 98 82 29 14 65 6 41 98 94 7 57 12 35 58 40 26 68 67 81 41 35 70 33 17 34 29 17 64 54 60 65 56 85 55 88 68 31 52 25 81 60 79 20 5 88 27 77 30 65 39 70 15 74 84 2 99 63 89 44 25 73 96 44 11 0 35 75 16 92 9 18 76 61 72 25 90 34 65 80 48 90 34 68 53 94 54 79 68 98 58 81 54 
77 65 40 69 84 30 33 60 78 5 21 21 58 34 15 70 55 76 6 25 76 73 15 44 82 4 58 4 73 2 89 12 49 36 74 54 75 80 42 7 85 47 37 1 80 7 75 14 80 86 13 2 16 57 79 41 23 68 25 58 37 8 19 60 58 75 45 9 55 50 36 3 94 35 20 4 49 70 44 8 44 5 11 32 67 10 40 43 24 31 38 24 5 32 58 26 23 45 20 69 17 30 27 35 44 14 66 35 0 28 99 47 54 56 70 20 73 91 90 10 16 93 36 67 9 89 96 80 70 85 55 37 85 81 9 
92 84 84 4 28 67 31 32 19 29 15 89 97 13 31 34 98 2 36 72 81 41 86 96 65 89 82 93 38 29 84 20 44 12 38 38 13 66 24 78 24 39 34 66 98 30 35 22 87 84 19 25 31 68 64 53 17 36 53 66 63 28 15 8 89 32 30 4 14 21 30 13 72 2 85 30 48 94 33 83 65 91 71 78 26 20 24 65 68 95 1 93 38 4 94 64 55 38 68 36 33 62 15 20 5 35 91 75 28 0 8 25 79 9 10 94 81 91 13 67 30 67 25 38 62 86 47 91 49 31 68 20 44 2 88 
22 25 49 59 44 62 8 91 39 36 10 69 47 38 11 37 97 53 73 28 15 16 53 90 82 58 52 51 42 7 69 89 44 53 3 47 36 14 36 29 56 20 84 49 20 98 50 38 75 6 55 23 47 54 44 25 68 22 37 1 37 45 39 76 81 60 49 69 8 20 54 6 94 25 71 58 44 78 73 4 75 25 41 9 66 44 27 78 69 67 95 1 74 96 20 12 50 63 62 2 17 67 74 97 12 36 13 16 99 8 0 81 82 32 16 89 71 4 69 49 54 35 75 24 10 10 83 9 72 42 88 47 75 70 98 
76 21 62 13 20 84 51 8 12 83 68 19 90 80 86 10 71 93 83 38 3 38 26 77 82 17 70 54 90 45 68 51 58 77 46 12 18 27 59 44 60 61 41 70 50 97 71 99 45 11 36 89 93 18 94 50 38 87 2 12 14 6 64 41 48 50 51 7 16 34 35 29 98 65 45 45 62 35 34 22 48 86 66 92 60 13 11 74 45 72 1 66 6 32 42 48 85 63 30 85 91 65 47 25 49 17 8 92 47 25 81 0 98 56 60 2 9 64 80 79 48 93 62 13 36 35 17 99 12 16 82 89 75 46 76 
8 45 71 3 80 97 51 67 57 78 82 93 22 66 5 1 6 65 49 96 53 8 61 73 33 88 54 88 31 68 71 75 86 38 14 65 12 52 30 85 41 7 14 32 67 95 24 15 11 49 20 49 33 13 42 7 61 52 90 34 66 47 7 20 19 12 87 8 84 65 14 22 83 17 67 26 8 76 93 74 84 74 36 29 94 79 20 46 74 3 76 97 34 12 43 20 4 22 98 76 60 21 15 94 11 63 60 9 54 79 82 98 0 78 95 6 49 69 69 54 49 11 47 1 87 62 62 46 55 94 16 64 17 66 40 
78 16 14 77 71 59 33 33 53 47 80 50 93 7 8 56 64 76 52 83 55 83 84 59 94 64 90 80 40 33 36 92 68 79 42 57 5 24 15 71 38 24 65 66 62 3 54 18 7 61 32 35 19 53 24 33 79 91 52 19 53 79 72 69 35 12 18 68 35 85 70 47 2 5 56 61 20 40 37 23 30 29 73 94 99 79 43 4 92 97 16 90 75 22 79 75 54 25 90 38 64 36 36 20 51 96 52 18 56 9 32 56 78 0 98 37 85 21 67 46 46 66 78 8 39 20 53 60 33 29 25 39 89 73 91 
73 31 37 97 89 83 44 47 84 79 4 84 85 80 55 70 95 79 95 17 16 39 69 69 15 87 70 93 6 30 35 91 47 70 34 84 88 94 2 98 3 32 52 1 51 89 52 91 33 68 10 23 30 83 34 67 81 65 96 61 27 96 53 28 70 55 97 30 52 46 48 90 67 87 86 9 47 28 13 13 77 88 66 88 80 38 64 70 44 23 51 75 18 42 96 26 27 97 62 57 30 75 22 91 94 86 77 76 70 10 16 60 95 98 0 94 68 79 86 2 43 54 3 12 75 61 92 90 42 11 57 14 78 19 26 
76 92 24 97 87 35 42 76 77 7 48 16 59 93 60 11 25 63 25 55 97 48 90 59 31 22 30 40 34 70 25 41 51 25 4 23 27 11 50 29 35 92 74 76 26 91 13 90 41 60 71 40 72 94 89 13 91 4 63 6 73 70 15 88 77 9 58 95 44 35 91 94 43 78 96 49 20 14 55 16 54 98 52 82 61 75 90 77 83 26 6 78 9 2 42 43 33 60 50 62 94 2 67 1 96 97 23 61 20 94 89 2 6 37 94 0 3 97 1 98 87 29 91 3 2 85 94 57 7 66 6 10 18 88 18 
77 15 23 62 12 31 70 83 69 92 71 18 65 4 85 4 47 77 77 97 89 61 25 82 39 34 91 81 75 13 62 60 3 70 5 57 66 73 95 74 70 1 7 77 41 61 71 23 9 34 30 19 4 20 47 59 1 9 42 6 90 51 44 6 85 10 33 78 91 36 6 23 99 24 60 26 80 46 89 91 2 57 40 6 50 8 34 97 58 55 65 89 16 59 81 44 1 8 96 27 74 97 79 79 2 66 34 72 73 81 71 9 49 85 68 3 0 13 76 6 10 44 1 86 89 18 64 27 29 88 2 78 34 81 16 
44 20 67 16 66 58 2 45 26 81 43 62 41 33 99 40 21 49 41 53 1 61 58 64 97 95 63 83 20 91 88 3 1 30 31 77 17 52 40 90 44 84 57 20 25 70 11 21 67 22 33 64 1 61 26 87 38 60 68 72 93 65 80 1 33 73 79 98 76 89 55 98 47 72 63 29 59 90 36 47 90 15 68 68 72 7 86 99 42 29 4 88 30 86 23 98 16 58 52 14 35 78 25 85 53 66 19 25 91 91 4 64 69 21 79 97 13 0 48 78 74 38 25 26 5 16 95 55 26 33 48 8 59 47 76 
21 27 93 75 94 97 98 65 70 21 6 8 79 86 42 78 23 37 86 74 60 49 64 93 88 32 77 83 94 16 74 9 82 78 66 75 76 30 28 7 91 72 22 85 56 1 99 51 96 77 86 75 51 58 46 33 77 2 67 15 92 88 84 83 27 90 2 37 79 25 98 51 60 81 77 46 95 19 92 37 71 10 28 94 55 64 64 27 4 30 84 49 53 99 40 81 79 97 73 79 29 26 85 58 59 67 37 90 90 13 69 80 69 67 86 1 76 48 0 62 49 68 81 5 58 55 19 98 49 27 27 25 64 33 43 
31 87 96 13 16 50 52 38 32 24 21 65 79 45 36 38 1 50 29 6 63 83 13 53 1 69 21 3 38 75 21 76 59 25 70 72 26 20 58 54 41 10 60 83 3 87 5 73 73 84 95 89 70 34 31 49 81 10 43 81 48 61 41 45 1 96 22 75 52 61 33 98 59 22 81 75 61 2 95 30 36 20 52 52 70 98 57 54 73 19 77 5 17 23 88 55 54 79 12 27 56 49 24 67 68 85 47 34 10 67 49 79 54 46 2 98 6 78 62 0 31 3 80 26 11 29 15 33 7 72 96 44 36 46 93 
37 8 54 19 52 47 31 48 60 64 58 56 63 30 57 17 70 15 41 67 2 9 19 38 38 39 56 31 90 93 77 72 19 43 89 37 64 3 20 14 84 68 31 64 87 15 97 49 58 7 87 18 41 62 95 46 82 62 55 26 99 33 22 54 75 73 95 30 58 13 13 15 58 94 96 54 54 38 11 72 4 65 37 94 43 90 89 78 2 98 50 57 36 43 8 83 29 28 74 31 72 91 10 29 97 70 23 65 16 30 54 48 49 46 43 87 10 74 49 31 0 29 28 16 10 95 32 54 71 22 67 61 38 98 58 
8 54 10 31 99 84 83 74 63 72 60 3 63 47 14 26 23 74 48 81 92 86 27 48 67 72 89 86 16 17 73 30 46 11 75 51 25 37 33 73 61 66 46 39 6 69 12 11 25 22 85 8 36 89 87 56 8 25 53 55 13 88 61 55 20 48 1 91 30 82 28 82 16 61 13 24 14 69 97 42 4 73 69 48 16 83 26 8 51 36 79 4 66 9 29 39 25 32 43 46 46 88 95 83 57 79 33 80 93 67 35 93 11 66 54 29 44 38 68 3 29 0 72 92 58 96 91 21 95 6 2 27 8 62 4 
46 48 42 60 87 42 50 91 30 7 55 91 48 68 12 47 28 22 24 95 68 69 78 52 43 70 96 48 13 24 59 96 66 66 37 32 17 23 12 55 46 3 69 55 10 74 75 24 95 15 84 28 52 74 26 33 61 38 72 19 54 28 97 89 45 74 77 56 69 37 92 69 83 48 81 19 31 21 88 41 7 1 8 88 37 88 85 31 65 61 64 74 21 21 32 20 83 97 99 72 50 95 47 6 58 65 54 48 36 25 75 62 47 78 3 91 1 25 81 80 28 72 0 30 22 89 60 92 99 59 13 17 3 1 72 
69 61 58 6 46 21 82 85 67 22 78 5 28 67 53 8 26 33 29 51 82 40 26 24 62 54 2 66 98 16 56 11 28 86 66 24 80 57 52 90 19 66 58 87 95 16 38 97 34 42 12 87 16 80 97 27 93 96 31 85 43 45 23 68 29 77 22 50 61 39 99 82 44 99 19 97 29 31 68 75 7 93 27 41 39 92 54 65 29 78 20 73 99 71 4 7 16 46 79 96 42 41 97 64 72 43 44 90 67 38 24 13 1 8 12 3 86 26 5 26 16 92 30 0 32 43 59 29 93 41 32 75 35 41 26 
58 35 89 17 64 41 83 16 33 65 25 17 72 29 67 44 65 72 85 3 42 64 1 71 19 13 63 42 65 12 16 73 97 54 57 29 85 99 88 51 69 48 20 13 81 87 32 66 48 66 85 79 50 33 38 16 24 71 29 45 17 45 49 30 4 12 85 82 50 16 70 22 11 19 19 81 3 84 31 73 88 95 39 18 43 1 35 71 20 26 74 72 39 55 95 5 59 38 98 81 41 81 90 71 93 29 95 34 9 62 10 36 87 39 75 2 89 5 58 11 10 58 22 32 0 57 74 77 2 13 54 85 61 45 40 
83 33 94 96 43 51 96 66 72 51 59 78 43 58 22 1 46 1 90 90 84 55 23 1 1 97 55 57 1 5 83 64 84 21 78 1 57 95 86 49 27 87 83 22 26 90 44 13 95 79 97 3 9 61 7 60 13 52 24 59 49 44 86 22 53 70 92 46 81 86 18 4 61 83 9 19 76 97 67 60 36 38 9 37 40 16 60 72 35 69 91 14 91 52 77 94 26 59 83 15 45 44 1 5 71 1 31 68 89 86 10 35 62 20 61 85 18 16 55 29 95 96 89 43 57 0 56 90 68 65 42 96 47 19 46 
97 20 77 97 23 5 72 53 61 91 80 69 15 85 82 57 39 47 38 33 45 14 15 24 46 47 11 42 70 72 42 14 59 14 71 40 20 59 65 39 61 26 32 19 54 45 95 21 53 69 96 51 68 71 23 57 51 83 10 71 21 25 72 37 93 58 80 11 3 90 31 90 59 15 60 95 93 89 39 58 61 42 82 48 52 72 45 23 27 52 58 76 13 15 15 58 67 43 60 88 96 49 24 30 1 95 31 53 96 47 83 17 62 53 92 94 64 95 19 15 32 91 60 59 74 56 0 87 94 11 34 57 32 4 21 
14 68 83 61 83 10 22 70 94 10 37 31 94 44 95 15 58 25 6 8 98 62 75 23 83 41 32 80 51 95 64 36 21 27 17 62 34 22 77 58 46 20 71 46 72 68 38 86 92 39 83 17 66 19 30 31 16 84 9 96 8 19 96 40 58 95 53 16 4 84 34 73 51 28 47 24 44 12 31 2 30 30 11 52 51 31 22 48 73 42 48 63 5 77 68 4 1 29 67 39 5 29 64 69 40 56 16 94 80 91 9 99 46 60 90 57 27 55 98 33 54 21 92 29 77 90 87 0 35 67 96 25 75 40 73 
11 25 12 44 41 1 19 67 73 93 81 53 52 95 35 56 53 81 24 90 7 41 40 88 95 18 70 45 48 25 28 62 97 7 43 33 66 35 61 35 59 5 61 60 66 16 87 22 12 92 29 44 35 35 84 67 64 74 46 49 85 76 38 54 9 45 57 71 79 43 58 51 67 62 72 92 30 42 45 21 77 56 64 26 11 82 94 65 87 26 68 43 63 3 56 91 61 96 34 57 58 59 24 38 3 25 97 54 70 49 72 12 55 33 42 7 29 26 49 7 71 95 99 93 2 68 94 35 0 88 7 34 52 84 23 
24 84 37 32 45 91 47 90 28 68 59 85 19 94 62 56 53 38 69 86 88 74 76 60 72 94 96 95 19 81 97 28 44 32 98 67 30 40 9 69 24 53 76 61 56 51 1 47 37 54 90 80 35 74 32 28 9 6 94 11 24 80 85 64 62 4 67 24 88 90 14 52 65 27 98 37 91 76 65 98 76 50 16 76 13 88 90 92 26 55 66 81 68 63 69 91 86 21 7 90 12 14 8 99 19 27 33 79 85 31 42 16 94 29 11 66 88 33 27 72 22 6 59 41 13 65 11 67 88 0 17 16 82 70 70 
82 95 17 45 17 22 45 29 98 86 52 37 79 21 92 53 33 17 21 37 57 75 20 9 71 79 48 80 69 38 83 6 85 84 58 59 39 55 40 66 2 71 34 13 64 35 39 32 7 81 37 12 86 39 88 94 3 58 46 91 77 1 67 17 11 22 92 37 73 67 3 20 34 69 75 16 80 73 90 18 42 19 80 87 57 53 59 97 24 92 11 32 54 76 94 10 68 23 39 16 55 25 29 45 73 4 85 68 55 68 88 82 16 25 57 6 2 48 27 96 67 2 13 32 54 42 34 96 7 17 0 66 78 64 56 
8 39 31 25 18 75 92 20 94 34 64 99 11 53 86 79 70 53 14 67 50 69 10 3 97 62 49 87 68 64 90 49 12 50 94 47 84 29 85 52 41 5 18 29 8 53 26 27 61 95 18 78 39 72 98 21 43 19 70 47 38 55 57 96 20 65 89 25 26 97 74 53 68 80 65 15 48 6 17 33 8 16 59 66 72 48 60 98 62 99 1 47 10 28 52 6 18 40 11 76 24 36 65 54 41 19 41 98 37 20 47 89 64 39 14 10 78 8 25 44 61 27 17 75 85 96 57 25 34 16 66 0 97 70 52 
25 48 85 63 89 22 10 18 69 72 74 60 36 32 61 98 80 69 57 74 48 25 72 19 54 36 11 34 67 61 72 37 99 66 6 80 54 12 98 25 14 23 79 12 69 15 23 35 30 13 96 14 3 23 54 49 18 46 21 73 16 47 51 72 28 32 79 70 40 75 35 20 53 85 78 66 35 87 99 2 42 58 22 12 75 54 8 75 4 96 95 71 26 8 35 93 50 2 17 32 46 30 49 50 31 12 32 58 85 44 75 75 17 89 78 18 34 59 64 36 38 8 3 35 61 47 32 75 52 82 78 97 0 55 10 
75 6 58 80 1 34 5 6 39 9 84 32 50 26 93 54 6 93 30 12 73 26 54 4 1 59 41 55 75 82 74 83 91 55 90 38 70 60 19 86 78 63 97 14 87 71 45 59 50 90 22 95 46 16 16 39 16 63 92 33 5 95 66 77 99 44 96 26 10 40 52 60 59 76 79 78 29 44 76 87 32 60 6 91 94 49 71 36 54 80 8 30 22 42 42 57 80 1 33 55 61 43 15 14 52 86 35 81 81 2 70 46 66 73 19 88 81 47 33 46 98 62 1 41 45 19 4 40 84 70 64 70 55 0 17 
93 80 36 22 98 39 78 80 61 52 89 36 94 64 99 61 34 91 29 36 60 34 67 15 43 32 26 16 70 50 97 68 47 1 88 54 92 3 4 48 63 60 1 61 40 31 94 91 56 78 11 39 59 55 84 23 51 87 8 29 16 2 89 63 7 37 57 73 44 95 16 24 48 60 47 31 10 38 68 82 34 89 2 17 99 63 71 10 22 98 57 18 35 22 28 99 74 13 14 59 7 8 77 27 58 96 66 54 9 88 98 76 40 91 26 18 16 76 43 93 58 4 72 26 40 46 21 73 23 70 56 52 10 17 0 
