145
0 38 13 73 10 76 6 80 65 17 2 77 72 7 26 51 21 19 85 12 29 30 15 51 69 88 88 95 97 87 14 10 8 64 62 23 58 2 1 61 82 9 89 14 48 73 31 72 4 71 22 50 58 4 69 25 44 77 27 53 81 42 83 16 65 69 26 99 88 8 27 26 23 10 68 24 28 38 58 84 39 9 33 35 11 24 16 88 26 72 93 75 63 47 33 89 24 56 66 78 4 1 78 7 53 86 71 3 77 92 22 76 8 78 73 76 77 44 21 31 37 8 46 69 58 83 97 14 11 24 82 8 25 75 93 21 33 13 66 95 61 25 83 98 3 
38 0 93 99 11 55 97 83 87 71 67 72 49 55 16 6 18 43 21 49 23 14 98 54 85 11 97 56 62 57 90 22 97 84 26 15 14 85 44 7 78 57 60 16 25 10 67 72 54 70 37 22 41 78 92 50 48 78 41 79 46 88 17 29 46 68 67 79 47 1 30 64 76 36 54 94 34 3 85 84 49 55 33 29 56 83 32 29 95 75 9 33 9 85 78 51 80 42 65 84 25 21 45 16 31 92 15 20 27 87 8 54 48 61 35 33 20 68 25 84 95 39 48 6 80 64 88 33 43 75 67 89 99 31 18 69 65 61 79 18 40 36 82 29 23 
13 93 0 39 42 75 78 71 26 49 51 63 45 55 1 87 17 20 10 93 52 11 69 24 15 64 22 47 4 57 89 81 47 55 80 72 15 78 16 26 54 85 59 86 30 45 38 23 92 55 77 13 60 27 77 72 88 40 44 77 39 92 70 99 34 44 27 57 70 74 53 90 28 44 2 83 95 97 27 85 31 65 23 99 53 4 71 13 40 84 49 62 71 14 37 24 23 67 93 96 54 10 42 58 89 94 77 83 12 37 17 31 85 58 36 42 82 3 86 94 37 47 81 28 73 29 3 14 42 37 41 19 98 39 64 47 90 3 99 29 79 76 59 43 27 
73 99 39 0 22 59 17 93 38 12 23 7 97 15 88 76 36 64 33 92 50 1 23 98 71 37 19 28 29 53 95 51 47 8 86 17 30 12 62 15 31 9 41 49 31 24 67 93 65 13 18 34 11 29 76 6 82 6 43 87 53 58 57 79 88 82 11 73 49 20 13 26 78 17 5 89 28 51 69 4 59 13 3 77 97 97 62 16 75 13 19 31 60 6 17 96 97 61 44 32 45 25 63 80 22 20 78 34 5 40 68 35 35 43 79 83 39 49 82 6 92 9 41 70 6 8 79 38 79 34 28 52 78 31 44 47 10 68 4 68 55 98 64 81 29 
10 11 42 22 0 38 65 38 94 19 79 71 93 53 11 33 47 64 94 19 37 30 40 29 55 30 56 91 28 61 13 18 72 92 8 84 57 52 33 77 63 52 97 31 23 6 92 96 23 77 23 19 94 30 19 53 32 50 99 84 94 46 52 87 16 72 49 29 84 28 44 20 80 71 89 87 12 66 94 16 52 99 87 46 64 43 23 83 41 45 17 18 89 1 98 83 72 15 37 27 33 2 49 89 23 35 95 22 69 68 49 19 98 12 12 53 77 69 46 65 90 41 8 8 34 59 8 35 5 6 62 51 77 46 97 22 93 72 93 26 98 2 14 39 86 
76 55 75 59 38 0 28 39 85 34 2 32 39 29 76 32 52 67 68 33 75 33 98 6 1 38 73 44 25 17 97 97 42 25 22 28 47 36 63 69 63 33 46 89 43 58 26 33 34 7 66 52 32 8 14 4 29 16 30 67 62 84 97 59 83 35 31 58 97 50 47 84 42 21 41 51 5 10 1 91 22 75 22 34 39 38 44 34 96 42 72 70 71 24 87 40 32 38 39 57 88 29 37 67 11 85 1 17 31 4 79 60 54 70 50 75 47 28 34 73 69 40 33 98 8 34 63 15 78 44 62 86 37 13 54 27 83 13 26 2 42 56 56 65 16 
6 97 78 17 65 28 0 93 41 61 71 50 51 33 91 21 53 39 66 81 58 53 90 20 95 65 43 48 22 98 2 90 39 13 19 78 78 89 91 84 40 99 16 38 97 37 99 2 33 31 8 51 51 33 44 42 70 2 98 52 31 83 50 82 83 96 72 22 19 47 45 92 10 5 78 64 24 96 60 65 83 32 2 85 79 69 55 26 84 28 57 93 9 56 77 47 50 12 9 62 75 24 89 90 83 83 6 43 47 22 52 74 43 14 19 24 46 96 53 34 55 15 58 62 41 73 66 23 3 87 2 73 52 72 88 78 63 49 1 43 40 4 58 44 54 
80 83 71 93 38 39 93 0 44 75 99 98 76 60 67 75 92 6 27 68 32 12 4 55 2 14 60 57 82 9 39 5 71 77 74 6 80 85 60 32 91 8 67 33 47 76 83 45 65 38 48 74 91 85 16 66 53 70 67 90 29 20 18 6 80 11 30 18 82 47 8 18 87 62 65 8 30 56 29 44 99 56 6 51 93 64 53 35 99 84 78 38 90 55 5 44 12 30 77 90 33 51 52 43 24 90 44 89 96 29 65 87 59 89 52 23 11 32 10 7 31 68 19 13 74 75 92 66 86 54 43 7 10 37 88 60 9 54 88 19 22 68 15 21 86 
65 87 26 38 94 85 41 44 0 10 43 67 21 17 59 78 43 36 76 29 86 35 45 93 83 9 31 65 78 19 39 12 57 53 84 77 69 26 70 32 60 63 30 67 33 72 61 94 73 28 98 94 69 39 61 98 10 68 79 64 21 36 56 29 46 93 57 52 5 80 76 32 77 53 39 84 81 75 71 27 58 31 65 39 19 96 42 96 58 49 43 53 23 65 71 62 61 97 28 1 27 51 21 27 66 78 19 61 83 60 63 39 24 69 70 62 88 67 20 37 18 22 78 27 33 9 9 21 69 83 55 86 94 75 90 24 95 91 14 12 43 11 89 25 48 
17 71 49 12 19 34 61 75 10 0 69 44 92 14 7 3 68 94 5 29 36 83 78 47 79 7 92 81 21 24 64 72 7 22 65 51 91 10 93 68 86 34 72 9 52 34 62 8 60 42 28 52 41 72 46 95 10 89 47 59 22 55 1 20 20 86 28 98 22 95 19 68 36 96 30 23 57 11 43 73 32 13 83 8 88 9 62 24 35 95 4 56 69 16 25 95 63 27 99 48 88 36 17 88 91 79 88 58 25 56 50 53 25 16 68 74 47 21 67 95 13 26 1 98 99 78 12 91 25 55 48 78 41 60 96 80 90 32 57 34 39 93 21 15 10 
2 67 51 23 79 2 71 99 43 69 0 68 82 80 4 48 71 43 6 21 58 60 55 78 25 59 80 37 81 59 52 64 74 84 89 83 56 79 71 28 24 54 70 69 24 47 40 67 78 27 25 18 88 2 46 59 22 18 57 34 44 76 99 3 97 91 84 27 27 53 56 8 63 32 80 93 77 47 88 71 70 56 93 99 88 86 75 16 15 57 88 2 85 76 77 91 19 63 46 66 53 29 88 39 21 98 52 60 95 65 15 98 53 45 17 65 31 83 11 46 89 79 60 98 43 65 6 91 77 56 43 21 89 69 19 93 50 84 16 18 62 8 65 56 3 
77 72 63 7 71 32 50 98 67 44 68 0 91 5 17 78 69 31 53 85 37 99 60 32 36 33 51 52 6 34 1 10 32 36 89 61 39 12 45 44 8 63 57 97 94 53 25 44 52 11 95 50 19 11 62 40 7 8 80 13 1 4 52 16 68 82 60 67 16 62 65 20 45 88 62 22 1 64 95 85 2 85 61 77 23 15 25 47 33 81 71 55 25 78 90 36 58 32 40 15 94 49 14 20 16 98 42 36 26 52 35 23 34 62 79 8 33 4 68 96 58 97 47 90 22 93 85 59 65 41 79 79 63 63 48 28 72 43 15 94 52 19 79 11 36 
72 49 45 97 93 39 51 76 21 92 82 91 0 50 94 80 90 5 6 87 30 54 81 73 30 39 79 55 43 65 69 45 85 74 51 81 51 36 73 16 40 3 36 98 80 16 16 95 67 35 84 94 19 75 19 26 18 50 38 21 41 53 24 19 80 52 33 38 31 41 51 74 69 81 16 64 65 92 21 55 24 7 25 1 49 81 29 89 2 74 22 1 77 33 41 82 84 31 88 54 34 83 23 4 35 50 89 71 38 34 13 38 80 66 7 80 93 4 33 86 45 30 47 68 67 29 58 85 44 95 94 21 53 32 26 64 53 60 18 23 55 14 31 24 51 
7 55 55 15 53 29 33 60 17 14 80 5 50 0 22 72 4 24 13 78 8 53 31 27 9 97 85 82 74 40 57 61 26 66 96 28 19 87 2 35 3 18 86 12 94 54 60 83 12 84 4 84 1 94 86 52 92 33 87 85 82 6 12 70 10 47 75 94 33 39 43 64 24 41 64 64 32 19 41 6 93 80 83 75 41 26 69 50 83 87 47 14 22 81 82 95 50 52 15 31 11 86 5 8 55 60 85 99 42 36 57 14 12 53 67 22 82 95 35 62 92 86 61 93 99 92 75 9 76 82 28 26 87 37 15 4 93 85 73 44 9 56 18 61 33 
26 16 1 88 11 76 91 67 59 7 4 17 94 22 0 99 84 28 96 53 51 81 92 80 27 38 25 57 41 53 39 20 45 21 64 22 66 69 93 19 69 17 79 60 57 45 36 40 62 33 68 54 63 76 9 35 34 93 26 68 2 99 9 90 28 30 90 78 11 62 17 80 75 77 98 1 31 4 82 65 39 68 31 22 27 96 11 70 34 37 10 1 56 70 11 4 40 78 38 17 26 47 8 44 1 57 15 56 56 53 79 98 54 61 1 15 61 67 96 40 72 8 17 67 62 70 51 59 80 15 78 13 12 80 96 35 7 70 86 45 71 73 13 47 83 
51 6 87 76 33 32 21 75 78 3 48 78 80 72 99 0 8 30 61 83 74 47 87 85 98 48 89 74 77 88 46 37 88 40 38 7 44 59 2 84 30 49 56 46 9 35 30 1 80 20 5 72 2 9 27 41 90 33 71 97 8 39 82 30 4 75 51 92 17 50 43 71 9 32 26 35 55 98 97 71 6 64 95 25 47 21 23 1 70 23 28 26 65 46 39 58 53 53 33 70 80 6 34 65 54 54 54 13 81 97 34 52 56 81 55 13 86 11 82 79 72 85 30 13 64 8 71 83 64 65 45 70 76 89 35 15 60 89 34 25 4 42 31 23 54 
21 18 17 36 47 52 53 92 43 68 71 69 90 4 84 8 0 97 92 92 83 98 37 7 39 99 32 63 48 63 35 72 43 21 91 51 23 3 64 1 93 6 73 53 10 95 98 12 99 41 92 77 88 62 3 23 83 94 99 48 30 96 99 81 2 76 2 53 93 65 76 79 63 77 49 37 50 15 74 22 33 72 1 47 25 81 38 17 53 69 93 91 8 61 10 35 64 67 69 14 67 92 1 35 71 17 38 18 39 83 15 38 63 1 34 50 78 32 58 59 74 77 29 77 54 59 32 95 14 39 92 88 60 47 63 87 62 40 72 3 60 26 58 33 31 
19 43 20 64 64 67 39 6 36 94 43 31 5 24 28 30 97 0 53 92 42 79 58 46 86 26 74 75 7 3 31 78 79 92 97 43 19 84 90 89 57 43 5 12 25 23 7 5 80 29 54 31 22 28 6 36 73 83 49 52 95 25 77 41 86 29 41 48 24 29 85 90 38 6 24 69 21 14 57 30 29 92 55 29 64 82 61 70 84 73 80 49 53 93 93 97 58 95 40 91 79 62 58 6 77 26 80 94 38 45 61 16 93 42 64 8 3 47 76 53 67 26 38 4 26 85 65 1 53 82 47 85 18 55 36 79 61 51 47 24 66 1 33 13 91 
85 21 10 33 94 68 66 27 76 5 6 53 6 13 96 61 92 53 0 76 26 56 70 6 15 88 3 92 65 99 88 59 25 46 15 78 87 33 92 73 39 84 21 25 72 28 38 96 83 17 55 97 53 74 6 67 81 95 51 3 90 33 8 90 86 37 67 74 12 36 43 40 53 94 85 21 74 8 53 70 58 63 90 84 17 29 46 83 82 69 68 62 84 70 39 75 64 73 13 35 25 84 35 23 90 41 88 76 78 39 76 22 16 56 69 83 69 12 37 58 28 80 2 13 2 9 90 64 91 16 86 81 85 28 94 8 15 76 13 62 21 38 63 67 34 
12 49 93 92 19 33 81 68 29 29 21 85 87 78 53 83 92 92 76 0 58 75 73 6 1 3 5 65 58 36 31 5 76 81 15 3 53 55 16 97 89 1 60 63 2 92 68 82 42 84 45 98 7 88 57 50 48 73 60 94 83 81 99 93 39 11 88 66 96 89 60 74 96 92 35 51 52 83 83 52 92 25 56 69 66 38 58 98 88 45 58 42 33 28 56 64 81 92 77 57 27 63 54 93 23 39 21 59 44 20 46 76 38 85 35 88 59 2 41 86 38 59 8 25 25 84 42 95 28 33 15 26 14 79 37 25 4 57 94 32 29 77 3 61 60 
29 23 52 50 37 75 58 32 86 36 58 37 30 8 51 74 83 42 26 58 0 73 41 16 38 8 83 39 48 61 61 49 83 9 86 69 40 64 55 14 62 41 74 75 69 25 26 34 19 79 47 79 8 78 9 39 50 15 18 46 58 78 88 27 32 59 24 38 43 94 90 82 97 27 47 19 25 40 76 40 7 69 40 47 22 68 74 25 72 33 13 87 66 8 3 97 21 4 86 95 36 18 18 56 44 53 96 26 90 30 52 68 48 21 72 80 9 24 61 57 10 47 61 66 63 22 14 23 28 26 18 33 94 15 86 53 26 61 84 69 90 25 58 64 13 
30 14 11 1 30 33 53 12 35 83 60 99 54 53 81 47 98 79 56 75 73 0 19 27 78 26 1 23 15 75 40 76 20 10 72 54 67 28 89 3 72 86 20 15 14 98 83 23 62 82 12 29 45 3 4 11 32 92 97 30 56 30 34 42 66 50 26 86 49 54 49 1 39 8 22 6 16 78 81 64 98 31 33 73 45 41 68 25 79 68 51 49 36 53 32 2 65 32 19 67 16 44 40 21 2 1 46 83 30 27 8 53 4 22 84 80 63 70 68 9 73 44 96 90 77 73 59 69 59 82 64 93 53 38 48 52 24 71 1 24 23 88 60 9 3 
15 98 69 23 40 98 90 4 45 78 55 60 81 31 92 87 37 58 70 73 41 19 0 19 4 15 80 68 35 82 65 45 43 35 79 45 61 68 43 23 42 69 42 40 81 43 68 99 14 26 39 76 6 93 23 40 74 15 48 72 2 34 71 61 20 16 98 99 54 70 21 36 39 50 82 59 13 76 54 25 96 23 34 25 31 88 1 88 36 46 64 9 42 15 63 11 30 31 38 98 40 11 68 55 78 46 74 69 24 82 65 82 82 33 94 15 31 39 97 88 1 38 67 43 62 19 1 46 83 95 72 71 97 54 1 43 41 40 25 41 93 73 32 5 30 
51 54 24 98 29 6 20 55 93 47 78 32 73 27 80 85 7 46 6 6 16 27 19 0 36 36 49 31 48 1 80 8 53 10 25 52 86 92 76 15 82 62 41 13 28 45 1 55 65 17 91 18 60 91 96 38 73 84 82 40 44 71 91 24 31 74 64 91 49 45 95 17 60 91 45 86 49 18 52 49 7 77 67 87 36 45 79 99 1 39 19 82 37 49 4 52 49 4 89 58 17 88 64 87 22 34 95 32 69 39 72 70 54 13 97 47 41 18 94 79 62 36 59 32 31 49 31 97 97 21 7 75 36 37 74 39 72 57 72 68 50 62 83 99 84 
69 85 15 71 55 1 95 2 83 79 25 36 30 9 27 98 39 86 15 1 38 78 4 36 0 86 88 48 1 66 22 22 40 77 61 3 41 78 44 84 60 67 79 86 51 23 38 14 16 85 47 39 90 55 28 30 49 16 74 30 52 50 89 65 14 53 95 60 35 4 65 81 93 58 1 10 91 39 18 14 43 53 10 39 26 58 82 52 70 54 90 70 30 91 63 77 21 56 89 96 2 63 55 11 32 70 96 48 49 11 41 26 73 88 23 50 56 89 4 29 25 21 66 88 10 12 22 59 88 95 65 79 88 72 87 83 1 43 35 67 58 93 7 71 3 
88 11 64 37 30 38 65 14 9 7 59 33 39 97 38 48 99 26 88 3 8 26 15 36 86 0 13 91 5 1 35 77 9 24 62 28 16 12 86 54 91 48 61 89 30 84 51 70 39 84 75 96 48 6 60 12 36 52 85 74 13 36 17 10 85 59 49 22 48 72 57 52 68 4 93 51 54 88 80 93 40 81 83 83 3 31 86 48 66 42 57 42 80 45 95 80 87 34 55 16 28 38 6 65 35 43 88 45 91 43 45 53 89 58 81 3 65 74 96 50 32 32 42 40 15 3 48 36 51 33 33 42 43 96 17 84 29 32 92 12 39 88 17 57 10 
88 97 22 19 56 73 43 60 31 92 80 51 79 85 25 89 32 74 3 5 83 1 80 49 88 13 0 65 84 27 3 39 86 31 87 54 32 31 37 16 22 93 48 74 45 5 67 44 19 60 91 30 78 10 24 91 9 92 15 88 48 73 38 42 90 31 40 6 34 75 20 94 38 90 16 13 98 65 1 70 51 48 19 69 68 67 75 70 56 66 82 51 49 5 51 57 79 39 11 95 25 40 59 56 1 39 94 86 96 71 74 56 16 97 50 56 7 33 30 94 79 20 29 79 42 93 25 90 11 70 16 47 30 45 20 84 75 80 45 99 13 87 78 50 32 
95 56 47 28 91 44 48 57 65 81 37 52 55 82 57 74 63 75 92 65 39 23 68 31 48 91 65 0 54 88 93 79 3 70 97 23 43 3 21 57 40 38 27 22 4 63 29 10 55 2 29 7 45 68 33 30 70 13 91 16 75 93 17 24 16 12 5 72 95 25 81 38 64 61 82 50 79 12 1 48 24 82 91 13 57 82 29 36 81 9 17 7 22 35 48 46 43 26 36 76 27 54 88 75 67 78 61 53 50 37 61 96 48 70 35 62 33 48 19 92 92 74 82 13 42 58 71 3 35 81 67 88 72 15 27 40 91 59 46 83 85 53 14 10 26 
97 62 4 29 28 25 22 82 78 21 81 6 43 74 41 77 48 7 65 58 48 15 35 48 1 5 84 54 0 48 65 89 40 86 22 46 45 89 84 69 68 71 36 35 25 62 88 74 21 77 73 59 56 16 83 42 64 28 97 83 90 72 74 97 61 90 80 89 23 35 56 8 38 99 1 76 74 64 58 65 40 15 23 27 16 82 77 93 27 50 89 33 26 99 53 61 78 6 47 65 11 98 2 57 73 92 57 22 87 38 73 75 93 15 15 50 89 46 87 31 84 78 72 59 63 43 19 59 76 13 29 46 50 95 23 77 57 90 39 87 12 20 89 51 75 
87 57 57 53 61 17 98 9 19 24 59 34 65 40 53 88 63 3 99 36 61 75 82 1 66 1 27 88 48 0 92 91 41 60 3 9 76 72 30 96 11 73 64 14 36 62 28 6 49 37 83 68 7 39 19 72 54 16 53 47 98 75 54 4 25 44 26 27 2 7 19 35 32 97 81 99 44 52 37 83 9 3 20 63 95 76 26 36 80 63 77 77 75 71 48 79 32 34 44 10 57 87 47 38 37 11 51 78 20 46 35 36 8 72 2 4 47 62 7 4 9 37 85 49 82 15 16 49 44 44 58 86 68 47 51 3 1 82 59 19 46 66 28 97 84 
14 90 89 95 13 97 2 39 39 64 52 1 69 57 39 46 35 31 88 31 61 40 65 80 22 35 3 93 65 92 0 59 21 97 44 85 12 99 91 47 38 89 41 7 45 31 59 34 66 22 90 58 1 78 68 16 71 4 48 43 2 82 48 17 69 22 62 30 45 97 67 35 89 87 78 98 39 11 22 17 79 8 54 54 68 78 13 87 86 29 14 62 7 58 46 62 52 94 7 58 41 8 5 93 8 19 52 73 3 83 47 19 87 30 36 12 53 77 38 79 70 25 70 30 78 25 43 11 66 86 54 21 14 27 7 32 84 50 66 55 1 51 82 38 77 
10 22 81 51 18 97 90 5 12 72 64 10 45 61 20 37 72 78 59 5 49 76 45 8 22 77 39 79 89 91 59 0 71 21 55 16 46 30 71 15 14 77 82 48 44 76 63 26 26 73 43 62 45 45 54 33 29 6 21 62 8 52 98 51 84 22 10 78 12 68 36 38 42 10 16 94 86 77 30 53 26 87 38 16 23 92 37 46 67 4 59 96 73 73 90 17 86 75 33 63 7 74 38 3 46 14 42 34 4 5 31 66 70 89 75 37 66 57 78 71 17 43 98 58 94 6 90 88 30 96 70 87 42 82 52 47 59 40 84 16 76 94 94 53 57 
8 97 47 47 72 42 39 71 57 7 74 32 85 26 45 88 43 79 25 76 83 20 43 53 40 9 86 3 40 41 21 71 0 26 80 37 5 83 95 12 43 23 85 29 57 33 59 87 69 67 23 3 74 2 34 81 8 64 70 6 43 16 36 47 82 24 21 5 24 26 47 32 26 19 12 54 46 7 21 6 68 12 45 45 27 86 57 81 54 38 47 12 65 57 84 23 57 77 75 72 37 51 32 24 29 1 40 62 33 67 59 47 80 38 54 91 89 34 35 26 79 20 84 53 76 85 64 97 80 99 42 39 40 7 9 1 88 43 19 45 44 94 6 3 63 
64 84 55 8 92 25 13 77 53 22 84 36 74 66 21 40 21 92 46 81 9 10 35 10 77 24 31 70 86 60 97 21 26 0 37 95 60 84 20 24 31 18 99 40 56 24 17 10 92 31 49 50 38 52 22 1 32 94 19 40 45 50 45 24 37 82 90 70 75 86 69 62 44 47 54 75 13 36 18 12 5 88 27 66 17 76 26 64 25 17 80 85 57 20 34 66 30 39 84 54 70 92 65 20 55 76 70 71 94 23 82 29 98 74 58 51 21 30 33 44 92 48 47 58 80 2 13 40 20 56 60 58 67 89 58 54 56 3 34 45 54 38 63 74 61 
62 26 80 86 8 22 19 74 84 65 89 89 51 96 64 38 91 97 15 15 86 72 79 25 61 62 87 97 22 3 44 55 80 37 0 70 73 87 83 13 49 9 84 65 27 53 18 28 43 49 54 93 15 85 46 29 16 34 90 71 15 91 80 66 14 27 52 24 94 11 73 52 30 20 3 37 23 57 99 95 59 22 35 40 55 29 12 60 3 4 87 11 28 2 62 71 13 31 68 80 62 58 8 43 4 54 90 13 75 76 60 35 70 51 98 93 22 86 76 44 4 85 7 2 66 97 19 54 8 71 47 26 35 56 72 64 95 12 13 50 80 68 55 70 82 
23 15 72 17 84 28 78 6 77 51 83 61 81 28 22 7 51 43 78 3 69 54 45 52 3 28 54 23 46 9 85 16 37 95 70 0 42 32 83 34 74 10 89 75 96 2 20 12 73 42 24 36 59 30 15 2 50 95 40 28 58 20 33 12 52 88 86 65 77 61 9 40 85 98 19 4 47 41 32 96 43 63 24 17 89 32 98 76 84 7 19 46 65 54 86 44 51 43 14 8 1 6 14 9 39 67 60 98 67 6 26 89 7 16 75 60 20 51 23 3 76 76 51 42 9 48 84 28 10 71 19 79 70 62 84 36 36 57 54 23 14 49 22 8 7 
58 14 15 30 57 47 78 80 69 91 56 39 51 19 66 44 23 19 87 53 40 67 61 86 41 16 32 43 45 76 12 46 5 60 73 42 0 78 29 44 85 71 98 29 74 90 7 54 14 73 55 90 51 49 39 58 35 69 66 52 25 86 48 39 85 39 32 79 79 9 37 96 73 38 78 35 40 20 68 32 71 65 56 60 57 27 90 78 31 53 89 32 84 44 1 52 11 73 40 77 14 70 70 50 12 13 60 14 90 32 20 26 65 87 67 19 87 92 99 99 37 49 15 41 46 79 64 1 55 21 85 24 56 60 41 38 3 35 70 44 91 41 84 61 46 
2 85 78 12 52 36 89 85 26 10 79 12 36 87 69 59 3 84 33 55 64 28 68 92 78 12 31 3 89 72 99 30 83 84 87 32 78 0 19 69 27 61 46 59 24 2 41 14 78 63 52 95 48 62 58 65 98 24 2 3 68 84 5 9 78 15 14 99 7 96 69 98 87 29 74 35 84 59 49 10 15 32 25 25 23 75 26 20 97 75 62 86 8 54 89 62 76 69 18 44 29 18 53 49 92 95 60 22 87 72 93 10 11 21 84 16 47 39 20 61 7 24 32 92 1 84 72 10 68 66 3 66 48 87 26 20 5 53 71 5 23 63 60 41 70 
1 44 16 62 33 63 91 60 70 93 71 45 73 2 93 2 64 90 92 16 55 89 43 76 44 86 37 21 84 30 91 71 95 20 83 83 29 19 0 71 24 77 32 59 28 73 31 19 57 45 37 60 89 57 84 57 2 49 9 55 24 94 54 71 24 43 69 62 31 73 27 36 89 95 22 61 33 91 87 19 10 30 75 31 59 40 95 26 74 74 54 76 78 61 27 7 85 68 78 34 92 52 37 34 84 41 14 65 52 74 7 57 22 60 31 46 69 58 20 83 32 71 61 76 34 18 79 97 1 83 42 68 86 63 35 25 98 73 13 51 64 65 34 60 36 
61 7 26 15 77 69 84 32 32 68 28 44 16 35 19 84 1 89 73 97 14 3 23 15 84 54 16 57 69 96 47 15 12 24 13 34 44 69 71 0 20 7 24 97 61 19 97 63 10 24 41 77 98 7 80 35 81 7 33 13 71 96 52 46 18 88 87 85 7 58 58 84 73 7 88 19 31 7 88 14 54 62 41 39 17 48 39 98 1 66 49 70 32 66 1 76 77 20 85 83 64 39 55 87 13 22 19 46 60 61 13 29 12 14 61 83 60 88 84 3 34 92 10 3 77 44 82 18 89 54 51 76 7 37 95 17 77 99 63 23 71 70 83 16 96 
82 78 54 31 63 63 40 91 60 86 24 8 40 3 69 30 93 57 39 89 62 72 42 82 60 91 22 40 68 11 38 14 43 31 49 74 85 27 24 20 0 19 22 10 3 79 79 7 97 60 37 26 6 62 9 7 21 57 14 94 4 79 6 82 91 40 99 8 33 11 69 45 99 82 80 98 20 50 67 62 51 26 41 25 56 3 87 6 10 95 81 26 54 72 66 56 64 8 69 87 40 58 74 78 39 32 77 60 82 28 90 40 9 4 15 99 10 76 79 82 65 74 84 16 65 53 48 27 54 17 26 8 25 5 10 26 37 90 81 53 70 55 26 42 19 
9 57 85 9 52 33 99 8 63 34 54 63 3 18 17 49 6 43 84 1 41 86 69 62 67 48 93 38 71 73 89 77 23 18 9 10 71 61 77 7 19 0 12 81 4 2 18 51 91 19 46 45 49 21 92 17 36 30 8 29 7 30 98 97 95 3 89 91 61 70 1 87 15 69 74 16 87 90 45 68 16 51 35 53 15 71 31 29 93 73 35 60 15 81 13 87 64 86 79 3 10 76 31 33 20 68 77 31 71 9 18 75 67 49 66 17 33 18 78 59 12 67 34 8 7 5 63 1 22 21 38 51 59 82 79 7 47 13 62 50 52 28 60 15 22 
89 60 59 41 97 46 16 67 30 72 70 57 36 86 79 56 73 5 21 60 74 20 42 41 79 61 48 27 36 64 41 82 85 99 84 89 98 46 32 24 22 12 0 88 54 14 75 35 50 71 24 54 52 13 71 11 99 5 97 12 75 38 32 44 95 38 87 1 39 26 23 45 94 47 86 14 32 47 82 67 37 53 35 32 14 48 19 26 64 87 6 24 20 31 5 8 52 99 67 65 28 96 56 1 44 44 91 63 65 5 7 25 24 28 31 69 26 94 51 68 3 99 86 57 19 13 25 38 70 65 59 1 65 14 22 38 99 15 18 91 90 23 21 51 73 
14 16 86 49 31 89 38 33 67 9 69 97 98 12 60 46 53 12 25 63 75 15 40 13 86 89 74 22 35 14 7 48 29 40 65 75 29 59 59 97 10 81 88 0 49 11 24 97 66 13 21 86 22 47 32 27 35 59 91 83 70 15 80 84 79 63 26 68 18 20 55 38 1 81 62 62 4 17 54 78 25 65 20 72 63 54 5 5 72 84 70 80 61 98 54 33 88 7 3 41 6 22 4 12 80 68 7 76 47 17 64 5 20 41 38 63 59 6 80 87 75 45 11 7 33 41 9 67 96 73 58 25 95 34 48 95 53 92 12 37 7 61 30 50 56 
48 25 30 31 23 43 97 47 33 52 24 94 80 94 57 9 10 25 72 2 69 14 81 28 51 30 45 4 25 36 45 44 57 56 27 96 74 24 28 61 3 4 54 49 0 7 41 64 8 76 27 56 32 83 96 55 78 77 7 96 91 79 58 14 84 24 21 66 91 85 55 67 84 88 38 17 8 81 69 16 16 83 21 48 21 59 10 97 56 60 89 8 26 10 11 37 40 21 83 76 29 99 41 86 84 6 11 49 61 68 60 34 22 77 84 7 22 15 42 66 79 69 39 92 54 81 95 13 90 78 61 58 52 15 68 49 55 10 23 34 99 57 81 15 32 
73 10 45 24 6 58 37 76 72 34 47 53 16 54 45 35 95 23 28 92 25 98 43 45 23 84 5 63 62 62 31 76 33 24 53 2 90 2 73 19 79 2 14 11 7 0 20 43 32 74 28 62 15 54 41 91 44 12 74 73 32 52 59 16 49 4 26 65 29 69 60 60 84 78 5 70 67 74 44 88 84 74 79 63 5 73 41 98 13 19 55 36 20 32 10 71 30 33 86 95 87 85 84 12 85 97 96 83 29 90 37 18 96 22 11 80 62 40 89 91 72 84 46 13 20 45 20 85 64 42 64 31 52 12 54 32 75 92 69 11 21 88 73 78 1 
31 67 38 67 92 26 99 83 61 62 40 25 16 60 36 30 98 7 38 68 26 83 68 1 38 51 67 29 88 28 59 63 59 17 18 20 7 41 31 97 79 18 75 24 41 20 0 39 89 48 6 47 75 72 94 58 18 47 38 88 88 74 4 51 64 64 61 53 49 52 7 64 94 2 25 23 89 49 35 23 40 19 64 75 89 18 8 28 87 79 3 51 17 44 80 12 78 14 95 39 1 72 27 93 77 95 89 55 17 63 74 57 54 40 19 65 79 69 59 51 54 44 48 51 48 88 95 55 75 66 4 45 12 53 57 41 15 39 98 14 47 62 6 62 15 
72 72 23 93 96 33 2 45 94 8 67 44 95 83 40 1 12 5 96 82 34 23 99 55 14 70 44 10 74 6 34 26 87 10 28 12 54 14 19 63 7 51 35 97 64 43 39 0 78 66 93 48 77 14 6 23 42 7 16 31 47 93 33 19 30 72 4 1 51 70 41 36 52 16 50 9 68 66 35 35 86 39 3 46 59 18 34 93 9 45 6 10 42 51 74 78 63 8 33 80 67 42 78 77 49 92 14 76 2 33 28 10 37 8 55 12 90 37 81 59 77 64 24 33 66 80 76 74 63 18 87 66 6 77 60 45 93 30 57 57 68 54 18 13 53 
4 54 92 65 23 34 33 65 73 60 78 52 67 12 62 80 99 80 83 42 19 62 14 65 16 39 19 55 21 49 66 26 69 92 43 73 14 78 57 10 97 91 50 66 8 32 89 78 0 83 94 20 61 58 34 62 89 74 80 33 61 71 19 35 74 39 72 23 16 55 28 24 27 12 61 31 62 98 74 45 81 24 65 72 18 65 13 85 39 77 38 38 84 44 88 78 14 44 91 28 47 69 5 99 32 59 90 42 64 97 83 55 88 40 72 37 40 71 17 11 26 48 12 79 64 44 94 42 24 34 89 47 26 46 31 95 87 26 97 38 7 23 30 84 32 
71 70 55 13 77 7 31 38 28 42 27 11 35 84 33 20 41 29 17 84 79 82 26 17 85 84 60 2 77 37 22 73 67 31 49 42 73 63 45 24 60 19 71 13 76 74 48 66 83 0 88 98 54 16 84 87 16 79 36 7 2 9 83 12 79 81 93 40 7 27 74 77 65 35 27 83 39 92 9 19 25 6 56 46 3 25 48 58 40 80 38 52 10 38 9 70 16 57 67 38 23 76 19 7 78 72 35 41 53 25 50 7 33 67 13 59 87 33 49 46 56 33 27 16 60 57 31 67 28 94 21 49 39 23 65 62 85 88 68 70 67 8 16 26 95 
22 37 77 18 23 66 8 48 98 28 25 95 84 4 68 5 92 54 55 45 47 12 39 91 47 75 91 29 73 83 90 43 23 49 54 24 55 52 37 41 37 46 24 21 27 28 6 93 94 88 0 63 28 94 19 91 85 74 80 37 1 13 24 98 10 47 87 76 75 6 70 43 4 34 77 21 58 2 67 80 78 62 78 79 86 51 86 17 2 22 58 23 17 68 38 61 79 81 91 1 38 77 81 82 8 61 93 24 13 51 16 64 9 3 43 18 16 51 26 64 52 55 28 45 59 80 5 12 37 22 93 10 91 22 13 46 98 29 40 3 48 71 51 19 92 
50 22 13 34 19 52 51 74 94 52 18 50 94 84 54 72 77 31 97 98 79 29 76 18 39 96 30 7 59 68 58 62 3 50 93 36 90 95 60 77 26 45 54 86 56 62 47 48 20 98 63 0 93 37 83 74 57 66 5 48 39 80 76 19 50 64 71 55 43 70 42 21 17 1 40 68 36 22 87 52 91 65 4 9 60 2 10 62 25 38 96 71 52 83 84 74 6 58 19 46 63 87 79 87 67 51 22 94 73 71 77 81 37 69 37 77 45 48 45 52 21 3 47 77 37 46 15 25 85 72 31 94 96 12 51 73 69 95 80 63 49 83 36 13 82 
58 41 60 11 94 32 51 91 69 41 88 19 19 1 63 2 88 22 53 7 8 45 6 60 90 48 78 45 56 7 1 45 74 38 15 59 51 48 89 98 6 49 52 22 32 15 75 77 61 54 28 93 0 32 71 3 71 86 26 25 53 37 2 90 52 96 63 42 68 67 43 55 53 72 31 29 24 10 9 46 94 46 70 21 92 8 18 64 40 62 57 50 43 44 96 86 90 59 98 22 27 23 91 52 59 98 71 28 4 32 11 54 44 25 23 88 16 76 68 24 55 59 67 16 92 27 25 6 27 45 94 81 82 68 58 66 1 12 34 19 61 6 6 72 15 
4 78 27 29 30 8 33 85 39 72 2 11 75 94 76 9 62 28 74 88 78 3 93 91 55 6 10 68 16 39 78 45 2 52 85 30 49 62 57 7 62 21 13 47 83 54 72 14 58 16 94 37 32 0 81 26 55 19 85 45 59 71 96 49 11 91 47 73 33 29 76 4 53 34 82 56 91 20 64 12 4 40 31 23 78 63 65 57 72 36 53 47 9 81 61 4 23 32 96 96 56 11 79 56 19 95 88 78 16 90 55 63 75 51 78 56 67 37 63 37 14 66 53 27 73 90 93 92 48 99 13 54 43 17 49 21 8 85 24 77 38 16 5 16 9 
69 92 77 76 19 14 44 16 61 46 46 62 19 86 9 27 3 6 6 57 9 4 23 96 28 60 24 33 83 19 68 54 34 22 46 15 39 58 84 80 9 92 71 32 96 41 94 6 34 84 19 83 71 81 0 49 37 67 78 19 45 39 12 30 97 74 6 94 31 45 2 39 5 33 86 71 61 4 13 68 12 14 29 4 98 71 29 75 90 16 42 14 2 52 77 84 72 56 10 81 8 28 45 6 47 79 96 70 51 65 88 61 33 88 28 45 45 44 25 19 76 80 1 55 47 95 2 20 71 71 35 63 10 5 63 49 47 49 91 81 11 71 26 20 9 
25 50 72 6 53 4 42 66 98 95 59 40 26 52 35 41 23 36 67 50 39 11 40 38 30 12 91 30 42 72 16 33 81 1 29 2 58 65 57 35 7 17 11 27 55 91 58 23 62 87 91 74 3 26 49 0 65 3 73 65 94 20 74 67 32 66 65 69 46 92 94 23 98 55 62 48 25 24 27 34 84 95 41 19 15 39 64 7 72 53 15 44 80 84 41 22 61 97 23 49 86 72 96 38 85 67 57 51 66 89 21 1 76 15 94 27 72 91 75 27 6 99 76 68 16 78 25 27 57 79 2 22 79 1 91 61 75 53 88 44 64 29 59 92 13 
44 48 88 82 32 29 70 53 10 10 22 7 18 92 34 90 83 73 81 48 50 32 74 73 49 36 9 70 64 54 71 29 8 32 16 50 35 98 2 81 21 36 99 35 78 44 18 42 89 16 85 57 71 55 37 65 0 95 14 9 70 27 64 4 5 35 60 8 76 41 20 69 28 88 6 1 83 45 54 55 89 68 30 22 37 40 54 64 17 96 72 77 63 73 22 74 19 83 55 75 74 4 31 79 70 99 97 17 33 49 18 24 76 94 92 65 89 64 71 60 96 28 55 36 30 29 33 54 98 78 81 77 84 4 89 70 58 89 81 48 19 35 70 77 85 
77 78 40 6 50 16 2 70 68 89 18 8 50 33 93 33 94 83 95 73 15 92 15 84 16 52 92 13 28 16 4 6 64 94 34 95 69 24 49 7 57 30 5 59 77 12 47 7 74 79 74 66 86 19 67 3 95 0 33 27 1 75 20 45 29 4 53 93 58 9 62 11 20 28 99 7 36 54 9 22 87 31 96 69 13 52 23 21 94 33 91 96 2 38 25 83 1 7 68 82 5 13 15 59 5 85 94 50 22 41 82 18 67 54 47 33 9 33 75 32 60 50 12 12 55 9 10 73 90 96 73 48 74 77 12 70 58 95 45 4 22 65 32 44 37 
27 41 44 43 99 30 98 67 79 47 57 80 38 87 26 71 99 49 51 60 18 97 48 82 74 85 15 91 97 53 48 21 70 19 90 40 66 2 9 33 14 8 97 91 7 74 38 16 80 36 80 5 26 85 78 73 14 33 0 87 60 16 40 69 2 15 83 78 69 32 57 38 30 48 70 6 35 28 64 63 12 59 9 54 37 75 13 27 77 3 86 71 21 48 47 1 53 98 6 17 45 30 49 51 87 18 97 58 33 79 2 22 95 1 77 22 85 92 80 53 57 67 92 89 79 96 57 10 12 85 60 14 49 33 46 20 84 34 84 47 55 73 66 72 57 
53 79 77 87 84 67 52 90 64 59 34 13 21 85 68 97 48 52 3 94 46 30 72 40 30 74 88 16 83 47 43 62 6 40 71 28 52 3 55 13 94 29 12 83 96 73 88 31 33 7 37 48 25 45 19 65 9 27 87 0 34 54 60 74 69 50 36 69 72 52 97 7 85 5 24 22 36 60 40 67 61 34 9 4 69 7 8 68 30 95 78 98 37 75 30 91 56 50 82 46 11 16 71 24 37 25 70 26 73 99 77 79 45 97 12 11 84 94 53 31 31 63 22 23 43 57 96 93 38 44 86 96 73 95 2 17 27 2 98 53 60 54 80 56 76 
81 46 39 53 94 62 31 29 21 22 44 1 41 82 2 8 30 95 90 83 58 56 2 44 52 13 48 75 90 98 2 8 43 45 15 58 25 68 24 71 4 7 75 70 91 32 88 47 61 2 1 39 53 59 45 94 70 1 60 34 0 96 85 29 55 14 8 16 84 35 52 44 91 76 79 52 58 30 69 61 50 81 3 4 79 88 73 26 40 10 44 57 65 10 2 82 16 87 84 80 64 93 6 82 65 28 19 16 12 71 92 52 6 69 21 53 60 37 3 69 27 22 45 43 43 49 54 5 17 50 21 20 34 65 85 46 35 36 89 25 61 13 82 37 39 
42 88 92 58 46 84 83 20 36 55 76 4 53 6 99 39 96 25 33 81 78 30 34 71 50 36 73 93 72 75 82 52 16 50 91 20 86 84 94 96 79 30 38 15 79 52 74 93 71 9 13 80 37 71 39 20 27 75 16 54 96 0 16 86 90 84 43 90 67 97 75 40 95 1 11 33 2 88 27 36 40 31 7 66 80 55 59 45 82 17 92 62 77 84 85 3 87 35 77 86 44 23 72 22 80 98 48 60 72 64 36 30 54 35 14 70 48 91 6 55 98 33 13 28 92 99 70 18 31 34 58 14 3 74 35 52 16 8 72 77 13 22 67 10 37 
83 17 70 57 52 97 50 18 56 1 99 52 24 12 9 82 99 77 8 99 88 34 71 91 89 17 38 17 74 54 48 98 36 45 80 33 48 5 54 52 6 98 32 80 58 59 4 33 19 83 24 76 2 96 12 74 64 20 40 60 85 16 0 60 72 46 34 92 78 34 74 98 85 39 71 86 37 95 13 43 69 26 89 95 41 82 87 58 57 82 54 3 13 6 29 22 47 90 94 23 98 51 98 15 82 69 82 22 4 90 73 51 52 20 53 20 60 24 59 77 36 73 71 31 81 90 52 63 50 44 13 97 51 33 35 55 84 91 46 46 9 53 79 90 22 
16 29 99 79 87 59 82 6 29 20 3 16 19 70 90 30 81 41 90 93 27 42 61 24 65 10 42 24 97 4 17 51 47 24 66 12 39 9 71 46 82 97 44 84 14 16 51 19 35 12 98 19 90 49 30 67 4 45 69 74 29 86 60 0 64 32 6 72 8 39 9 60 94 72 94 98 83 2 67 43 99 47 60 59 58 16 83 44 11 61 59 51 67 65 34 68 53 59 48 91 24 15 8 32 63 78 4 19 9 45 94 90 68 26 88 21 1 38 72 87 74 26 33 91 32 99 64 10 33 67 69 77 65 35 2 25 65 17 5 87 78 24 72 81 22 
65 46 34 88 16 83 83 80 46 20 97 68 80 10 28 4 2 86 86 39 32 66 20 31 14 85 90 16 61 25 69 84 82 37 14 52 85 78 24 18 91 95 95 79 84 49 64 30 74 79 10 50 52 11 97 32 5 29 2 69 55 90 72 64 0 94 61 48 99 19 83 15 28 62 27 69 80 85 76 60 9 3 81 25 63 33 61 96 45 21 86 92 90 8 19 49 77 37 63 55 31 3 4 7 66 77 11 36 67 66 76 32 56 20 85 71 45 67 56 86 96 60 63 77 81 96 13 81 19 19 9 60 47 72 98 75 65 78 79 47 2 36 83 66 7 
69 68 44 82 72 35 96 11 93 86 91 82 52 47 30 75 76 29 37 11 59 50 16 74 53 59 31 12 90 44 22 22 24 82 27 88 39 15 43 88 40 3 38 63 24 4 64 72 39 81 47 64 96 91 74 66 35 4 15 50 14 84 46 32 94 0 49 64 12 87 82 59 95 28 31 18 59 44 72 47 36 7 19 45 41 82 48 41 75 73 58 59 85 4 30 58 45 26 61 9 49 26 29 46 75 54 24 19 97 81 19 95 24 92 37 16 15 66 78 31 54 61 68 85 96 85 86 64 69 69 22 27 44 38 5 34 41 45 95 32 57 57 99 85 15 
26 67 27 11 49 31 72 30 57 28 84 60 33 75 90 51 2 41 67 88 24 26 98 64 95 49 40 5 80 26 62 10 21 90 52 86 32 14 69 87 99 89 87 26 21 26 61 4 72 93 87 71 63 47 6 65 60 53 83 36 8 43 34 6 61 49 0 28 19 77 13 25 55 49 48 44 62 8 20 47 20 80 59 95 61 54 14 31 29 3 76 93 44 30 91 80 48 35 29 10 53 25 73 89 88 1 24 17 15 90 44 7 76 37 42 22 2 85 35 88 86 72 15 83 4 10 45 26 49 88 70 94 78 35 76 40 28 14 46 90 19 2 38 69 21 
99 79 57 73 29 58 22 18 52 98 27 67 38 94 78 92 53 48 74 66 38 86 99 91 60 22 6 72 89 27 30 78 5 70 24 65 79 99 62 85 8 91 1 68 66 65 53 1 23 40 76 55 42 73 94 69 8 93 78 69 16 90 92 72 48 64 28 0 31 84 97 89 12 42 76 73 6 87 44 38 98 76 40 94 34 15 78 97 18 73 83 97 37 63 13 80 58 84 24 86 32 20 96 52 69 16 39 55 68 44 33 73 34 93 37 13 55 89 36 92 95 11 97 88 68 31 67 39 31 45 65 90 17 99 76 68 32 1 24 84 78 90 10 28 40 
88 47 70 49 84 97 19 82 5 22 27 16 31 33 11 17 93 24 12 96 43 49 54 49 35 48 34 95 23 2 45 12 24 75 94 77 79 7 31 7 33 61 39 18 91 29 49 51 16 7 75 43 68 33 31 46 76 58 69 72 84 67 78 8 99 12 19 31 0 91 18 76 63 38 61 44 42 39 17 84 85 89 19 66 10 15 56 31 8 83 4 22 74 23 13 16 91 47 37 30 72 42 41 75 73 60 58 2 21 98 18 33 2 87 82 35 47 41 22 65 89 19 18 51 17 32 20 80 96 41 31 54 66 51 85 4 29 16 74 42 42 52 44 65 75 
8 1 74 20 28 50 47 47 80 95 53 62 41 39 62 50 65 29 36 89 94 54 70 45 4 72 75 25 35 7 97 68 26 86 11 61 9 96 73 58 11 70 26 20 85 69 52 70 55 27 6 70 67 29 45 92 41 9 32 52 35 97 34 39 19 87 77 84 91 0 48 84 30 77 54 2 90 71 36 4 4 7 7 88 36 61 30 77 76 42 8 42 32 34 15 89 91 68 11 77 50 20 21 55 74 71 39 36 51 53 42 93 99 13 84 59 29 71 43 25 5 91 25 86 74 29 88 98 57 15 10 20 65 73 1 93 95 38 42 30 56 50 19 16 58 
27 30 53 13 44 47 45 8 76 19 56 65 51 43 17 43 76 85 43 60 90 49 21 95 65 57 20 81 56 19 67 36 47 69 73 9 37 69 27 58 69 1 23 55 55 60 7 41 28 74 70 42 43 76 2 94 20 62 57 97 52 75 74 9 83 82 13 97 18 48 0 60 89 86 41 89 73 97 83 33 61 42 60 62 83 38 23 48 88 14 24 74 28 3 54 9 6 81 11 71 41 66 36 73 66 52 40 68 28 52 37 69 8 27 39 9 82 11 64 16 80 59 22 6 2 15 81 35 36 86 39 58 8 57 81 18 45 86 77 72 85 88 53 34 39 
26 64 90 26 20 84 92 18 32 68 8 20 74 64 80 71 79 90 40 74 82 1 36 17 81 52 94 38 8 35 35 38 32 62 52 40 96 98 36 84 45 87 45 38 67 60 64 36 24 77 43 21 55 4 39 23 69 11 38 7 44 40 98 60 15 59 25 89 76 84 60 0 80 30 5 60 32 78 9 92 29 94 88 82 6 68 94 52 94 48 88 41 18 37 48 52 26 76 87 66 12 91 17 90 73 67 32 7 14 39 86 5 30 21 93 55 61 23 30 84 30 85 61 40 50 79 67 26 66 60 94 99 80 61 50 72 55 70 43 16 37 39 43 40 52 
23 76 28 78 80 42 10 87 77 36 63 45 69 24 75 9 63 38 53 96 97 39 39 60 93 68 38 64 38 32 89 42 26 44 30 85 73 87 89 73 99 15 94 1 84 84 94 52 27 65 4 17 53 53 5 98 28 20 30 85 91 95 85 94 28 95 55 12 63 30 89 80 0 51 11 13 57 72 75 94 99 91 1 84 26 22 69 41 2 7 15 21 34 74 67 26 48 98 2 22 62 62 20 10 20 44 13 79 79 38 75 8 7 64 98 90 83 88 92 1 16 72 31 82 88 53 48 54 49 63 12 11 54 51 71 53 64 50 18 45 29 96 89 50 43 
10 36 44 17 71 21 5 62 53 96 32 88 81 41 77 32 77 6 94 92 27 8 50 91 58 4 90 61 99 97 87 10 19 47 20 98 38 29 95 7 82 69 47 81 88 78 2 16 12 35 34 1 72 34 33 55 88 28 48 5 76 1 39 72 62 28 49 42 38 77 86 30 51 0 38 23 88 86 20 5 40 24 27 11 20 43 64 90 34 86 64 57 89 26 85 54 35 60 45 22 94 90 59 60 8 71 71 50 13 4 82 3 42 43 19 36 64 60 33 94 58 28 77 89 8 6 88 43 65 78 74 46 4 70 77 97 99 27 54 78 8 31 65 71 72 
68 54 2 5 89 41 78 65 39 30 80 62 16 64 98 26 49 24 85 35 47 22 82 45 1 93 16 82 1 81 78 16 12 54 3 19 78 74 22 88 80 74 86 62 38 5 25 50 61 27 77 40 31 82 86 62 6 99 70 24 79 11 71 94 27 31 48 76 61 54 41 5 11 38 0 23 48 65 92 97 98 75 36 10 38 10 48 30 25 63 10 91 70 55 49 55 85 38 2 49 97 11 27 24 68 69 45 74 92 44 83 58 42 4 73 2 51 65 29 20 35 27 73 87 26 24 62 4 54 22 84 95 30 17 23 17 60 33 43 30 17 44 16 18 69 
24 94 83 89 87 51 64 8 84 23 93 22 64 64 1 35 37 69 21 51 19 6 59 86 10 51 13 50 76 99 98 94 54 75 37 4 35 35 61 19 98 16 14 62 17 70 23 9 31 83 21 68 29 56 71 48 1 7 6 22 52 33 86 98 69 18 44 73 44 2 89 60 13 23 23 0 5 21 77 31 95 67 72 3 97 23 26 55 29 30 19 98 36 61 78 26 69 52 42 26 55 92 99 96 80 98 48 11 63 61 99 64 71 6 88 49 73 79 56 42 98 89 30 38 1 95 1 76 16 51 6 65 4 84 77 50 79 64 20 74 91 58 48 68 66 
28 34 95 28 12 5 24 30 81 57 77 1 65 32 31 55 50 21 74 52 25 16 13 49 91 54 98 79 74 44 39 86 46 13 23 47 40 84 33 31 20 87 32 4 8 67 89 68 62 39 58 36 24 91 61 25 83 36 35 36 58 2 37 83 80 59 62 6 42 90 73 32 57 88 48 5 0 11 1 95 8 57 12 51 16 32 62 56 13 82 62 48 72 36 37 96 98 65 24 93 1 66 97 90 75 78 89 88 49 5 57 4 74 73 72 14 76 63 43 81 32 47 71 30 18 48 38 13 62 61 33 58 33 86 23 10 44 70 98 39 5 38 74 6 34 
38 3 97 51 66 10 96 56 75 11 47 64 92 19 4 98 15 14 8 83 40 78 76 18 39 88 65 12 64 52 11 77 7 36 57 41 20 59 91 7 50 90 47 17 81 74 49 66 98 92 2 22 10 20 4 24 45 54 28 60 30 88 95 2 85 44 8 87 39 71 97 78 72 86 65 21 11 0 75 18 9 16 30 53 17 36 66 21 99 39 91 13 5 63 68 54 10 26 22 35 24 21 50 99 53 98 40 3 98 50 99 21 7 70 32 4 96 32 12 22 42 2 59 86 99 23 43 9 21 71 55 52 15 77 3 63 76 28 8 42 22 44 20 80 74 
58 85 27 69 94 1 60 29 71 43 88 95 21 41 82 97 74 57 53 83 76 81 54 52 18 80 1 1 58 37 22 30 21 18 99 32 68 49 87 88 67 45 82 54 69 44 35 35 74 9 67 87 9 64 13 27 54 9 64 40 69 27 13 67 76 72 20 44 17 36 83 9 75 20 92 77 1 75 0 94 39 39 44 10 2 88 18 15 58 94 20 42 43 79 96 42 81 23 40 88 8 29 32 4 95 77 15 68 56 69 94 52 35 42 28 18 27 65 51 54 84 22 9 10 13 17 74 26 64 12 48 20 75 26 43 44 98 81 55 83 39 20 7 5 94 
84 84 85 4 16 91 65 44 27 73 71 85 55 6 65 71 22 30 70 52 40 64 25 49 14 93 70 48 65 83 17 53 6 12 95 96 32 10 19 14 62 68 67 78 16 88 23 35 45 19 80 52 46 12 68 34 55 22 63 67 61 36 43 43 60 47 47 38 84 4 33 92 94 5 97 31 95 18 94 0 58 4 91 91 10 6 93 57 99 71 92 30 53 45 87 5 37 11 87 84 23 55 50 85 4 54 27 33 1 16 79 54 29 25 83 16 59 26 67 1 61 86 68 18 50 80 74 19 41 92 78 95 62 81 84 4 2 45 38 63 63 22 25 97 60 
39 49 31 59 52 22 83 99 58 32 70 2 24 93 39 6 33 29 58 92 7 98 96 7 43 40 51 24 40 9 79 26 68 5 59 43 71 15 10 54 51 16 37 25 16 84 40 86 81 25 78 91 94 4 12 84 89 87 12 61 50 40 69 99 9 36 20 98 85 4 61 29 99 40 98 95 8 9 39 58 0 8 58 97 79 28 32 97 46 38 59 43 29 96 21 23 40 2 1 13 28 6 55 66 26 8 6 59 99 20 68 62 30 98 90 62 50 96 52 73 12 74 43 99 79 98 83 60 67 34 7 39 11 17 33 14 86 39 16 91 2 48 96 63 69 
9 55 65 13 99 75 32 56 31 13 56 85 7 80 68 64 72 92 63 25 69 31 23 77 53 81 48 82 15 3 8 87 12 88 22 63 65 32 30 62 26 51 53 65 83 74 19 39 24 6 62 65 46 40 14 95 68 31 59 34 81 31 26 47 3 7 80 76 89 7 42 94 91 24 75 67 57 16 39 4 8 0 36 2 85 76 38 57 62 27 14 79 27 31 46 72 96 81 15 88 39 57 90 16 76 32 55 59 41 35 70 31 3 14 89 17 33 17 91 60 64 30 94 74 35 29 56 72 46 50 42 41 45 96 5 58 12 55 24 46 61 7 38 72 44 
33 33 23 3 87 22 2 6 65 83 93 61 25 83 31 95 1 55 90 56 40 33 34 67 10 83 19 91 23 20 54 38 45 27 35 24 56 25 75 41 41 35 35 20 21 79 64 3 65 56 78 4 70 31 29 41 30 96 9 9 3 7 89 60 81 19 59 40 19 7 60 88 1 27 36 72 12 30 44 91 58 36 0 8 20 44 30 62 67 65 21 36 75 2 97 78 26 49 91 88 95 41 81 44 49 29 59 14 25 36 30 43 8 66 79 43 24 25 27 15 74 47 15 36 22 67 79 25 85 24 10 95 47 97 90 1 24 64 24 8 29 65 49 15 77 
35 29 99 77 46 34 85 51 39 8 99 77 1 75 22 25 47 29 84 69 47 73 25 87 39 83 69 13 27 63 54 16 45 66 40 17 60 25 31 39 25 53 32 72 48 63 75 46 72 46 79 9 21 23 4 19 22 69 54 4 4 66 95 59 25 45 95 94 66 88 62 82 84 11 10 3 51 53 10 91 97 2 8 0 71 30 50 73 35 20 97 25 94 20 91 1 79 85 58 67 29 83 6 64 71 5 30 69 38 99 45 54 50 14 27 74 71 96 44 5 12 49 11 51 94 96 2 53 59 68 97 57 58 72 93 71 1 40 3 19 73 41 31 52 58 
11 56 53 97 64 39 79 93 19 88 88 23 49 41 27 47 25 64 17 66 22 45 31 36 26 3 68 57 16 95 68 23 27 17 55 89 57 23 59 17 56 15 14 63 21 5 89 59 18 3 86 60 92 78 98 15 37 13 37 69 79 80 41 58 63 41 61 34 10 36 83 6 26 20 38 97 16 17 2 10 79 85 20 71 0 63 44 14 35 36 17 63 96 86 97 66 66 67 85 70 79 65 43 29 1 95 56 25 27 4 19 12 86 96 11 66 91 13 8 60 52 77 23 34 19 37 47 23 33 54 44 95 31 31 16 97 33 85 41 32 35 66 35 75 16 
24 83 4 97 43 38 69 64 96 9 86 15 81 26 96 21 81 82 29 38 68 41 88 45 58 31 67 82 82 76 78 92 86 76 29 32 27 75 40 48 3 71 48 54 59 73 18 18 65 25 51 2 8 63 71 39 40 52 75 7 88 55 82 16 33 82 54 15 15 61 38 68 22 43 10 23 32 36 88 6 28 76 44 30 63 0 92 9 18 76 61 72 25 90 34 65 80 48 90 34 68 53 94 54 79 68 98 58 81 54 28 99 47 54 56 70 20 73 91 90 10 16 93 36 67 9 89 96 80 70 85 55 37 85 81 9 8 25 79 9 10 94 81 91 13 
16 32 71 62 23 44 55 53 42 62 75 25 29 69 11 23 38 61 46 58 74 68 1 79 82 86 75 29 77 26 13 37 57 26 12 98 90 26 95 39 87 31 19 5 10 41 8 34 13 48 86 10 18 65 29 64 54 23 13 8 73 59 87 83 61 48 14 78 56 30 23 94 69 64 48 26 62 66 18 93 32 38 30 50 44 92 0 67 30 67 25 38 62 86 47 91 49 31 68 20 44 2 88 81 82 32 16 89 71 4 69 49 54 35 75 24 10 10 83 9 72 42 88 47 75 70 98 98 56 60 2 9 64 80 79 48 93 62 13 36 35 17 99 12 16 
88 29 13 16 83 34 26 35 96 24 16 47 89 50 70 1 17 70 83 98 25 25 88 99 52 48 70 36 93 36 87 46 81 64 60 76 78 20 26 98 6 29 26 5 97 98 28 93 85 58 17 62 64 57 75 7 64 21 27 68 26 45 58 44 96 41 31 97 31 77 48 52 41 90 30 55 56 21 15 57 97 57 62 73 14 9 67 0 82 89 75 46 76 78 95 6 49 69 69 54 49 11 47 1 87 62 62 46 55 94 16 64 17 66 40 98 37 85 21 67 46 46 66 78 8 39 20 53 60 33 29 25 39 89 73 91 94 68 79 86 2 43 54 3 12 
26 95 40 75 41 96 84 99 58 35 15 33 2 83 34 70 53 84 82 88 72 79 36 1 70 66 56 81 27 80 86 67 54 25 3 84 31 97 74 1 10 93 64 72 56 13 87 9 39 40 2 25 40 72 90 72 17 94 77 30 40 82 57 11 45 75 29 18 8 76 88 94 2 34 25 29 13 99 58 99 46 62 67 35 35 18 30 82 0 75 61 92 90 42 11 57 14 78 19 26 3 97 1 98 87 29 91 3 2 85 94 57 7 66 6 10 18 88 18 13 76 6 10 44 1 86 89 18 64 27 29 88 2 78 34 81 16 48 78 74 38 25 26 5 16 
72 75 84 13 45 42 28 84 49 95 57 81 74 87 37 23 69 73 69 45 33 68 46 39 54 42 66 9 50 63 29 4 38 17 4 7 53 75 74 66 95 73 87 84 60 19 79 45 77 80 22 38 62 36 16 53 96 33 3 95 10 17 82 61 21 73 3 73 83 42 14 48 7 86 63 30 82 39 94 71 38 27 65 20 36 76 67 89 75 0 95 55 26 33 48 8 59 47 76 62 49 68 81 5 58 55 19 98 49 27 27 25 64 33 43 31 3 80 26 11 29 15 33 7 72 96 44 36 46 93 29 28 16 10 95 32 54 71 22 67 61 38 98 58 72 
93 9 49 19 17 72 57 78 43 4 88 71 22 47 10 28 93 80 68 58 13 51 64 19 90 57 82 17 89 77 14 59 47 80 87 19 89 62 54 49 81 35 6 70 89 55 3 6 38 38 58 96 57 53 42 15 72 91 86 78 44 92 54 59 86 58 76 83 4 8 24 88 15 64 10 19 62 91 20 92 59 14 21 97 17 61 25 75 61 95 0 92 58 96 91 21 95 6 2 27 8 62 4 30 22 89 60 92 99 59 13 17 3 1 72 32 43 59 29 93 41 32 75 35 41 26 57 74 77 2 13 54 85 61 45 40 56 90 68 65 42 96 47 19 46 
75 33 62 31 18 70 93 38 53 56 2 55 1 14 1 26 91 49 62 42 87 49 9 82 70 42 51 7 33 77 62 96 12 85 11 46 32 86 76 70 26 60 24 80 8 36 51 10 38 52 23 71 50 47 14 44 77 96 71 98 57 62 3 51 92 59 93 97 22 42 74 41 21 57 91 98 48 13 42 30 43 79 36 25 63 72 38 46 92 55 92 0 87 94 11 34 57 32 4 21 35 67 96 25 75 40 73 88 7 34 52 84 23 17 16 82 70 70 66 78 64 56 97 70 52 55 10 17 53 26 22 58 26 50 52 47 95 90 33 38 39 4 3 38 6 
63 9 71 60 89 71 9 90 23 69 85 25 77 22 56 65 8 53 84 33 66 36 42 37 30 80 49 22 26 75 7 73 65 57 28 65 84 8 78 32 54 15 20 61 26 20 17 42 84 10 17 52 43 9 2 80 63 2 21 37 65 77 13 67 90 85 44 37 74 32 28 18 34 89 70 36 72 5 43 53 29 27 75 94 96 25 62 76 90 26 58 87 0 7 63 87 90 44 25 95 67 36 88 87 64 17 95 28 44 11 83 45 37 8 77 43 44 16 75 32 49 87 11 22 92 24 45 25 27 86 27 43 97 18 76 18 43 53 54 74 88 97 41 7 1 
47 85 14 6 1 24 56 55 65 16 76 78 33 81 70 46 61 93 70 28 8 53 15 49 91 45 5 35 99 71 58 73 57 20 2 54 44 54 61 66 72 81 31 98 10 32 44 51 44 38 68 83 44 81 52 84 73 38 48 75 10 84 6 65 8 4 30 63 23 34 3 37 74 26 55 61 36 63 79 45 96 31 2 20 86 90 86 78 42 33 96 94 7 0 4 80 94 33 35 28 13 84 94 91 6 58 51 35 86 45 96 28 71 90 18 49 66 20 64 27 33 2 85 16 79 83 56 53 57 23 58 76 64 32 44 96 35 76 97 57 2 50 86 41 65 
33 78 37 17 98 87 77 5 71 25 77 90 41 82 11 39 10 93 39 56 3 32 63 4 63 95 51 48 53 48 46 90 84 34 62 86 1 89 27 1 66 13 5 54 11 10 80 74 88 9 38 84 96 61 77 41 22 25 47 30 2 85 29 34 19 30 91 13 13 15 54 48 67 85 49 78 37 68 96 87 21 46 97 91 97 34 47 95 11 48 91 11 63 4 0 51 57 33 63 85 24 71 89 42 39 27 2 1 37 37 42 89 17 69 54 22 93 24 92 50 52 70 54 1 61 13 20 28 13 88 17 70 97 90 33 95 91 79 7 43 13 33 90 72 75 
89 51 24 96 83 40 47 44 62 95 91 36 82 95 4 58 35 97 75 64 97 2 11 52 77 80 57 46 61 79 62 17 23 66 71 44 52 62 7 76 56 87 8 33 37 71 12 78 78 70 61 74 86 4 84 22 74 83 1 91 82 3 22 68 49 58 80 80 16 89 9 52 26 54 55 26 96 54 42 5 23 72 78 1 66 65 91 6 57 8 21 34 87 80 51 0 91 99 79 36 2 30 92 32 42 42 4 66 63 70 7 69 7 46 50 41 52 89 14 24 42 36 19 70 15 61 88 67 23 73 28 11 56 21 71 26 95 25 88 13 70 19 45 12 47 
24 80 23 97 72 32 50 12 61 63 19 58 84 50 40 53 64 58 64 81 21 65 30 49 21 87 79 43 78 32 52 86 57 30 13 51 11 76 85 77 64 64 52 88 40 30 78 63 14 16 79 6 90 23 72 61 19 1 53 56 16 87 47 53 77 45 48 58 91 91 6 26 48 35 85 69 98 10 81 37 40 96 26 79 66 80 49 49 14 59 95 57 90 94 57 91 0 15 51 76 65 88 30 64 67 8 1 18 46 61 11 39 53 10 13 42 24 71 58 76 24 55 91 2 51 75 9 65 70 76 97 87 14 29 62 78 98 30 64 57 86 63 97 8 28 
56 42 67 61 15 38 12 30 97 27 63 32 31 52 78 53 67 95 73 92 4 32 31 4 56 34 39 26 6 34 94 75 77 39 31 43 73 69 68 20 8 86 99 7 21 33 14 8 44 57 81 58 59 32 56 97 83 7 98 50 87 35 90 59 37 26 35 84 47 68 81 76 98 60 38 52 65 26 23 11 2 81 49 85 67 48 31 69 78 47 6 32 44 33 33 99 15 0 63 74 18 86 86 93 61 31 20 8 3 44 59 17 49 29 63 99 7 75 60 53 9 5 44 75 51 96 22 11 65 67 69 52 91 96 6 37 37 44 66 68 26 28 3 47 27 
66 65 93 44 37 39 9 77 28 99 46 40 88 15 38 33 69 40 13 77 86 19 38 89 89 55 11 36 47 44 7 33 75 84 68 14 40 18 78 85 69 79 67 3 83 86 95 33 91 67 91 19 98 96 10 23 55 68 6 82 84 77 94 48 63 61 29 24 37 11 11 87 2 45 2 42 24 22 40 87 1 15 91 58 85 90 68 69 19 76 2 4 25 35 63 79 51 63 0 78 45 79 84 78 47 30 49 64 13 60 46 49 67 13 45 69 64 8 4 30 87 63 63 36 8 43 56 76 97 66 88 49 2 58 81 53 46 96 22 90 74 8 1 15 34 
78 84 96 32 27 57 62 90 1 48 66 15 54 31 17 70 14 91 35 57 95 67 98 58 96 16 95 76 65 10 58 63 72 54 80 8 77 44 34 83 87 3 65 41 76 95 39 80 28 38 1 46 22 96 81 49 75 82 17 46 80 86 23 91 55 9 10 86 30 77 71 66 22 22 49 26 93 35 88 84 13 88 88 67 70 34 20 54 26 62 27 21 95 28 85 36 76 74 78 0 59 79 68 48 54 23 95 58 18 17 7 34 95 16 49 53 95 18 53 31 3 38 51 57 91 67 66 87 6 15 12 43 79 15 85 1 4 60 72 93 49 10 8 24 23 
4 25 54 45 33 88 75 33 27 88 53 94 34 11 26 80 67 79 25 27 36 16 40 17 2 28 25 27 11 57 41 7 37 70 62 1 14 29 92 64 40 10 28 6 29 87 1 67 47 23 38 63 27 56 8 86 74 5 45 11 64 44 98 24 31 49 53 32 72 50 41 12 62 94 97 55 1 24 8 23 28 39 95 29 79 68 44 49 3 49 8 35 67 13 24 2 65 18 45 59 0 99 7 33 88 69 83 97 12 26 89 94 96 16 94 72 80 68 70 6 42 61 86 18 39 93 2 16 50 24 41 36 75 41 36 50 29 87 31 40 16 89 40 34 81 
1 21 10 25 2 29 24 51 51 36 29 49 83 86 47 6 92 62 84 63 18 44 11 88 63 38 40 54 98 87 8 74 51 92 58 6 70 18 52 39 58 76 96 22 99 85 72 42 69 76 77 87 23 11 28 72 4 13 30 16 93 23 51 15 3 26 25 20 42 20 66 91 62 90 11 92 66 21 29 55 6 57 41 83 65 53 2 11 97 68 62 67 36 84 71 30 88 86 79 79 99 0 23 65 87 77 7 11 80 29 47 24 44 62 44 65 1 75 97 1 1 32 75 41 12 72 60 76 6 20 31 95 45 26 70 32 75 30 91 5 59 79 85 85 28 
78 45 42 63 49 37 89 52 21 17 88 14 23 5 8 34 1 58 35 54 18 40 68 64 55 6 59 88 2 47 5 38 32 65 8 14 70 53 37 55 74 31 56 4 41 84 27 78 5 19 81 79 91 79 45 96 31 15 49 71 6 72 98 8 4 29 73 96 41 21 36 17 20 59 27 99 97 50 32 50 55 90 81 6 43 94 88 47 1 81 4 96 88 94 89 92 30 86 84 68 7 23 0 65 1 3 6 19 62 73 65 43 74 89 51 67 48 95 6 41 92 34 80 6 78 67 31 16 45 33 76 45 5 16 11 14 72 54 14 57 23 59 48 64 51 
7 16 58 80 89 67 90 43 27 88 39 20 4 8 44 65 35 6 23 93 56 21 55 87 11 65 56 75 57 38 93 3 24 20 43 9 50 49 34 87 78 33 1 12 86 12 93 77 99 7 82 87 52 56 6 38 79 59 51 24 82 22 15 32 7 46 89 52 75 55 73 90 10 60 24 96 90 99 4 85 66 16 44 64 29 54 81 1 98 5 30 25 87 91 42 32 64 93 78 48 33 65 65 0 25 48 19 83 15 15 83 20 35 77 67 39 72 54 12 64 41 15 25 80 68 73 31 31 98 86 14 70 82 78 5 26 60 27 24 62 39 89 83 85 14 
53 31 89 22 23 11 83 24 66 91 21 16 35 55 1 54 71 77 90 23 44 2 78 22 32 35 1 67 73 37 8 46 29 55 4 39 12 92 84 13 39 20 44 80 84 85 77 49 32 78 8 67 59 19 47 85 70 5 87 37 65 80 82 63 66 75 88 69 73 74 66 73 20 8 68 80 75 53 95 4 26 76 49 71 1 79 82 87 87 58 22 75 64 6 39 42 67 61 47 54 88 87 1 25 0 89 91 73 48 52 98 64 29 28 60 95 79 60 51 11 92 85 23 38 30 13 21 67 53 16 3 42 58 2 98 63 46 44 4 48 88 5 40 69 6 
86 92 94 20 35 85 83 90 78 79 98 98 50 60 57 54 17 26 41 39 53 1 46 34 70 43 39 78 92 11 19 14 1 76 54 67 13 95 41 22 32 68 44 68 6 97 95 92 59 72 61 51 98 95 79 67 99 85 18 25 28 98 69 78 77 54 1 16 60 71 52 67 44 71 69 98 78 98 77 54 8 32 29 5 95 68 32 62 29 55 89 40 17 58 27 42 8 31 30 23 69 77 3 48 89 0 72 60 8 34 58 90 58 72 29 48 5 62 52 2 91 75 25 41 97 37 52 88 84 68 3 68 65 28 21 28 15 18 77 92 11 90 59 75 8 
71 15 77 78 95 1 6 44 19 88 52 42 89 85 15 54 38 80 88 21 96 46 74 95 96 88 94 61 57 51 52 42 40 70 90 60 60 60 14 19 77 77 91 7 11 96 89 14 90 35 93 22 71 88 96 57 97 94 97 70 19 48 82 4 11 24 24 39 58 39 40 32 13 71 45 48 89 40 15 27 6 55 59 30 56 98 16 62 91 19 60 73 95 51 2 4 1 20 49 95 83 7 6 19 91 72 0 40 3 68 57 44 98 33 61 25 2 26 64 15 11 59 48 39 14 76 43 43 55 41 97 57 99 70 1 17 51 49 12 79 15 32 33 83 99 
3 20 83 34 22 17 43 89 61 58 60 36 71 99 56 13 18 94 76 59 26 83 69 32 48 45 86 53 22 78 73 34 62 71 13 98 14 22 65 46 60 31 63 76 49 83 55 76 42 41 24 94 28 78 70 51 17 50 58 26 16 60 22 19 36 19 17 55 2 36 68 7 79 50 74 11 88 3 68 33 59 59 14 69 25 58 89 46 3 98 92 88 28 35 1 66 18 8 64 58 97 11 19 83 73 60 40 0 73 45 27 30 96 33 59 11 28 84 46 3 54 45 78 98 32 80 17 32 51 90 8 60 51 15 90 58 44 43 95 78 29 55 69 39 61 
77 27 12 5 69 31 47 96 83 25 95 26 38 42 56 81 39 38 78 44 90 30 24 69 49 91 96 50 87 20 3 4 33 94 75 67 90 87 52 60 82 71 65 47 61 29 17 2 64 53 13 73 4 16 51 66 33 22 33 73 12 72 4 9 67 97 15 68 21 51 28 14 79 13 92 63 49 98 56 1 99 41 25 38 27 81 71 55 2 49 99 7 44 86 37 63 46 3 13 18 12 80 62 15 48 8 3 73 0 27 98 20 94 60 20 36 90 92 21 69 41 76 79 15 48 74 15 1 65 24 89 69 46 52 43 90 35 86 85 59 67 59 89 88 47 
92 87 37 40 68 4 22 29 60 56 65 52 34 36 53 97 83 45 39 20 30 27 82 39 11 43 71 37 38 46 83 5 67 23 76 6 32 72 74 61 28 9 5 17 68 90 63 33 97 25 51 71 32 90 65 89 49 41 79 99 71 64 90 45 66 81 90 44 98 53 52 39 38 4 44 61 5 50 69 16 20 35 36 99 4 54 4 94 85 27 59 34 11 45 37 70 61 44 60 17 26 29 73 15 52 34 68 45 27 0 64 69 45 33 60 23 8 26 81 78 66 89 32 53 3 26 5 67 87 23 31 58 76 38 59 34 57 83 33 74 76 89 40 66 89 
22 8 17 68 49 79 52 65 63 50 15 35 13 57 79 34 15 61 76 46 52 8 65 72 41 45 74 61 73 35 47 31 59 82 60 26 20 93 7 13 90 18 7 64 60 37 74 28 83 50 16 77 11 55 88 21 18 82 2 77 92 36 73 94 76 19 44 33 18 42 37 86 75 82 83 99 57 99 94 79 68 70 30 45 19 28 69 16 94 27 13 52 83 96 42 7 11 59 46 7 89 47 65 83 98 58 57 27 98 64 0 74 42 59 76 92 27 93 29 73 8 76 55 16 62 87 24 20 75 25 88 68 53 12 17 70 24 40 38 35 30 73 58 96 4 
76 54 31 35 19 60 74 87 39 53 98 23 38 14 98 52 38 16 22 76 68 53 82 70 26 53 56 96 75 36 19 66 47 29 35 89 26 10 57 29 40 75 25 5 34 18 57 10 55 7 64 81 54 63 61 1 24 18 22 79 52 30 51 90 32 95 7 73 33 93 69 5 8 3 58 64 4 21 52 54 62 31 43 54 12 99 49 64 57 25 17 84 45 28 89 69 39 17 49 34 94 24 43 20 64 90 44 30 20 69 74 0 16 3 4 23 86 14 84 11 57 93 41 40 45 67 75 77 29 67 14 11 65 63 75 3 24 56 50 10 81 12 5 33 88 
8 48 85 35 98 54 43 59 24 25 53 34 80 12 54 56 63 93 16 38 48 4 82 54 73 89 16 48 93 8 87 70 80 98 70 7 65 11 22 12 9 67 24 20 22 96 54 37 88 33 9 37 44 75 33 76 76 67 95 45 6 54 52 68 56 24 76 34 2 99 8 30 7 42 42 71 74 7 35 29 30 3 8 50 86 47 54 17 7 64 3 23 37 71 17 7 53 49 67 95 96 44 74 35 29 58 98 96 94 45 42 16 0 6 55 94 49 3 52 29 86 30 61 47 18 49 93 43 12 35 91 20 18 92 3 88 94 98 68 12 70 60 17 71 4 
78 61 58 43 12 70 14 89 69 16 45 62 66 53 61 81 1 42 56 85 21 22 33 13 88 58 97 70 15 72 30 89 38 74 51 16 87 21 60 14 4 49 28 41 77 22 40 8 40 67 3 69 25 51 88 15 94 54 1 97 69 35 20 26 20 92 37 93 87 13 27 21 64 43 4 6 73 70 42 25 98 14 66 14 96 54 35 66 66 33 1 17 8 90 69 46 10 29 13 16 16 62 89 77 28 72 33 33 60 33 59 3 6 0 39 40 64 74 11 80 15 32 97 98 30 21 56 72 99 31 85 97 35 95 6 11 54 94 67 58 87 21 47 33 35 
73 35 36 79 12 50 19 52 70 68 17 79 7 67 1 55 34 64 69 35 72 84 94 97 23 81 50 35 15 2 36 75 54 58 98 75 67 84 31 61 15 66 31 38 84 11 19 55 72 13 43 37 23 78 28 94 92 47 77 12 21 14 53 88 85 37 42 37 82 84 39 93 98 19 73 88 72 32 28 83 90 89 79 27 11 56 75 40 6 43 72 16 77 18 54 50 13 63 45 49 94 44 51 67 60 29 61 59 20 60 76 4 55 39 0 94 56 41 70 14 75 27 56 69 86 72 21 6 88 61 82 91 58 73 95 29 93 22 2 63 54 12 21 36 29 
76 33 42 83 53 75 24 23 62 74 65 8 80 22 15 13 50 8 83 88 80 80 15 47 50 3 56 62 50 4 12 37 91 51 93 60 19 16 46 83 99 17 69 63 7 80 65 12 37 59 18 77 88 56 45 27 65 33 22 11 53 70 20 21 71 16 22 13 35 59 9 55 90 36 2 49 14 4 18 16 62 17 43 74 66 70 24 98 10 31 32 82 43 49 22 41 42 99 69 53 72 65 67 39 95 48 25 11 36 23 92 23 94 40 94 0 81 15 48 15 90 58 78 24 79 68 79 29 65 85 44 50 77 55 24 4 79 74 85 55 79 30 49 41 81 
77 20 82 39 77 47 46 11 88 47 31 33 93 82 61 86 78 3 69 59 9 63 31 41 56 65 7 33 89 47 53 66 89 21 22 20 87 47 69 60 10 33 26 59 22 62 79 90 40 87 16 45 16 67 45 72 89 9 85 84 60 48 60 1 45 15 2 55 47 29 82 61 83 64 51 73 76 96 27 59 50 33 24 71 91 20 10 37 18 3 43 70 44 66 93 52 24 7 64 95 80 1 48 72 79 5 2 28 90 8 27 86 49 64 56 81 0 87 38 2 9 48 90 77 85 11 31 95 15 14 83 25 33 17 79 53 25 86 9 69 50 12 11 18 12 
44 68 3 49 69 28 96 32 67 21 83 4 4 95 67 11 32 47 12 2 24 70 39 18 89 74 33 48 46 62 77 57 34 30 86 51 92 39 58 88 76 18 94 6 15 40 69 37 71 33 51 48 76 37 44 91 64 33 92 94 37 91 24 38 67 66 85 89 41 71 11 23 88 60 65 79 63 32 65 26 96 17 25 96 13 73 10 85 88 80 59 70 16 20 24 89 71 75 8 18 68 75 95 54 60 62 26 84 92 26 93 14 3 74 41 15 87 0 34 90 40 78 62 67 51 77 84 72 6 33 61 42 79 84 7 38 41 15 38 29 40 80 77 55 77 
21 25 86 82 46 34 53 10 20 67 11 68 33 35 96 82 58 76 37 41 61 68 97 94 4 96 30 19 87 7 38 78 35 33 76 23 99 20 20 84 79 78 51 80 42 89 59 81 17 49 26 45 68 63 25 75 71 75 80 53 3 6 59 72 56 78 35 36 22 43 64 30 92 33 29 56 43 12 51 67 52 91 27 44 8 91 83 21 18 26 29 66 75 64 92 14 58 60 4 53 70 97 6 12 51 52 64 46 21 81 29 84 52 11 70 48 38 34 0 16 75 43 56 64 61 7 62 46 81 91 15 72 88 10 85 72 64 65 51 14 37 43 58 9 68 
31 84 94 6 65 73 34 7 37 95 46 96 86 62 40 79 59 53 58 86 57 9 88 79 29 50 94 92 31 4 79 71 26 44 44 3 99 61 83 3 82 59 68 87 66 91 51 59 11 46 64 52 24 37 19 27 60 32 53 31 69 55 77 87 86 31 88 92 65 25 16 84 1 94 20 42 81 22 54 1 73 60 15 5 60 90 9 67 13 11 93 78 32 27 50 24 76 53 30 31 6 1 41 64 11 2 15 3 69 78 73 11 29 80 14 15 2 90 16 0 92 36 62 63 30 60 3 25 75 38 87 31 44 83 71 21 84 90 61 71 53 5 94 95 5 
37 95 37 92 90 69 55 31 18 13 89 58 45 92 72 72 74 67 28 38 10 73 1 62 25 32 79 92 84 9 70 17 79 92 4 76 37 7 32 34 65 12 3 75 79 72 54 77 26 56 52 21 55 14 76 6 96 60 57 31 27 98 36 74 96 54 86 95 89 5 80 30 16 58 35 98 32 42 84 61 12 64 74 12 52 10 72 46 76 29 41 64 49 33 52 42 24 9 87 3 42 1 92 41 92 91 11 54 41 66 8 57 86 15 75 90 9 40 75 92 0 84 15 63 8 8 49 21 83 3 82 76 52 93 98 54 32 59 47 52 5 4 25 3 31 
8 39 47 9 41 40 15 68 22 26 79 97 30 86 8 85 77 26 80 59 47 44 38 36 21 32 20 74 78 37 25 43 20 48 85 76 49 24 71 92 74 67 99 45 69 84 44 64 48 33 55 3 59 66 80 99 28 50 67 63 22 33 73 26 60 61 72 11 19 91 59 85 72 28 27 89 47 2 22 86 74 30 47 49 77 16 42 46 6 15 32 56 87 2 70 36 55 5 63 38 61 32 34 15 85 75 59 45 76 89 76 93 30 32 27 58 48 78 43 36 84 0 55 29 28 42 40 39 23 84 32 17 5 44 32 95 81 26 36 44 65 65 98 32 24 
46 48 81 41 8 33 58 19 78 1 60 47 47 61 17 30 29 38 2 8 61 96 67 59 66 42 29 82 72 85 70 98 84 47 7 51 15 32 61 10 84 34 86 11 39 46 48 24 12 27 28 47 67 53 1 76 55 12 92 22 45 13 71 33 63 68 15 97 18 25 22 61 31 77 73 30 71 59 9 68 43 94 15 11 23 93 88 66 10 33 75 97 11 85 54 19 91 44 63 51 86 75 80 25 23 25 48 78 79 32 55 41 61 97 56 78 90 62 56 62 15 55 0 61 22 74 25 12 98 25 8 43 90 66 59 79 59 13 18 35 80 9 34 56 21 
69 6 28 70 8 98 62 13 27 98 98 90 68 93 67 13 77 4 13 25 66 90 43 32 88 40 79 13 59 49 30 58 53 58 2 42 41 92 76 3 16 8 57 7 92 13 51 33 79 16 45 77 16 27 55 68 36 12 89 23 43 28 31 91 77 85 83 88 51 86 6 40 82 89 87 38 30 86 10 18 99 74 36 51 34 36 47 78 44 7 35 70 22 16 1 70 2 75 36 57 18 41 6 80 38 41 39 98 15 53 16 40 47 98 69 24 77 67 64 63 63 29 61 0 13 65 36 13 17 49 35 84 72 46 21 55 20 88 27 90 98 80 87 7 69 
58 80 73 6 34 8 41 74 33 99 43 22 67 99 62 64 54 26 2 25 63 77 62 31 10 15 42 42 63 82 78 94 76 80 66 9 46 1 34 77 65 7 19 33 54 20 48 66 64 60 59 37 92 73 47 16 30 55 79 43 43 92 81 32 81 96 4 68 17 74 2 50 88 8 26 1 18 99 13 50 79 35 22 94 19 67 75 8 1 72 41 52 92 79 61 15 51 51 8 91 39 12 78 68 30 97 14 32 48 3 62 45 18 30 86 79 85 51 61 30 8 28 22 13 0 22 45 50 97 12 43 62 18 18 44 5 20 6 51 33 42 84 13 12 28 
83 64 29 8 59 34 73 75 9 78 65 93 29 92 70 8 59 85 9 84 22 73 19 49 12 3 93 58 43 15 25 6 85 2 97 48 79 84 18 44 53 5 13 41 81 45 88 80 44 57 80 46 27 90 95 78 29 9 96 57 49 99 90 99 96 85 10 31 32 29 15 79 53 6 24 95 48 23 17 80 98 29 67 96 37 9 70 39 86 96 26 55 24 83 13 61 75 96 43 67 93 72 67 73 13 37 76 80 74 26 87 67 49 21 72 68 11 77 7 60 8 42 74 65 22 0 60 89 63 74 84 16 49 89 61 67 99 28 8 86 28 9 42 28 41 
97 88 3 79 8 63 66 92 9 12 6 85 58 75 51 71 32 65 90 42 14 59 1 31 22 48 25 71 19 16 43 90 64 13 19 84 64 72 79 82 48 63 25 9 95 20 95 76 94 31 5 15 25 93 2 25 33 10 57 96 54 70 52 64 13 86 45 67 20 88 81 67 48 88 62 1 38 43 74 74 83 56 79 2 47 89 98 20 89 44 57 10 45 56 20 88 9 22 56 66 2 60 31 31 21 52 43 17 15 5 24 75 93 56 21 79 31 84 62 3 49 40 25 36 45 60 0 83 93 21 91 27 93 83 56 21 21 19 44 43 91 11 19 51 86 
14 33 14 38 35 15 23 66 21 91 91 59 85 9 59 83 95 1 64 95 23 69 46 97 59 36 90 3 59 49 11 88 97 40 54 28 1 10 97 18 27 1 38 67 13 85 55 74 42 67 12 25 6 92 20 27 54 73 10 93 5 18 63 10 81 64 26 39 80 98 35 26 54 43 4 76 13 9 26 19 60 72 25 53 23 96 98 53 18 36 74 17 25 53 28 67 65 11 76 87 16 76 16 31 67 88 43 32 1 67 20 77 43 72 6 29 95 72 46 25 21 39 12 13 50 89 83 0 2 39 9 17 42 46 79 68 57 68 5 71 57 86 18 80 80 
11 43 42 79 5 78 3 86 69 25 77 65 44 76 80 64 14 53 91 28 28 59 83 97 88 51 11 35 76 44 66 30 80 20 8 10 55 68 1 89 54 22 70 96 90 64 75 63 24 28 37 85 27 48 71 57 98 90 12 38 17 31 50 33 19 69 49 31 96 57 36 66 49 65 54 16 62 21 64 41 67 46 85 59 33 80 56 60 64 46 77 53 27 57 13 23 70 65 97 6 50 6 45 98 53 84 55 51 65 87 75 29 12 99 88 65 15 6 81 75 83 23 98 17 97 63 93 2 0 75 2 28 87 63 22 99 16 61 30 76 88 54 79 66 65 
24 75 37 34 6 44 87 54 83 55 56 41 95 82 15 65 39 82 16 33 26 82 95 21 95 33 70 81 13 44 86 96 99 56 71 71 21 66 83 54 17 21 65 73 78 42 66 18 34 94 22 72 45 99 71 79 78 96 85 44 50 34 44 67 19 69 88 45 41 15 86 60 63 78 22 51 61 71 12 92 34 50 24 68 54 70 60 33 27 93 2 26 86 23 88 73 76 67 66 15 24 20 33 86 16 68 41 90 24 23 25 67 35 31 61 85 14 33 91 38 3 84 25 49 12 74 21 39 75 0 40 67 37 15 96 43 3 61 36 51 86 51 82 92 7 
82 67 41 28 62 62 2 43 55 48 43 79 94 28 78 45 92 47 86 15 18 64 72 7 65 33 16 67 29 58 54 70 42 60 47 19 85 3 42 51 26 38 59 58 61 64 4 87 89 21 93 31 94 13 35 2 81 73 60 86 21 58 13 69 9 22 70 65 31 10 39 94 12 74 84 6 33 55 48 78 7 42 10 97 44 85 2 29 29 29 13 22 27 58 17 28 97 69 88 12 41 31 76 14 3 3 97 8 89 31 88 14 91 85 82 44 83 61 15 87 82 32 8 35 43 84 91 9 2 40 0 72 13 9 17 19 56 49 31 6 66 36 50 92 34 
8 89 19 52 51 86 73 7 86 78 21 79 21 26 13 70 88 85 81 26 33 93 71 75 79 42 47 88 46 86 21 87 39 58 26 79 24 66 68 76 8 51 1 25 58 31 45 66 47 49 10 94 81 54 63 22 77 48 14 96 20 14 97 77 60 27 94 90 54 20 58 99 11 46 95 65 58 52 20 95 39 41 95 57 95 55 9 25 88 28 54 58 43 76 70 11 87 52 49 43 36 95 45 70 42 68 57 60 69 58 68 11 20 97 91 50 25 42 72 31 76 17 43 84 62 16 27 17 28 67 72 0 43 86 36 16 52 37 9 38 31 86 42 77 64 
25 99 98 78 77 37 52 10 94 41 89 63 53 87 12 76 60 18 85 14 94 53 97 36 88 43 30 72 50 68 14 42 40 67 35 70 56 48 86 7 25 59 65 95 52 52 12 6 26 39 91 96 82 43 10 79 84 74 49 73 34 3 51 65 47 44 78 17 66 65 8 80 54 4 30 4 33 15 75 62 11 45 47 58 31 37 64 39 2 16 85 26 97 64 97 56 14 91 2 79 75 45 5 82 58 65 99 51 46 76 53 65 18 35 58 77 33 79 88 44 52 5 90 72 18 49 93 42 87 37 13 43 0 95 42 56 83 12 23 49 28 73 4 36 49 
75 31 39 31 46 13 72 37 75 60 69 63 32 37 80 89 47 55 28 79 15 38 54 37 72 96 45 15 95 47 27 82 7 89 56 62 60 87 63 37 5 82 14 34 15 12 53 77 46 23 22 12 68 17 5 1 4 77 33 95 65 74 33 35 72 38 35 99 51 73 57 61 51 70 17 84 86 77 26 81 17 96 97 72 31 85 80 89 78 10 61 50 18 32 90 21 29 96 58 15 41 26 16 78 2 28 70 15 52 38 12 63 92 95 73 55 17 84 10 83 93 44 66 46 18 89 83 46 63 15 9 86 95 0 80 45 45 8 28 54 35 38 45 30 9 
93 18 64 44 97 54 88 88 90 96 19 48 26 15 96 35 63 36 94 37 86 48 1 74 87 17 20 27 23 51 7 52 9 58 72 84 41 26 35 95 10 79 22 48 68 54 57 60 31 65 13 51 58 49 63 91 89 12 46 2 85 35 35 2 98 5 76 76 85 1 81 50 71 77 23 77 23 3 43 84 33 5 90 93 16 81 79 73 34 95 45 52 76 44 33 71 62 6 81 85 36 70 11 5 98 21 1 90 43 59 17 75 3 6 95 24 79 7 85 71 98 32 59 21 44 61 56 79 22 96 17 36 42 80 0 97 70 9 65 90 28 63 80 81 69 
21 69 47 47 22 27 78 60 24 80 93 28 64 4 35 15 87 79 8 25 53 52 43 39 83 84 84 40 77 3 32 47 1 54 64 36 38 20 25 17 26 7 38 95 49 32 41 45 95 62 46 73 66 21 49 61 70 70 20 17 46 52 55 25 75 34 40 68 4 93 18 72 53 97 17 50 10 63 44 4 14 58 1 71 97 9 48 91 81 32 40 47 18 96 95 26 78 37 53 1 50 32 14 26 63 28 17 58 90 34 70 3 88 11 29 4 53 38 72 21 54 95 79 55 5 67 21 68 99 43 19 16 56 45 97 0 68 92 82 67 74 10 82 11 57 
33 65 90 10 93 83 63 9 95 90 50 72 53 93 7 60 62 61 15 4 26 24 41 72 1 29 75 91 57 1 84 59 88 56 95 36 3 5 98 77 37 47 99 53 55 75 15 93 87 85 98 69 1 8 47 75 58 58 84 27 35 16 84 65 65 41 28 32 29 95 45 55 64 99 60 79 44 76 98 2 86 12 24 1 33 8 93 94 16 54 56 95 43 35 91 95 98 37 46 4 29 75 72 60 46 15 51 44 35 57 24 24 94 54 93 79 25 41 64 84 32 81 59 20 20 99 21 57 16 3 56 52 83 45 70 68 0 98 85 75 41 1 45 28 24 
13 61 3 68 72 13 49 54 91 32 84 43 60 85 70 89 40 51 76 57 61 71 40 57 43 32 80 59 90 82 50 40 43 3 12 57 35 53 73 99 90 13 15 92 10 92 39 30 26 88 29 95 12 85 49 53 89 95 34 2 36 8 91 17 78 45 14 1 16 38 86 70 50 27 33 64 70 28 81 45 39 55 64 40 85 25 62 68 48 71 90 90 53 76 79 25 30 44 96 60 87 30 54 27 44 18 49 43 86 83 40 56 98 94 22 74 86 15 65 90 59 26 13 88 6 28 19 68 61 61 49 37 12 8 9 92 98 0 69 12 33 48 21 62 69 
66 79 99 4 93 26 1 88 14 57 16 15 18 73 86 34 72 47 13 94 84 1 25 72 35 92 45 46 39 59 66 84 19 34 13 54 70 71 13 63 81 62 18 12 23 69 98 57 97 68 40 80 34 24 91 88 81 45 84 98 89 72 46 5 79 95 46 24 74 42 77 43 18 54 43 20 98 8 55 38 16 24 24 3 41 79 13 79 78 22 68 33 54 97 7 88 64 66 22 72 31 91 14 24 4 77 12 95 85 33 38 50 68 67 2 85 9 38 51 61 47 36 18 27 51 8 44 5 30 36 31 9 23 28 65 82 85 69 0 22 75 91 98 73 72 
95 18 29 68 26 2 43 19 12 34 18 94 23 44 45 25 3 24 62 32 69 24 41 68 67 12 99 83 87 19 55 16 45 45 50 23 44 5 51 23 53 50 91 37 34 11 14 57 38 70 3 63 19 77 81 44 48 4 47 53 25 77 46 87 47 32 90 84 42 30 72 16 45 78 30 74 39 42 83 63 91 46 8 19 32 9 36 86 74 67 65 38 74 57 43 13 57 68 90 93 40 5 57 62 48 92 79 78 59 74 35 10 12 58 63 55 69 29 14 71 52 44 35 90 33 86 43 71 76 51 6 38 49 54 90 67 75 12 22 0 17 40 38 60 75 
61 40 79 55 98 42 40 22 43 39 62 52 55 9 71 4 60 66 21 29 90 23 93 50 58 39 13 85 12 46 1 76 44 54 80 14 91 23 64 71 70 52 90 7 99 21 47 68 7 67 48 49 61 38 11 64 19 22 55 60 61 13 9 78 2 57 19 78 42 56 85 37 29 8 17 91 5 22 39 63 2 61 29 73 35 10 35 2 38 61 42 39 88 2 13 70 86 26 74 49 16 59 23 39 88 11 15 29 67 76 30 81 70 87 54 79 50 40 37 53 5 65 80 98 42 28 91 57 88 86 66 31 28 35 28 74 41 33 75 17 0 75 4 87 94 
25 36 76 98 2 56 4 68 11 93 8 19 14 56 73 42 26 1 38 77 25 88 73 62 93 88 87 53 20 66 51 94 94 38 68 49 41 63 65 70 55 28 23 61 57 88 62 54 23 8 71 83 6 16 71 29 35 65 73 54 13 22 53 24 36 57 2 90 52 50 88 39 96 31 44 58 38 44 20 22 48 7 65 41 66 94 17 43 25 38 96 4 97 50 33 19 63 28 8 10 89 79 59 89 5 90 32 55 59 89 73 12 60 21 12 30 12 80 43 5 4 65 9 80 84 9 11 86 54 51 36 86 73 38 63 10 1 48 91 40 75 0 62 42 71 
83 82 59 64 14 56 58 15 89 21 65 79 31 18 13 31 58 33 63 3 58 60 32 83 7 17 78 14 89 28 82 94 6 63 55 22 84 60 34 83 26 60 21 30 81 73 6 18 30 16 51 36 6 5 26 59 70 32 66 80 82 67 79 72 83 99 38 10 44 19 53 43 89 65 16 48 74 20 7 25 96 38 49 31 35 81 99 54 26 98 47 3 41 86 90 45 97 3 1 8 40 85 48 83 40 59 33 69 89 40 58 5 17 47 21 49 11 77 58 94 25 98 34 87 13 42 19 18 79 82 50 42 4 45 80 82 45 21 98 38 4 62 0 31 84 
98 29 43 81 39 65 44 21 25 15 56 11 24 61 47 23 33 13 67 61 64 9 5 99 71 57 50 10 51 97 38 53 3 74 70 8 61 41 60 16 42 15 51 50 15 78 62 13 84 26 19 13 72 16 20 92 77 44 72 56 37 10 90 81 66 85 69 28 65 16 34 40 50 71 18 68 6 80 5 97 63 72 15 52 75 91 12 3 5 58 19 38 7 41 72 12 8 47 15 24 34 85 64 85 69 75 83 39 88 66 96 33 71 33 36 41 18 55 9 95 3 32 56 7 12 28 51 80 66 92 92 77 36 30 81 11 28 62 73 60 87 42 31 0 82 
3 23 27 29 86 16 54 86 48 10 3 36 51 33 83 54 31 91 34 60 13 3 30 84 3 10 32 26 75 84 77 57 63 61 82 7 46 70 36 96 19 22 73 56 32 1 15 53 32 95 92 82 15 9 9 13 85 37 57 76 39 37 22 22 7 15 21 40 75 58 39 52 43 72 69 66 34 74 94 60 69 44 77 58 16 13 16 12 16 72 46 6 1 65 75 47 28 27 34 23 81 28 51 14 6 8 99 61 47 89 4 88 4 35 29 81 12 77 68 5 31 24 21 69 28 41 86 80 65 7 34 64 49 9 69 57 24 69 72 75 94 71 84 82 0 
