150
0 38 13 73 10 76 6 80 65 17 2 77 72 7 26 51 21 19 85 12 29 30 15 51 69 88 88 95 97 87 14 10 8 64 62 23 58 2 1 61 82 9 89 14 48 73 31 72 4 71 22 50 58 4 69 25 44 77 27 53 81 42 83 16 65 69 26 99 88 8 27 26 23 10 68 24 28 38 58 84 39 9 33 35 11 24 16 88 26 72 93 75 63 47 33 89 24 56 66 78 4 1 78 7 53 86 71 3 77 92 22 76 8 78 73 76 77 44 21 31 37 8 46 69 58 83 97 14 11 24 82 8 25 75 93 21 33 13 66 95 61 25 83 98 3 93 99 11 55 97 
38 0 83 87 71 67 72 49 55 16 6 18 43 21 49 23 14 98 54 85 11 97 56 62 57 90 22 97 84 26 15 14 85 44 7 78 57 60 16 25 10 67 72 54 70 37 22 41 78 92 50 48 78 41 79 46 88 17 29 46 68 67 79 47 1 30 64 76 36 54 94 34 3 85 84 49 55 33 29 56 83 32 29 95 75 9 33 9 85 78 51 80 42 65 84 25 21 45 16 31 92 15 20 27 87 8 54 48 61 35 33 20 68 25 84 95 39 48 6 80 64 88 33 43 75 67 89 99 31 18 69 65 61 79 18 40 36 82 29 23 39 42 75 78 71 26 49 51 63 45 
13 83 0 55 1 87 17 20 10 93 52 11 69 24 15 64 22 47 4 57 89 81 47 55 80 72 15 78 16 26 54 85 59 86 30 45 38 23 92 55 77 13 60 27 77 72 88 40 44 77 39 92 70 99 34 44 27 57 70 74 53 90 28 44 2 83 95 97 27 85 31 65 23 99 53 4 71 13 40 84 49 62 71 14 37 24 23 67 93 96 54 10 42 58 89 94 77 83 12 37 17 31 85 58 36 42 82 3 86 94 37 47 81 28 73 29 3 14 42 37 41 19 98 39 64 47 90 3 99 29 79 76 59 43 27 22 59 17 93 38 12 23 7 97 15 88 76 36 64 33 
73 87 55 0 92 50 1 23 98 71 37 19 28 29 53 95 51 47 8 86 17 30 12 62 15 31 9 41 49 31 24 67 93 65 13 18 34 11 29 76 6 82 6 43 87 53 58 57 79 88 82 11 73 49 20 13 26 78 17 5 89 28 51 69 4 59 13 3 77 97 97 62 16 75 13 19 31 60 6 17 96 97 61 44 32 45 25 63 80 22 20 78 34 5 40 68 35 35 43 79 83 39 49 82 6 92 9 41 70 6 8 79 38 79 34 28 52 78 31 44 47 10 68 4 68 55 98 64 81 29 38 65 38 94 19 79 71 93 53 11 33 47 64 94 19 37 30 40 29 55 
10 71 1 92 0 30 56 91 28 61 13 18 72 92 8 84 57 52 33 77 63 52 97 31 23 6 92 96 23 77 23 19 94 30 19 53 32 50 99 84 94 46 52 87 16 72 49 29 84 28 44 20 80 71 89 87 12 66 94 16 52 99 87 46 64 43 23 83 41 45 17 18 89 1 98 83 72 15 37 27 33 2 49 89 23 35 95 22 69 68 49 19 98 12 12 53 77 69 46 65 90 41 8 8 34 59 8 35 5 6 62 51 77 46 97 22 93 72 93 26 98 2 14 39 86 28 39 85 34 2 32 39 29 76 32 52 67 68 33 75 33 98 6 1 38 73 44 25 17 97 
76 67 87 50 30 0 97 42 25 22 28 47 36 63 69 63 33 46 89 43 58 26 33 34 7 66 52 32 8 14 4 29 16 30 67 62 84 97 59 83 35 31 58 97 50 47 84 42 21 41 51 5 10 1 91 22 75 22 34 39 38 44 34 96 42 72 70 71 24 87 40 32 38 39 57 88 29 37 67 11 85 1 17 31 4 79 60 54 70 50 75 47 28 34 73 69 40 33 98 8 34 63 15 78 44 62 86 37 13 54 27 83 13 26 2 42 56 56 65 16 93 41 61 71 50 51 33 91 21 53 39 66 81 58 53 90 20 95 65 43 48 22 98 2 90 39 13 19 78 78 
6 72 17 1 56 97 0 89 91 84 40 99 16 38 97 37 99 2 33 31 8 51 51 33 44 42 70 2 98 52 31 83 50 82 83 96 72 22 19 47 45 92 10 5 78 64 24 96 60 65 83 32 2 85 79 69 55 26 84 28 57 93 9 56 77 47 50 12 9 62 75 24 89 90 83 83 6 43 47 22 52 74 43 14 19 24 46 96 53 34 55 15 58 62 41 73 66 23 3 87 2 73 52 72 88 78 63 49 1 43 40 4 58 44 54 44 75 99 98 76 60 67 75 92 6 27 68 32 12 4 55 2 14 60 57 82 9 39 5 71 77 74 6 80 85 60 32 91 8 67 
80 49 20 23 91 42 89 0 33 47 76 83 45 65 38 48 74 91 85 16 66 53 70 67 90 29 20 18 6 80 11 30 18 82 47 8 18 87 62 65 8 30 56 29 44 99 56 6 51 93 64 53 35 99 84 78 38 90 55 5 44 12 30 77 90 33 51 52 43 24 90 44 89 96 29 65 87 59 89 52 23 11 32 10 7 31 68 19 13 74 75 92 66 86 54 43 7 10 37 88 60 9 54 88 19 22 68 15 21 86 10 43 67 21 17 59 78 43 36 76 29 86 35 45 93 83 9 31 65 78 19 39 12 57 53 84 77 69 26 70 32 60 63 30 67 33 72 61 94 73 
65 55 10 98 28 25 91 33 0 28 98 94 69 39 61 98 10 68 79 64 21 36 56 29 46 93 57 52 5 80 76 32 77 53 39 84 81 75 71 27 58 31 65 39 19 96 42 96 58 49 43 53 23 65 71 62 61 97 28 1 27 51 21 27 66 78 19 61 83 60 63 39 24 69 70 62 88 67 20 37 18 22 78 27 33 9 9 21 69 83 55 86 94 75 90 24 95 91 14 12 43 11 89 25 48 69 44 92 14 7 3 68 94 5 29 36 83 78 47 79 7 92 81 21 24 64 72 7 22 65 51 91 10 93 68 86 34 72 9 52 34 62 8 60 42 28 52 41 72 46 
17 16 93 71 61 22 84 47 28 0 95 10 89 47 59 22 55 1 20 20 86 28 98 22 95 19 68 36 96 30 23 57 11 43 73 32 13 83 8 88 9 62 24 35 95 4 56 69 16 25 95 63 27 99 48 88 36 17 88 91 79 88 58 25 56 50 53 25 16 68 74 47 21 67 95 13 26 1 98 99 78 12 91 25 55 48 78 41 60 96 80 90 32 57 34 39 93 21 15 10 68 82 80 4 48 71 43 6 21 58 60 55 78 25 59 80 37 81 59 52 64 74 84 89 83 56 79 71 28 24 54 70 69 24 47 40 67 78 27 25 18 88 2 46 59 22 18 57 34 44 
2 6 52 37 13 28 40 76 98 95 0 76 99 3 97 91 84 27 27 53 56 8 63 32 80 93 77 47 88 71 70 56 93 99 88 86 75 16 15 57 88 2 85 76 77 91 19 63 46 66 53 29 88 39 21 98 52 60 95 65 15 98 53 45 17 65 31 83 11 46 89 79 60 98 43 65 6 91 77 56 43 21 89 69 19 93 50 84 16 18 62 8 65 56 3 91 5 17 78 69 31 53 85 37 99 60 32 36 33 51 52 6 34 1 10 32 36 89 61 39 12 45 44 8 63 57 97 94 53 25 44 52 11 95 50 19 11 62 40 7 8 80 13 1 4 52 16 68 82 60 
77 18 11 19 18 47 99 83 94 10 76 0 67 16 62 65 20 45 88 62 22 1 64 95 85 2 85 61 77 23 15 25 47 33 81 71 55 25 78 90 36 58 32 40 15 94 49 14 20 16 98 42 36 26 52 35 23 34 62 79 8 33 4 68 96 58 97 47 90 22 93 85 59 65 41 79 79 63 63 48 28 72 43 15 94 52 19 79 11 36 50 94 80 90 5 6 87 30 54 81 73 30 39 79 55 43 65 69 45 85 74 51 81 51 36 73 16 40 3 36 98 80 16 16 95 67 35 84 94 19 75 19 26 18 50 38 21 41 53 24 19 80 52 33 38 31 41 51 74 69 
72 43 69 28 72 36 16 45 69 89 99 67 0 81 16 64 65 92 21 55 24 7 25 1 49 81 29 89 2 74 22 1 77 33 41 82 84 31 88 54 34 83 23 4 35 50 89 71 38 34 13 38 80 66 7 80 93 4 33 86 45 30 47 68 67 29 58 85 44 95 94 21 53 32 26 64 53 60 18 23 55 14 31 24 51 22 72 4 24 13 78 8 53 31 27 9 97 85 82 74 40 57 61 26 66 96 28 19 87 2 35 3 18 86 12 94 54 60 83 12 84 4 84 1 94 86 52 92 33 87 85 82 6 12 70 10 47 75 94 33 39 43 64 24 41 64 64 32 19 41 
7 21 24 29 92 63 38 65 39 47 3 16 81 0 6 93 80 83 75 41 26 69 50 83 87 47 14 22 81 82 95 50 52 15 31 11 86 5 8 55 60 85 99 42 36 57 14 12 53 67 22 82 95 35 62 92 86 61 93 99 92 75 9 76 82 28 26 87 37 15 4 93 85 73 44 9 56 18 61 33 99 84 28 96 53 51 81 92 80 27 38 25 57 41 53 39 20 45 21 64 22 66 69 93 19 69 17 79 60 57 45 36 40 62 33 68 54 63 76 9 35 34 93 26 68 2 99 9 90 28 30 90 78 11 62 17 80 75 77 98 1 31 4 82 65 39 68 31 22 27 
26 49 15 53 8 69 97 38 61 59 97 62 16 6 0 96 11 70 34 37 10 1 56 70 11 4 40 78 38 17 26 47 8 44 1 57 15 56 56 53 79 98 54 61 1 15 61 67 96 40 72 8 17 67 62 70 51 59 80 15 78 13 12 80 96 35 7 70 86 45 71 73 13 47 83 8 30 61 83 74 47 87 85 98 48 89 74 77 88 46 37 88 40 38 7 44 59 2 84 30 49 56 46 9 35 30 1 80 20 5 72 2 9 27 41 90 33 71 97 8 39 82 30 4 75 51 92 17 50 43 71 9 32 26 35 55 98 97 71 6 64 95 25 47 21 23 1 70 23 28 
51 23 64 95 84 63 37 48 98 22 91 65 64 93 96 0 26 65 46 39 58 53 53 33 70 80 6 34 65 54 54 54 13 81 97 34 52 56 81 55 13 86 11 82 79 72 85 30 13 64 8 71 83 64 65 45 70 76 89 35 15 60 89 34 25 4 42 31 23 54 97 92 92 83 98 37 7 39 99 32 63 48 63 35 72 43 21 91 51 23 3 64 1 93 6 73 53 10 95 98 12 99 41 92 77 88 62 3 23 83 94 99 48 30 96 99 81 2 76 2 53 93 65 76 79 63 77 49 37 50 15 74 22 33 72 1 47 25 81 38 17 53 69 93 91 8 61 10 35 64 
21 14 22 51 57 33 99 74 10 55 84 20 65 80 11 26 0 67 69 14 67 92 1 35 71 17 38 18 39 83 15 38 63 1 34 50 78 32 58 59 74 77 29 77 54 59 32 95 14 39 92 88 60 47 63 87 62 40 72 3 60 26 58 33 31 53 92 42 79 58 46 86 26 74 75 7 3 31 78 79 92 97 43 19 84 90 89 57 43 5 12 25 23 7 5 80 29 54 31 22 28 6 36 73 83 49 52 95 25 77 41 86 29 41 48 24 29 85 90 38 6 24 69 21 14 57 30 29 92 55 29 64 82 61 70 84 73 80 49 53 93 93 97 58 95 40 91 79 62 58 
19 98 47 47 52 46 2 91 68 1 27 45 92 83 70 65 67 0 6 77 26 80 94 38 45 61 16 93 42 64 8 3 47 76 53 67 26 38 4 26 85 65 1 53 82 47 85 18 55 36 79 61 51 47 24 66 1 33 13 91 76 26 56 70 6 15 88 3 92 65 99 88 59 25 46 15 78 87 33 92 73 39 84 21 25 72 28 38 96 83 17 55 97 53 74 6 67 81 95 51 3 90 33 8 90 86 37 67 74 12 36 43 40 53 94 85 21 74 8 53 70 58 63 90 84 17 29 46 83 82 69 68 62 84 70 39 75 64 73 13 35 25 84 35 23 90 41 88 76 78 
85 54 4 8 33 89 33 85 79 20 27 88 21 75 34 46 69 6 0 39 76 22 16 56 69 83 69 12 37 58 28 80 2 13 2 9 90 64 91 16 86 81 85 28 94 8 15 76 13 62 21 38 63 67 34 58 75 73 6 1 3 5 65 58 36 31 5 76 81 15 3 53 55 16 97 89 1 60 63 2 92 68 82 42 84 45 98 7 88 57 50 48 73 60 94 83 81 99 93 39 11 88 66 96 89 60 74 96 92 35 51 52 83 83 52 92 25 56 69 66 38 58 98 88 45 58 42 33 28 56 64 81 92 77 57 27 63 54 93 23 39 21 59 44 20 46 76 38 85 35 
12 85 57 86 77 43 31 16 64 20 53 62 55 41 37 39 14 77 39 0 88 59 2 41 86 38 59 8 25 25 84 42 95 28 33 15 26 14 79 37 25 4 57 94 32 29 77 3 61 60 73 41 16 38 8 83 39 48 61 61 49 83 9 86 69 40 64 55 14 62 41 74 75 69 25 26 34 19 79 47 79 8 78 9 39 50 15 18 46 58 78 88 27 32 59 24 38 43 94 90 82 97 27 47 19 25 40 76 40 7 69 40 47 22 68 74 25 72 33 13 87 66 8 3 97 21 4 86 95 36 18 18 56 44 53 96 26 90 30 52 68 48 21 72 80 9 24 61 57 10 
29 11 89 17 63 58 8 66 21 86 56 22 24 26 10 58 67 26 76 88 0 47 61 66 63 22 14 23 28 26 18 33 94 15 86 53 26 61 84 69 90 25 58 64 13 19 27 78 26 1 23 15 75 40 76 20 10 72 54 67 28 89 3 72 86 20 15 14 98 83 23 62 82 12 29 45 3 4 11 32 92 97 30 56 30 34 42 66 50 26 86 49 54 49 1 39 8 22 6 16 78 81 64 98 31 33 73 45 41 68 25 79 68 51 49 36 53 32 2 65 32 19 67 16 44 40 21 2 1 46 83 30 27 8 53 4 22 84 80 63 70 68 9 73 44 96 90 77 73 59 
30 97 81 30 52 26 51 53 36 28 8 1 7 69 1 53 92 80 22 59 47 0 69 59 82 64 93 53 38 48 52 24 71 1 24 23 88 60 9 3 19 4 15 80 68 35 82 65 45 43 35 79 45 61 68 43 23 42 69 42 40 81 43 68 99 14 26 39 76 6 93 23 40 74 15 48 72 2 34 71 61 20 16 98 99 54 70 21 36 39 50 82 59 13 76 54 25 96 23 34 25 31 88 1 88 36 46 64 9 42 15 63 11 30 31 38 98 40 11 68 55 78 46 74 69 24 82 65 82 82 33 94 15 31 39 97 88 1 38 67 43 62 19 1 46 83 95 72 71 97 
15 56 47 12 97 33 51 70 56 98 63 64 25 50 56 53 1 94 16 2 61 69 0 54 1 43 41 40 25 41 93 73 32 5 30 36 36 49 31 48 1 80 8 53 10 25 52 86 92 76 15 82 62 41 13 28 45 1 55 65 17 91 18 60 91 96 38 73 84 82 40 44 71 91 24 31 74 64 91 49 45 95 17 60 91 45 86 49 18 52 49 7 77 67 87 36 45 79 99 1 39 19 82 37 49 4 52 49 4 89 58 17 88 64 87 22 34 95 32 69 39 72 70 54 13 97 47 41 18 94 79 62 36 59 32 31 49 31 97 97 21 7 75 36 37 74 39 72 57 72 
51 62 55 62 31 34 33 67 29 22 32 95 1 83 70 33 35 38 56 41 66 59 54 0 68 50 62 83 99 84 86 88 48 1 66 22 22 40 77 61 3 41 78 44 84 60 67 79 86 51 23 38 14 16 85 47 39 90 55 28 30 49 16 74 30 52 50 89 65 14 53 95 60 35 4 65 81 93 58 1 10 91 39 18 14 43 53 10 39 26 58 82 52 70 54 90 70 30 91 63 77 21 56 89 96 2 63 55 11 32 70 96 48 49 11 41 26 73 88 23 50 56 89 4 29 25 21 66 88 10 12 22 59 88 95 65 79 88 72 87 83 1 43 35 67 58 93 7 71 3 
69 57 80 15 23 7 44 90 46 95 80 85 49 87 11 70 71 45 69 86 63 82 1 68 0 13 91 5 1 35 77 9 24 62 28 16 12 86 54 91 48 61 89 30 84 51 70 39 84 75 96 48 6 60 12 36 52 85 74 13 36 17 10 85 59 49 22 48 72 57 52 68 4 93 51 54 88 80 93 40 81 83 83 3 31 86 48 66 42 57 42 80 45 95 80 87 34 55 16 28 38 6 65 35 43 88 45 91 43 45 53 89 58 81 3 65 74 96 50 32 32 42 40 15 3 48 36 51 33 33 42 43 96 17 84 29 32 92 12 39 88 17 57 10 65 84 27 3 39 86 
88 90 72 31 6 66 42 29 93 19 93 2 81 47 4 80 17 61 83 38 22 64 43 50 13 0 31 87 54 32 31 37 16 22 93 48 74 45 5 67 44 19 60 91 30 78 10 24 91 9 92 15 88 48 73 38 42 90 31 40 6 34 75 20 94 38 90 16 13 98 65 1 70 51 48 19 69 68 67 75 70 56 66 82 51 49 5 51 57 79 39 11 95 25 40 59 56 1 39 94 86 96 71 74 56 16 97 50 56 7 33 30 94 79 20 29 79 42 93 25 90 11 70 16 47 30 45 20 84 75 80 45 99 13 87 78 50 32 54 88 93 79 3 70 97 23 43 3 21 57 
88 22 15 9 92 52 70 20 57 68 77 85 29 14 40 6 38 16 69 59 14 93 41 62 91 31 0 40 38 27 22 4 63 29 10 55 2 29 7 45 68 33 30 70 13 91 16 75 93 17 24 16 12 5 72 95 25 81 38 64 61 82 50 79 12 1 48 24 82 91 13 57 82 29 36 81 9 17 7 22 35 48 46 43 26 36 76 27 54 88 75 67 78 61 53 50 37 61 96 48 70 35 62 33 48 19 92 92 74 82 13 42 58 71 3 35 81 67 88 72 15 27 40 91 59 46 83 85 53 14 10 26 48 65 89 40 86 22 46 45 89 84 69 68 71 36 35 25 62 88 
95 97 78 41 96 32 2 18 52 36 47 61 89 22 78 34 18 93 12 8 23 53 40 83 5 87 40 0 74 21 77 73 59 56 16 83 42 64 28 97 83 90 72 74 97 61 90 80 89 23 35 56 8 38 99 1 76 74 64 58 65 40 15 23 27 16 82 77 93 27 50 89 33 26 99 53 61 78 6 47 65 11 98 2 57 73 92 57 22 87 38 73 75 93 15 15 50 89 46 87 31 84 78 72 59 63 43 19 59 76 13 29 46 50 95 23 77 57 90 39 87 12 20 89 51 75 92 91 41 60 3 9 76 72 30 96 11 73 64 14 36 62 28 6 49 37 83 68 7 39 
97 84 16 49 23 8 98 6 5 96 88 77 2 81 38 65 39 42 37 25 28 38 25 99 1 54 38 74 0 19 72 54 16 53 47 98 75 54 4 25 44 26 27 2 7 19 35 32 97 81 99 44 52 37 83 9 3 20 63 95 76 26 36 80 63 77 77 75 71 48 79 32 34 44 10 57 87 47 38 37 11 51 78 20 46 35 36 8 72 2 4 47 62 7 4 9 37 85 49 82 15 16 49 44 44 58 86 68 47 51 3 1 82 59 19 46 66 28 97 84 59 21 97 44 85 12 99 91 47 38 89 41 7 45 31 59 34 66 22 90 58 1 78 68 16 71 4 48 43 2 
87 26 26 31 77 14 52 80 80 30 71 23 74 82 17 54 83 64 58 25 26 48 41 84 35 32 27 21 19 0 82 48 17 69 22 62 30 45 97 67 35 89 87 78 98 39 11 22 17 79 8 54 54 68 78 13 87 86 29 14 62 7 58 46 62 52 94 7 58 41 8 5 93 8 19 52 73 3 83 47 19 87 30 36 12 53 77 38 79 70 25 70 30 78 25 43 11 66 86 54 21 14 27 7 32 84 50 66 55 1 51 82 38 77 71 21 55 16 46 30 71 15 14 77 82 48 44 76 63 26 26 73 43 62 45 45 54 33 29 6 21 62 8 52 98 51 84 22 10 78 
14 15 54 24 23 4 31 11 76 23 70 15 22 95 26 54 15 8 28 84 18 52 93 86 77 31 22 77 72 82 0 12 68 36 38 42 10 16 94 86 77 30 53 26 87 38 16 23 92 37 46 67 4 59 96 73 73 90 17 86 75 33 63 7 74 38 3 46 14 42 34 4 5 31 66 70 89 75 37 66 57 78 71 17 43 98 58 94 6 90 88 30 96 70 87 42 82 52 47 59 40 84 16 76 94 94 53 57 26 80 37 5 83 95 12 43 23 85 29 57 33 59 87 69 67 23 3 74 2 34 81 8 64 70 6 43 16 36 47 82 24 21 5 24 26 47 32 26 19 12 
10 14 85 67 19 29 83 30 32 57 56 25 1 50 47 54 38 3 80 42 33 24 73 88 9 37 4 73 54 48 12 0 54 46 7 21 6 68 12 45 45 27 86 57 81 54 38 47 12 65 57 84 23 57 77 75 72 37 51 32 24 29 1 40 62 33 67 59 47 80 38 54 91 89 34 35 26 79 20 84 53 76 85 64 97 80 99 42 39 40 7 9 1 88 43 19 45 44 94 6 3 63 37 95 60 84 20 24 31 18 99 40 56 24 17 10 92 31 49 50 38 52 22 1 32 94 19 40 45 50 45 24 37 82 90 70 75 86 69 62 44 47 54 75 13 36 18 12 5 88 
8 85 59 93 94 16 50 18 77 11 93 47 77 52 8 13 63 47 2 95 94 71 32 48 24 16 63 59 16 17 68 54 0 27 66 17 76 26 64 25 17 80 85 57 20 34 66 30 39 84 54 70 92 65 20 55 76 70 71 94 23 82 29 98 74 58 51 21 30 33 44 92 48 47 58 80 2 13 40 20 56 60 58 67 89 58 54 56 3 34 45 54 38 63 74 61 70 73 87 83 13 49 9 84 65 27 53 18 28 43 49 54 93 15 85 46 29 16 34 90 71 15 91 80 66 14 27 52 24 94 11 73 52 30 20 3 37 23 57 99 95 59 22 35 40 55 29 12 60 3 
64 44 86 65 30 30 82 82 53 43 99 33 33 15 44 81 1 76 13 28 15 1 5 1 62 22 29 56 53 69 36 46 27 0 4 87 11 28 2 62 71 13 31 68 80 62 58 8 43 4 54 90 13 75 76 60 35 70 51 98 93 22 86 76 44 4 85 7 2 66 97 19 54 8 71 47 26 35 56 72 64 95 12 13 50 80 68 55 70 82 42 32 83 34 74 10 89 75 96 2 20 12 73 42 24 36 59 30 15 2 50 95 40 28 58 20 33 12 52 88 86 65 77 61 9 40 85 98 19 4 47 41 32 96 43 63 24 17 89 32 98 76 84 7 19 46 65 54 86 44 
62 7 30 13 19 67 83 47 39 73 88 81 41 31 1 97 34 53 2 33 86 24 30 66 28 93 10 16 47 22 38 7 66 4 0 51 43 14 8 1 6 14 9 39 67 60 98 67 6 26 89 7 16 75 60 20 51 23 3 76 76 51 42 9 48 84 28 10 71 19 79 70 62 84 36 36 57 54 23 14 49 22 8 7 78 29 44 85 71 98 29 74 90 7 54 14 73 55 90 51 49 39 58 35 69 66 52 25 86 48 39 85 39 32 79 79 9 37 96 73 38 78 35 40 20 68 32 71 65 56 60 57 27 90 78 31 53 89 32 84 44 1 52 11 73 40 77 14 70 70 
23 78 45 18 53 62 96 8 84 32 86 71 82 11 57 34 50 67 9 15 53 23 36 22 16 48 55 83 98 62 42 21 17 87 51 0 50 12 13 60 14 90 32 20 26 65 87 67 19 87 92 99 99 37 49 15 41 46 79 64 1 55 21 85 24 56 60 41 38 3 35 70 44 91 41 84 61 46 19 69 27 61 46 59 24 2 41 14 78 63 52 95 48 62 58 65 98 24 2 3 68 84 5 9 78 15 14 99 7 96 69 98 87 29 74 35 84 59 49 10 15 32 25 25 23 75 26 20 97 75 62 86 8 54 89 62 76 69 18 44 29 18 53 49 92 95 60 22 87 72 
58 57 38 34 32 84 72 18 81 13 75 55 84 86 15 52 78 26 90 26 26 88 36 22 12 74 2 42 75 30 10 6 76 11 43 50 0 93 10 11 21 84 16 47 39 20 61 7 24 32 92 1 84 72 10 68 66 3 66 48 87 26 20 5 53 71 5 23 63 60 41 70 71 24 77 32 59 28 73 31 19 57 45 37 60 89 57 84 57 2 49 9 55 24 94 54 71 24 43 69 62 31 73 27 36 89 95 22 61 33 91 87 19 10 30 75 31 59 40 95 26 74 74 54 76 78 61 27 7 85 68 78 34 92 52 37 34 84 41 14 65 52 74 7 57 22 60 31 46 69 
2 60 23 11 50 97 22 87 75 83 16 25 31 5 56 56 32 38 64 14 61 60 49 40 86 45 29 64 54 45 16 68 26 28 14 12 93 0 58 20 83 32 71 61 76 34 18 79 97 1 83 42 68 86 63 35 25 98 73 13 51 64 65 34 60 36 20 7 24 97 61 19 97 63 10 24 41 77 98 7 80 35 81 7 33 13 71 96 52 46 18 88 87 85 7 58 58 84 73 7 88 19 31 7 88 14 54 62 41 39 17 48 39 98 1 66 49 70 32 66 1 76 77 20 85 83 64 39 55 87 13 22 19 46 60 61 13 29 12 14 61 83 60 88 84 3 34 92 10 3 
1 16 92 29 99 59 19 62 71 8 15 78 88 8 56 81 58 4 91 79 84 9 31 77 54 5 7 28 4 97 94 12 64 2 8 13 10 58 0 77 44 82 18 89 54 51 76 7 37 95 17 77 99 63 23 71 70 83 16 96 19 22 10 3 79 79 7 97 60 37 26 6 62 9 7 21 57 14 94 4 79 6 82 91 40 99 8 33 11 69 45 99 82 80 98 20 50 67 62 51 26 41 25 56 3 87 6 10 95 81 26 54 72 66 56 64 8 69 87 40 58 74 78 39 32 77 60 82 28 90 40 9 4 15 99 10 76 79 82 65 74 84 16 65 53 48 27 54 17 26 
61 25 55 76 84 83 47 65 27 88 57 90 54 55 53 55 59 26 16 37 69 3 48 61 91 67 45 97 25 67 86 45 25 62 1 60 11 20 77 0 8 25 5 10 26 37 90 81 53 70 55 26 42 19 12 81 4 2 18 51 91 19 46 45 49 21 92 17 36 30 8 29 7 30 98 97 95 3 89 91 61 70 1 87 15 69 74 16 87 90 45 68 16 51 35 53 15 71 31 29 93 73 35 60 15 81 13 87 64 86 79 3 10 76 31 33 20 68 77 31 71 9 18 75 67 49 66 17 33 18 78 59 12 67 34 8 7 5 63 1 22 21 38 51 59 82 79 7 47 13 
82 10 77 6 94 35 45 8 58 9 88 36 34 60 79 13 74 85 86 25 90 19 1 3 48 44 68 83 44 35 77 45 17 71 6 14 21 83 44 8 0 62 50 52 28 60 15 22 88 54 14 75 35 50 71 24 54 52 13 71 11 99 5 97 12 75 38 32 44 95 38 87 1 39 26 23 45 94 47 86 14 32 47 82 67 37 53 35 32 14 48 19 26 64 87 6 24 20 31 5 8 52 99 67 65 28 96 56 1 44 44 91 63 65 5 7 25 24 28 31 69 26 94 51 68 3 99 86 57 19 13 25 38 70 65 59 1 65 14 22 38 99 15 18 91 90 23 21 51 73 
9 67 13 82 46 31 92 30 31 62 2 58 83 85 98 86 77 65 81 4 25 4 80 41 61 19 33 90 26 89 30 27 80 13 14 90 84 32 82 25 62 0 49 11 24 97 66 13 21 86 22 47 32 27 35 59 91 83 70 15 80 84 79 63 26 68 18 20 55 38 1 81 62 62 4 17 54 78 25 65 20 72 63 54 5 5 72 84 70 80 61 98 54 33 88 7 3 41 6 22 4 12 80 68 7 76 47 17 64 5 20 41 38 63 59 6 80 87 75 45 11 7 33 41 9 67 96 73 58 25 95 34 48 95 53 92 12 37 7 61 30 50 56 7 41 64 8 76 27 56 
89 72 60 6 52 58 10 56 65 24 85 32 23 99 54 11 29 1 85 57 58 15 8 78 89 60 30 72 27 87 53 86 85 31 9 32 16 71 18 5 50 49 0 32 83 96 55 78 77 7 96 91 79 58 14 84 24 21 66 91 85 55 67 84 88 38 17 8 81 69 16 16 83 21 48 21 59 10 97 56 60 89 8 26 10 11 37 40 21 83 76 29 99 41 86 84 6 11 49 61 68 60 34 22 77 84 7 22 15 42 66 79 69 39 92 54 81 95 13 90 78 61 58 52 15 68 49 55 10 23 34 99 57 81 15 32 20 43 32 74 28 62 15 54 41 91 44 12 74 73 
14 54 27 43 87 97 5 29 39 35 76 40 4 42 61 82 77 53 28 94 64 80 53 44 30 91 70 74 2 78 26 57 57 68 39 20 47 61 89 10 52 11 32 0 32 52 59 16 49 4 26 65 29 69 60 60 84 78 5 70 67 74 44 88 84 74 79 63 5 73 41 98 13 19 55 36 20 32 10 71 30 33 86 95 87 85 84 12 85 97 96 83 29 90 37 18 96 22 11 80 62 40 89 91 72 84 46 13 20 45 20 85 64 42 64 31 52 12 54 32 75 92 69 11 21 88 73 78 1 39 89 48 6 47 75 72 94 58 18 47 38 88 88 74 4 51 64 64 61 53 
48 70 77 87 16 50 78 44 19 95 77 15 35 36 1 79 54 82 94 32 13 68 10 84 84 30 13 97 7 98 87 81 20 80 67 26 39 76 54 26 28 24 83 32 0 49 52 7 64 94 2 25 23 89 49 35 23 40 19 64 75 89 18 8 28 87 79 3 51 17 44 80 12 78 14 95 39 1 72 27 93 77 95 89 55 17 63 74 57 54 40 19 65 79 69 59 51 54 44 48 51 48 88 95 55 75 66 4 45 12 53 57 41 15 39 98 14 47 62 6 62 15 78 66 93 48 77 14 6 23 42 7 16 31 47 93 33 19 30 72 4 1 51 70 41 36 52 16 50 9 
73 37 72 53 72 47 64 99 96 4 91 94 50 57 15 72 59 47 8 29 19 35 25 60 51 78 91 61 19 39 38 54 34 62 60 65 20 34 51 37 60 97 96 52 49 0 68 66 35 35 86 39 3 46 59 18 34 93 9 45 6 10 42 51 74 78 63 8 33 80 67 42 78 77 49 92 14 76 2 33 28 10 37 8 55 12 90 37 81 59 77 64 24 33 66 80 76 74 63 18 87 66 6 77 60 45 93 30 57 57 68 54 18 13 53 83 94 20 61 58 34 62 89 74 80 33 61 71 19 35 74 39 72 23 16 55 28 24 27 12 61 31 62 98 74 45 81 24 65 72 
31 22 88 58 49 84 24 56 42 56 19 49 89 14 61 85 32 85 15 77 27 82 52 67 70 10 16 90 35 11 16 38 66 58 98 87 61 18 76 90 15 66 55 59 52 68 0 18 65 13 85 39 77 38 38 84 44 88 78 14 44 91 28 47 69 5 99 32 59 90 42 64 97 83 55 88 40 72 37 40 71 17 11 26 48 12 79 64 44 94 42 24 34 89 47 26 46 31 95 87 26 97 38 7 23 30 84 32 88 98 54 16 84 87 16 79 36 7 2 9 83 12 79 81 93 40 7 27 74 77 65 35 27 83 39 92 9 19 25 6 56 46 3 25 48 58 40 80 38 52 
72 41 40 57 29 42 96 6 96 69 63 14 71 12 67 30 95 18 76 3 78 65 86 79 39 24 75 80 32 22 23 47 30 8 67 67 7 79 7 81 22 13 78 16 7 66 18 0 10 38 9 70 16 57 67 38 23 76 19 7 78 72 35 41 53 25 50 7 33 67 13 59 87 33 49 46 56 33 27 16 60 57 31 67 28 94 21 49 39 23 65 62 85 88 68 70 67 8 16 26 95 63 28 94 19 91 85 74 80 37 1 13 24 98 10 47 87 76 75 6 70 43 4 34 77 21 58 2 67 80 78 62 78 79 86 51 86 17 2 22 58 23 17 68 38 61 79 81 91 1 
4 78 44 79 84 21 60 51 58 16 46 20 38 53 96 13 14 55 13 61 26 45 92 86 84 91 93 89 97 17 92 12 39 43 6 19 24 97 37 53 88 21 77 49 64 35 65 10 0 38 77 81 82 8 61 93 24 13 51 16 64 9 3 43 18 16 51 26 64 52 55 28 45 59 80 5 12 37 22 93 10 91 22 13 46 98 29 40 3 48 71 51 19 92 93 37 83 74 57 66 5 48 39 80 76 19 50 64 71 55 43 70 42 21 17 1 40 68 36 22 87 52 91 65 4 9 60 2 10 62 25 38 96 71 52 83 84 74 6 58 19 46 63 87 79 87 67 51 22 94 
71 92 77 88 28 41 65 93 49 25 66 16 34 67 40 64 39 36 62 60 1 43 76 51 75 9 17 23 81 79 37 65 84 4 26 87 32 1 95 70 54 86 7 4 94 35 13 38 38 0 73 71 77 81 37 69 37 77 45 48 45 52 21 3 47 77 37 46 15 25 85 72 31 94 96 12 51 73 69 95 80 63 49 83 36 13 82 32 71 3 71 86 26 25 53 37 2 90 52 96 63 42 68 67 43 55 53 72 31 29 24 10 9 46 94 46 70 21 92 8 18 64 40 62 57 50 43 44 96 86 90 59 98 22 27 23 91 52 59 98 71 28 4 32 11 54 44 25 23 88 
22 50 39 82 44 51 83 64 43 95 53 98 13 22 72 8 92 79 21 73 23 35 15 23 96 92 24 35 99 8 46 57 54 54 89 92 92 83 17 55 14 22 96 26 2 86 85 9 77 73 0 16 76 68 24 55 59 67 16 92 27 25 6 27 45 94 81 82 68 58 66 1 12 34 19 61 6 6 72 15 81 26 55 19 85 45 59 71 96 49 11 91 47 73 33 29 76 4 53 34 82 56 91 20 64 12 4 40 31 23 78 63 65 57 72 36 53 47 9 81 61 4 23 32 96 96 56 11 79 56 19 95 88 78 16 90 55 63 75 51 78 56 67 37 63 37 14 66 53 27 
50 48 92 11 20 5 32 53 53 63 29 42 38 82 8 71 88 61 38 41 15 79 82 38 48 15 16 56 44 54 67 84 70 90 7 99 1 42 77 26 75 47 91 65 25 39 39 70 81 71 16 0 73 90 93 92 48 99 13 54 43 17 49 21 8 85 24 77 38 16 5 16 9 49 37 67 78 19 45 39 12 30 97 74 6 94 31 45 2 39 5 33 86 71 61 4 13 68 12 14 29 4 98 71 29 75 90 16 42 14 2 52 77 84 72 56 10 81 8 28 45 6 47 79 96 70 51 65 88 61 33 88 28 45 45 44 25 19 76 80 1 55 47 95 2 20 71 71 35 63 
58 78 70 73 80 10 2 35 23 27 88 36 80 95 17 83 60 51 63 16 75 45 62 14 6 88 12 8 52 54 4 23 92 13 16 99 84 68 99 42 35 32 79 29 23 3 77 16 82 77 76 73 0 10 5 63 49 47 49 91 81 11 71 26 20 9 65 3 73 65 94 20 74 67 32 66 65 69 46 92 94 23 98 55 62 48 25 24 27 34 84 95 41 19 15 39 64 7 72 53 15 44 80 84 41 22 61 97 23 49 86 72 96 38 85 67 57 51 66 89 21 1 76 15 94 27 72 91 75 27 6 99 76 68 16 78 25 27 57 79 2 22 79 1 91 61 75 53 88 44 
4 41 99 49 71 1 85 99 65 99 39 26 66 35 67 64 47 47 67 38 40 61 41 16 60 48 5 38 37 68 59 57 65 75 75 37 72 86 63 19 50 27 58 69 89 46 38 57 8 81 68 90 10 0 64 29 59 92 13 95 14 9 70 27 64 4 5 35 60 8 76 41 20 69 28 88 6 1 83 45 54 55 89 68 30 22 37 40 54 64 17 96 72 77 63 73 22 74 19 83 55 75 74 4 31 79 70 99 97 17 33 49 18 24 76 94 92 65 89 64 71 60 96 28 55 36 30 29 33 54 98 78 81 77 84 4 89 70 58 89 81 48 19 35 70 77 85 33 27 1 
69 79 34 20 89 91 79 84 71 48 21 52 7 62 62 65 63 24 34 8 76 68 13 85 12 73 72 99 83 78 96 77 20 76 60 49 10 63 23 12 71 35 14 60 49 59 38 67 61 37 24 93 5 64 0 75 20 45 29 4 53 93 58 9 62 11 20 28 99 7 36 54 9 22 87 31 96 69 13 52 23 21 94 33 91 96 2 38 25 83 1 7 68 82 5 13 15 59 5 85 94 50 22 41 82 18 67 54 47 33 9 33 75 32 60 50 12 12 55 9 10 73 90 96 73 48 74 77 12 70 58 95 45 4 22 65 32 44 37 87 60 16 40 69 2 15 83 78 69 32 
25 46 44 13 87 22 69 78 62 88 98 35 80 92 70 45 87 66 58 83 20 43 28 47 36 38 95 1 9 13 73 75 55 60 20 15 68 35 71 81 24 59 84 60 35 18 84 38 93 69 55 92 63 29 75 0 57 38 30 48 70 6 35 28 64 63 12 59 9 54 37 75 13 27 77 3 86 71 21 48 47 1 53 98 6 17 45 30 49 51 87 18 97 58 33 79 2 22 95 1 77 22 85 92 80 53 57 67 92 89 79 96 57 10 12 85 60 14 49 33 46 20 84 34 84 47 55 73 66 72 57 34 54 60 74 69 50 36 69 72 52 97 7 85 5 24 22 36 60 40 
44 88 27 26 12 75 55 38 61 36 52 23 93 86 51 70 62 1 75 39 10 23 45 39 52 42 25 76 3 87 73 72 76 35 51 41 66 25 70 4 54 91 24 84 23 34 44 23 24 37 59 48 49 59 20 57 0 67 61 34 9 4 69 7 8 68 30 95 78 98 37 75 30 91 56 50 82 46 11 16 71 24 37 25 70 26 73 99 77 79 45 97 12 11 84 94 53 31 31 63 22 23 43 57 96 93 38 44 86 96 73 95 2 17 27 2 98 53 60 54 80 56 76 96 85 29 55 14 8 16 84 35 52 44 91 76 79 52 58 30 69 61 50 81 3 4 79 88 73 26 
77 17 57 78 66 22 26 90 97 17 60 34 4 61 59 76 40 33 73 48 72 42 1 90 85 90 81 74 20 86 90 37 70 70 23 46 3 98 83 2 52 83 21 78 40 93 88 76 13 77 67 99 47 92 45 38 67 0 40 10 44 57 65 10 2 82 16 87 84 80 64 93 6 82 65 28 19 16 12 71 92 52 6 69 21 53 60 37 3 69 27 22 45 43 43 49 54 5 17 50 21 20 34 65 85 46 35 36 89 25 61 13 82 37 39 16 86 90 84 43 90 67 97 75 40 95 1 11 33 2 88 27 36 40 31 7 66 80 55 59 45 82 17 92 62 77 84 85 3 87 
27 29 70 17 94 34 84 55 28 88 95 62 33 93 80 89 72 13 6 61 54 69 55 55 74 31 38 64 63 29 17 51 71 51 3 79 66 73 16 18 13 70 66 5 19 9 78 19 51 45 16 13 49 13 29 30 61 40 0 35 77 86 44 23 72 22 80 98 48 60 72 64 36 30 54 35 14 70 48 91 6 55 98 33 13 28 92 99 70 18 31 34 58 14 3 74 35 52 16 8 72 77 13 22 67 10 37 60 72 46 34 92 78 34 74 98 85 39 71 86 37 95 13 43 69 26 89 95 41 82 87 58 57 82 54 3 13 6 29 22 47 90 94 23 98 51 98 15 82 69 
53 46 74 5 16 39 28 5 1 91 65 79 86 99 15 35 3 91 1 61 67 42 65 28 13 40 64 58 95 14 86 32 94 98 76 64 48 13 96 51 71 15 91 70 64 45 14 7 16 48 92 54 91 95 4 48 34 10 35 0 82 22 4 90 73 51 52 20 53 20 60 24 59 77 36 73 71 31 81 90 52 63 50 44 13 97 51 33 35 55 84 91 46 46 9 53 79 90 22 64 32 6 72 8 39 9 60 94 72 94 98 83 2 67 43 99 47 60 59 58 16 83 44 11 61 59 51 67 65 34 68 53 59 48 91 24 15 8 32 63 78 4 19 9 45 94 90 68 26 88 
81 68 53 89 52 38 57 44 27 79 15 8 45 92 78 15 60 76 3 49 28 40 17 30 36 6 61 65 76 62 75 24 23 93 76 1 87 51 19 91 11 80 85 67 75 6 44 78 64 45 27 43 81 14 53 70 9 44 77 82 0 21 1 38 72 87 74 26 33 91 32 99 64 10 33 67 69 77 65 35 2 25 65 17 5 87 78 24 72 81 22 94 61 48 99 19 83 15 28 62 27 69 80 85 76 60 9 3 81 25 63 33 61 96 45 21 86 92 90 8 19 49 77 37 63 55 31 3 4 7 66 77 11 36 67 66 76 32 56 20 85 71 45 67 56 86 96 60 63 77 
42 67 90 28 99 44 93 12 51 88 98 33 30 75 13 60 26 26 5 83 89 81 91 49 17 34 82 40 26 7 33 29 82 22 51 55 26 64 22 19 99 84 55 74 89 10 91 72 9 52 25 17 11 9 93 6 4 57 86 22 21 0 81 96 13 81 19 19 9 60 47 72 98 75 65 78 79 47 2 36 83 66 7 49 64 12 87 82 59 95 28 31 18 59 44 72 47 36 7 19 45 41 82 48 41 75 73 58 59 85 4 30 58 45 26 61 9 49 26 29 46 75 54 24 19 97 81 19 95 24 92 37 16 15 66 78 31 54 61 68 85 96 85 86 64 69 69 22 27 44 
83 79 28 51 87 34 9 30 21 58 53 4 47 9 12 89 58 56 65 9 3 43 18 16 10 75 50 15 36 58 63 1 29 86 42 21 20 65 10 46 5 79 67 44 18 42 28 35 3 21 6 49 71 70 58 35 69 65 44 4 1 81 0 38 5 34 41 45 95 32 57 57 99 85 15 28 19 77 13 25 55 49 48 44 62 8 20 47 20 80 59 95 61 54 14 31 29 3 76 93 44 30 91 80 48 35 29 10 53 25 73 89 88 1 24 17 15 90 44 7 76 37 42 22 2 85 35 88 86 72 15 83 4 10 45 26 49 88 70 94 78 35 76 40 28 14 46 90 19 2 
16 47 44 69 46 96 56 77 27 25 45 68 68 76 80 34 33 70 58 86 72 68 60 74 85 20 79 23 80 46 7 40 98 76 9 85 5 34 3 45 97 63 84 88 8 51 47 41 43 3 27 21 26 27 9 28 7 10 23 90 38 96 38 0 38 69 21 31 84 97 89 12 42 76 73 6 87 44 38 98 76 40 94 34 15 78 97 18 73 83 97 37 63 13 80 58 84 24 86 32 20 96 52 69 16 39 55 68 44 33 73 34 93 37 13 55 89 36 92 95 11 97 88 68 31 67 39 31 45 65 90 17 99 76 68 32 1 24 84 78 90 10 28 40 91 18 76 63 38 61 
65 1 2 4 64 42 77 90 66 56 17 96 67 82 96 25 31 6 36 69 86 99 91 30 59 94 12 27 63 62 74 62 74 44 48 24 53 60 79 49 12 26 88 84 28 74 69 53 18 47 45 8 20 64 62 64 8 2 72 73 72 13 5 38 0 44 42 39 17 84 85 89 19 66 10 15 56 31 8 83 4 22 74 23 13 16 91 47 37 30 72 42 41 75 73 60 58 2 21 98 18 33 2 87 82 35 47 41 22 65 89 19 18 51 17 32 20 80 96 41 31 54 66 51 85 4 29 16 74 42 42 52 44 65 75 48 84 30 77 54 2 90 71 36 4 4 7 7 88 36 
69 30 83 59 43 72 47 33 78 50 65 58 29 28 35 4 53 15 31 40 20 14 96 52 49 38 1 16 77 52 38 33 58 4 84 56 71 36 79 21 75 68 38 74 87 78 5 25 16 77 94 85 9 4 11 63 68 82 22 51 87 81 34 69 44 0 61 30 77 76 42 8 42 32 34 15 89 91 68 11 77 50 20 21 55 74 71 39 36 51 53 42 93 99 13 84 59 29 71 43 25 5 91 25 86 74 29 88 98 57 15 10 20 65 73 1 93 95 38 42 30 56 50 19 16 58 60 89 86 41 89 73 97 83 33 61 42 60 62 83 38 23 48 88 14 24 74 28 3 54 
26 64 95 13 23 70 50 51 19 53 31 97 58 26 7 42 92 88 5 64 15 26 38 50 22 90 48 82 77 94 3 67 51 85 28 60 5 20 7 92 38 18 17 79 79 63 99 50 51 37 81 24 65 5 20 12 30 16 80 52 74 19 41 21 42 61 0 9 6 81 11 71 41 66 36 73 66 52 40 68 28 52 37 69 8 27 39 9 82 11 64 16 80 59 22 6 2 15 81 35 36 86 39 58 8 57 81 18 45 86 77 72 85 88 53 34 39 80 30 5 60 32 78 9 92 29 94 88 82 6 68 94 52 94 48 88 41 18 37 48 52 26 76 87 66 12 91 17 90 73 
99 76 97 3 83 71 12 52 61 25 83 47 85 87 70 31 42 3 76 55 14 39 73 89 48 16 24 77 75 7 46 59 21 7 10 41 23 7 97 17 32 20 8 63 3 8 32 7 26 46 82 77 3 35 28 59 95 87 98 20 26 19 45 31 39 30 9 0 67 32 7 14 39 86 5 30 21 93 55 61 23 30 84 30 85 61 40 50 79 67 26 66 60 94 99 80 61 50 72 55 70 43 16 37 39 43 40 52 51 11 13 57 72 75 94 99 91 1 84 26 22 69 41 2 7 15 21 34 74 67 26 48 98 2 22 62 62 20 10 20 44 13 79 79 38 75 8 7 64 98 
88 36 27 77 41 24 9 43 83 16 11 90 44 37 86 23 79 92 81 14 98 76 84 65 72 13 82 93 71 58 14 47 30 2 71 38 63 24 60 36 44 55 81 5 51 33 59 33 64 15 68 38 73 60 99 9 78 84 48 53 33 9 95 84 17 77 6 67 0 90 83 88 92 1 16 72 31 82 88 53 48 54 49 63 12 11 54 51 71 53 64 50 18 45 29 96 89 50 43 38 23 88 86 20 5 40 24 27 11 20 43 64 90 34 86 64 57 89 26 85 54 35 60 45 22 94 90 59 60 8 71 71 50 13 4 82 3 42 43 19 36 64 60 33 94 58 28 77 89 8 
8 54 85 97 45 87 62 24 60 68 46 22 95 15 45 54 58 65 15 62 83 6 82 14 57 98 91 27 48 41 42 80 33 66 19 3 60 97 37 30 95 38 69 73 17 80 90 67 52 25 58 16 65 8 7 54 98 80 60 20 91 60 32 97 84 76 81 32 90 0 6 88 43 65 78 74 46 4 70 77 97 99 27 54 78 8 31 65 71 72 23 48 65 92 97 98 75 36 10 38 10 48 30 25 63 10 91 70 55 49 55 85 38 2 49 97 11 27 24 68 69 45 74 92 44 83 58 42 4 73 2 51 65 29 20 35 27 73 87 26 24 62 4 54 22 84 95 30 17 23 
27 94 31 97 17 40 75 90 63 74 89 93 94 4 71 97 46 99 3 41 23 93 40 53 52 65 13 50 79 8 34 38 44 97 79 35 41 61 26 8 38 1 16 41 44 67 42 13 55 85 66 5 94 76 36 37 37 64 72 60 32 47 57 89 85 42 11 7 83 6 0 17 60 33 43 30 17 44 16 18 69 5 21 77 31 95 67 72 3 97 23 26 55 29 30 19 98 36 61 78 26 69 52 42 26 55 92 99 96 80 98 48 11 63 61 99 64 71 6 88 49 73 79 56 42 98 89 30 38 1 95 1 76 16 51 6 65 4 84 77 50 79 64 20 74 91 58 48 68 66 
26 34 65 62 18 32 24 44 39 47 79 85 21 93 73 92 86 88 53 74 62 23 44 95 68 1 57 89 32 5 4 54 92 19 70 70 70 19 6 29 87 81 16 98 80 42 64 59 28 72 1 16 20 41 54 75 75 93 64 24 99 72 57 12 89 8 71 14 88 88 17 0 11 1 95 8 57 12 51 16 32 62 56 13 82 62 48 72 36 37 96 98 65 24 93 1 66 97 90 75 78 89 88 49 5 57 4 74 73 72 14 76 63 43 81 32 47 71 30 18 48 38 13 62 61 33 58 33 86 23 10 44 70 98 39 5 38 74 6 34 75 18 9 16 30 53 17 36 66 21 
23 3 23 16 89 38 89 89 24 21 60 59 53 85 13 92 26 59 55 75 82 40 71 60 4 70 82 33 34 93 5 91 48 54 62 44 71 97 62 7 1 62 83 13 12 78 97 87 45 31 12 9 74 20 9 13 30 6 36 59 64 98 99 42 19 42 41 39 92 43 60 11 0 99 39 91 13 5 63 68 54 10 26 22 35 24 21 50 99 53 98 40 3 98 50 99 21 7 70 32 4 96 32 12 22 42 2 59 86 99 23 43 9 21 71 55 52 15 77 3 63 76 28 8 42 22 44 20 80 74 94 39 39 44 10 2 88 18 15 58 94 20 42 43 79 96 42 81 23 40 
10 85 99 75 1 39 90 96 69 67 98 65 32 73 47 83 74 25 16 69 12 74 91 35 93 51 29 26 44 8 31 89 47 8 84 91 24 63 9 30 39 62 21 19 78 77 83 33 59 94 34 49 67 69 22 27 91 82 30 77 10 75 85 76 66 32 66 86 1 65 33 1 99 0 88 8 29 32 4 95 77 15 68 56 69 94 52 35 42 28 18 27 65 51 54 84 22 9 10 13 17 74 26 64 12 48 20 75 26 43 44 98 81 55 83 39 20 7 5 94 58 4 91 91 10 6 93 57 99 71 92 30 53 45 87 5 37 11 87 84 23 55 50 85 4 54 27 33 1 16 
68 84 53 13 98 57 83 29 70 95 43 41 26 44 83 98 75 46 97 25 29 15 24 4 51 48 36 99 10 19 66 34 58 71 36 41 77 10 7 98 26 4 48 55 14 49 55 49 80 96 19 37 32 28 87 77 56 65 54 36 33 65 15 73 10 34 36 5 16 78 43 95 39 88 0 79 54 29 25 83 16 59 26 67 1 61 86 68 18 50 80 74 19 41 92 78 95 62 81 84 4 2 45 38 63 63 22 25 97 60 8 58 97 79 28 32 97 46 38 59 43 29 96 21 23 40 2 1 13 28 6 55 66 26 8 6 59 99 20 68 62 30 98 90 62 50 96 52 73 12 
24 49 4 19 83 88 83 65 62 13 65 79 64 9 8 37 7 15 89 26 45 48 31 65 54 19 81 53 57 52 70 35 80 47 36 84 32 24 21 97 23 17 21 36 95 92 88 46 5 12 61 67 66 88 31 3 50 28 35 73 67 78 28 6 15 15 73 30 72 74 30 8 91 8 79 0 74 43 99 79 98 83 60 67 34 7 39 11 17 33 14 86 39 16 91 2 48 96 63 69 36 2 85 76 38 57 62 27 14 79 27 31 46 72 96 81 15 88 39 57 90 16 76 32 55 59 41 35 70 31 3 14 89 17 33 17 91 60 64 30 94 74 35 29 56 72 46 50 42 41 
28 55 71 31 72 29 6 87 88 26 6 79 53 56 30 7 3 78 1 34 3 72 74 81 88 69 9 61 87 73 89 26 2 26 57 61 59 41 57 95 45 54 59 20 39 14 40 56 12 51 6 78 65 6 96 86 82 19 14 71 69 79 19 87 56 89 66 21 31 46 17 57 13 29 54 74 0 45 96 5 58 12 55 24 46 61 7 38 72 44 8 20 44 30 62 67 65 21 36 75 2 97 78 26 49 91 88 95 41 81 44 49 29 59 14 25 36 30 43 8 66 79 43 24 25 27 15 74 47 15 36 22 67 79 25 85 24 10 95 47 97 90 1 24 64 24 8 29 65 49 
38 33 13 60 15 37 43 59 67 1 91 63 60 18 61 39 31 87 60 19 4 2 64 93 80 68 17 78 47 3 75 79 13 35 54 46 28 77 14 3 94 78 10 32 1 76 72 33 37 73 6 19 69 1 69 71 46 16 70 31 77 47 77 44 31 91 52 93 82 4 44 12 5 32 29 43 45 0 15 77 71 30 50 73 35 20 97 25 94 20 91 1 79 85 58 67 29 83 6 64 71 5 30 69 38 99 45 54 50 14 27 74 71 96 44 5 12 49 11 51 94 96 2 53 59 68 97 57 58 72 93 71 1 40 3 19 73 41 31 52 58 63 44 14 35 36 17 63 96 86 
58 29 40 6 37 67 47 89 20 98 77 63 18 61 83 99 78 33 63 79 11 34 91 58 93 67 7 6 38 83 37 20 40 56 23 19 73 98 94 89 47 25 97 10 72 2 37 27 22 69 72 45 46 83 13 21 11 12 48 81 65 2 13 38 8 68 40 55 88 70 16 51 63 4 25 99 96 15 0 97 66 66 67 85 70 79 65 43 29 1 95 56 25 27 4 19 12 86 96 11 66 91 13 8 60 52 77 23 34 19 37 47 23 33 54 44 95 31 31 16 97 33 85 41 32 35 66 35 75 16 92 9 18 76 61 72 25 90 34 65 80 48 90 34 68 53 94 54 79 68 
84 56 84 17 27 11 22 52 37 99 56 48 23 33 74 32 79 92 2 47 32 71 49 1 40 75 22 47 37 47 66 84 20 72 14 69 31 7 4 91 86 65 56 71 27 33 40 16 93 95 15 39 92 45 52 48 16 71 91 90 35 36 25 98 83 11 68 61 53 77 18 16 68 95 83 79 5 77 97 0 98 58 81 54 28 99 47 54 56 70 20 73 91 90 10 16 93 36 67 9 89 96 80 70 85 55 37 85 81 9 8 25 79 9 10 94 81 91 13 67 30 67 25 38 62 86 47 91 49 31 68 20 44 2 88 81 82 32 16 89 71 4 69 49 54 35 75 24 10 10 
39 83 49 96 33 85 52 23 18 78 43 28 55 99 47 63 92 73 92 79 92 61 45 10 81 70 35 65 11 19 57 53 56 64 49 27 19 80 79 61 14 20 60 30 93 28 71 60 10 80 81 12 94 54 23 47 71 92 6 52 2 83 55 76 4 77 28 23 48 97 69 32 54 77 16 98 58 71 66 98 0 83 9 72 42 88 47 75 70 98 98 56 60 2 9 64 80 79 48 93 62 13 36 35 17 99 12 16 82 89 75 46 76 78 95 6 49 69 69 54 49 11 47 1 87 62 62 46 55 94 16 64 17 66 40 98 37 85 21 67 46 46 66 78 8 39 20 53 60 33 
9 32 62 97 2 1 74 11 22 12 21 72 14 84 87 48 97 39 68 8 97 20 95 91 83 56 48 11 51 87 78 76 60 95 22 61 57 35 6 70 32 72 89 33 77 10 17 57 91 63 26 30 23 55 21 1 24 52 55 63 25 66 49 40 22 50 52 30 54 99 5 62 10 15 59 83 12 30 66 58 83 0 29 25 39 89 73 91 94 68 79 86 2 43 54 3 12 75 61 92 90 42 11 57 14 78 19 26 3 97 1 98 87 29 91 3 2 85 94 57 7 66 6 10 18 88 18 13 76 6 10 44 1 86 89 18 64 27 29 88 2 78 34 81 16 48 78 74 38 25 
33 29 71 61 49 17 43 32 78 91 89 43 31 28 85 63 43 84 82 78 30 16 17 39 83 66 46 98 78 30 71 85 58 12 8 46 45 81 82 1 47 63 8 86 95 37 11 31 22 49 55 97 98 89 94 53 37 6 98 50 65 7 48 94 74 20 37 84 49 27 21 56 26 68 26 60 55 50 67 81 9 29 0 26 5 16 95 55 26 33 48 8 59 47 76 62 49 68 81 5 58 55 19 98 49 27 27 25 64 33 43 31 3 80 26 11 29 15 33 7 72 96 44 36 46 93 29 28 16 10 95 32 54 71 22 67 61 38 98 58 72 92 58 96 91 21 95 6 2 27 
35 95 14 44 89 31 14 10 27 25 69 15 24 96 98 35 19 21 42 9 56 98 60 18 3 82 43 2 20 36 17 64 67 13 7 59 37 7 91 87 82 54 26 95 89 8 26 67 13 83 19 74 55 68 33 98 25 69 33 44 17 49 44 34 23 21 69 30 63 54 77 13 22 56 67 67 24 73 85 54 72 25 26 0 8 62 4 30 22 89 60 92 99 59 13 17 3 1 72 32 43 59 29 93 41 32 75 35 41 26 57 74 77 2 13 54 85 61 45 40 56 90 68 65 42 96 47 19 46 87 94 11 34 57 32 4 21 35 67 96 25 75 40 73 88 7 34 52 84 23 
11 75 37 32 23 4 19 7 33 55 19 94 51 53 48 72 84 25 84 39 30 99 91 14 31 51 26 57 46 12 43 97 89 50 78 24 60 33 40 15 67 5 10 87 55 55 48 28 46 36 85 6 62 30 91 6 70 21 13 13 5 64 62 15 13 55 8 85 12 78 31 82 35 69 1 34 46 35 70 28 42 39 5 8 0 17 16 82 70 70 66 78 64 56 97 70 52 55 10 17 53 26 22 58 26 50 52 47 95 90 33 38 39 4 3 38 6 7 63 87 90 44 25 95 67 36 88 87 64 17 95 28 44 11 83 45 37 8 77 43 44 16 75 32 49 87 11 22 92 24 
24 9 24 45 35 79 24 31 9 48 93 52 22 51 89 43 90 72 45 50 34 54 45 43 86 49 36 73 35 53 98 80 58 80 29 2 89 13 99 69 37 5 11 85 17 12 12 94 98 13 45 94 48 22 96 17 26 53 28 97 87 12 8 78 16 74 27 61 11 8 95 62 24 94 61 7 61 20 79 99 88 89 16 62 17 0 45 25 27 86 27 43 97 18 76 18 43 53 54 74 88 97 41 7 1 4 80 94 33 35 28 13 84 94 91 6 58 51 35 86 45 96 28 71 90 18 49 66 20 64 27 33 2 85 16 79 83 56 53 57 23 58 76 64 32 44 96 35 76 97 
16 33 23 25 95 60 46 68 9 78 50 19 72 81 74 21 89 28 98 15 42 70 86 53 48 5 76 92 36 77 58 99 54 68 44 41 57 71 8 74 53 72 37 84 63 90 79 21 29 82 59 31 25 37 2 45 73 60 92 51 78 87 20 97 91 71 39 40 54 31 67 48 21 52 86 39 7 97 65 47 47 73 95 4 16 45 0 57 2 50 86 41 65 51 57 33 63 85 24 71 89 42 39 27 2 1 37 37 42 89 17 69 54 22 93 24 92 50 52 70 54 1 61 13 20 28 13 88 17 70 97 90 33 95 91 79 7 43 13 33 90 72 75 91 99 79 36 2 30 92 
88 9 67 63 22 54 96 19 21 41 84 79 4 92 77 91 57 38 7 18 66 21 49 10 66 51 27 57 8 38 94 42 56 55 85 14 84 96 33 16 35 84 40 12 74 37 64 49 40 32 71 45 24 40 38 30 99 37 99 33 24 82 47 18 47 39 9 50 51 65 72 72 50 35 68 11 38 25 43 54 75 91 55 30 82 25 57 0 32 42 42 4 66 63 70 7 69 7 46 50 41 52 89 14 24 42 36 19 70 15 61 88 67 23 73 28 11 56 21 71 26 95 25 88 13 70 19 45 12 47 15 51 76 65 88 30 64 67 8 1 18 46 61 11 39 53 10 13 42 24 
26 85 93 80 69 70 53 13 69 60 16 11 24 80 88 51 43 96 88 46 50 36 18 39 42 57 54 22 72 79 6 39 3 70 71 78 57 52 11 87 32 70 21 85 57 81 44 39 3 71 96 2 27 54 25 49 77 3 70 35 72 59 20 73 37 36 82 79 71 71 3 36 99 42 18 17 72 94 29 56 70 94 26 22 70 27 2 32 0 71 58 76 24 55 91 2 51 75 9 65 70 76 97 87 14 29 62 78 98 30 64 57 86 63 97 8 28 63 74 18 86 86 93 61 31 20 8 3 44 59 17 49 29 63 99 7 75 60 53 9 5 44 75 51 96 22 11 65 67 69 
72 78 96 22 68 50 34 74 83 96 18 36 13 27 46 23 5 83 57 58 26 39 52 26 57 79 88 87 2 70 90 40 34 82 98 63 2 46 69 90 14 80 83 97 54 59 94 23 48 3 49 39 34 64 83 51 79 69 18 55 81 95 80 83 30 51 11 67 53 72 97 37 53 28 50 33 44 20 1 70 98 68 33 89 70 86 50 42 71 0 52 91 96 6 37 37 44 66 68 26 28 3 47 27 78 45 79 84 78 47 30 49 64 13 60 46 49 67 13 45 69 64 8 4 30 87 63 63 36 8 43 56 76 97 66 88 49 2 58 81 53 46 96 22 90 74 8 1 15 34 
93 51 54 20 49 75 55 75 55 80 62 50 78 38 37 3 12 17 50 78 86 50 49 58 42 39 75 38 4 25 88 7 45 42 29 52 49 18 45 45 48 61 76 96 40 77 42 65 71 71 11 5 84 17 1 87 45 27 31 84 22 28 59 97 72 53 64 26 64 23 23 96 98 18 80 14 8 91 95 20 98 79 48 60 66 27 86 42 58 52 0 59 79 68 48 54 23 95 58 18 17 7 34 95 16 49 53 95 18 53 31 3 38 51 57 91 67 66 87 6 15 12 43 79 15 85 1 4 60 72 93 49 10 8 24 23 99 7 33 88 69 83 97 12 26 89 94 96 16 94 
75 80 10 78 19 47 15 92 86 90 8 94 8 25 88 64 25 55 48 88 49 82 7 82 80 11 67 73 47 70 30 9 54 32 74 95 9 88 99 68 19 98 29 83 19 64 24 62 51 86 91 33 95 96 7 18 97 22 34 91 94 31 95 37 42 42 16 66 50 48 26 98 40 27 74 86 20 1 56 73 56 86 8 92 78 43 41 4 76 91 59 0 72 80 68 70 6 42 61 86 18 39 93 2 16 50 24 41 36 75 41 36 50 29 87 31 40 16 89 40 34 81 23 65 87 77 7 11 80 29 47 24 44 62 44 65 1 75 97 1 1 32 75 41 12 72 60 76 6 20 
63 42 42 34 98 28 58 66 94 32 65 80 53 57 40 1 23 97 73 27 54 59 77 52 45 95 78 75 62 30 96 1 38 83 90 48 55 87 82 16 26 54 99 29 65 24 34 85 19 26 47 86 41 72 68 97 12 45 58 46 61 18 61 63 41 93 80 60 18 65 55 65 3 65 19 39 44 79 25 91 60 2 59 99 64 97 65 66 24 96 79 72 0 31 95 45 26 70 32 75 30 91 5 59 79 85 85 28 65 1 3 6 19 62 73 65 43 74 89 51 67 48 95 6 41 92 34 80 6 78 67 31 16 45 33 76 45 5 16 11 14 72 54 14 57 23 59 48 64 51 
47 65 58 5 12 34 62 86 75 57 56 90 31 41 38 93 7 53 60 32 49 13 67 70 95 25 61 93 7 78 70 88 63 34 7 62 24 85 80 51 64 33 41 90 79 33 89 88 92 25 73 71 19 77 82 58 11 43 14 46 48 59 54 13 75 99 59 94 45 92 29 24 98 51 41 16 30 85 27 90 2 43 47 59 56 18 51 63 55 6 68 80 31 0 25 48 19 83 15 15 83 20 35 77 67 39 72 54 12 64 41 15 25 80 68 73 31 31 98 86 14 70 82 78 5 26 60 27 24 62 39 89 83 85 14 89 91 73 48 52 98 64 29 28 60 95 79 60 51 11 
33 84 89 40 12 73 41 54 90 34 3 5 27 53 7 6 5 74 94 59 1 76 87 54 80 40 53 15 4 25 87 43 74 74 54 58 94 7 98 35 87 88 86 37 69 66 47 68 93 53 33 61 15 63 5 33 84 43 3 9 99 44 14 80 73 13 22 99 29 97 30 93 50 54 92 91 62 58 4 10 9 54 76 13 97 76 57 70 91 37 48 68 95 25 0 92 85 23 38 30 13 21 67 53 16 3 42 58 2 98 63 46 44 4 48 88 5 40 69 6 72 60 8 34 58 90 58 72 29 48 5 62 52 2 91 75 25 41 97 37 52 88 84 68 3 68 65 28 21 28 
89 25 94 68 53 69 73 43 24 39 91 6 9 39 44 73 80 6 83 24 39 54 36 90 87 59 50 15 9 43 42 19 61 10 14 65 54 58 20 53 6 7 84 18 59 80 26 70 37 37 29 4 39 73 13 79 94 49 74 53 19 72 31 58 60 84 6 80 96 98 19 1 99 84 78 2 67 67 19 16 64 3 62 17 70 18 33 7 2 37 54 70 45 48 92 0 15 18 77 92 11 90 59 75 8 40 3 68 57 44 98 33 61 25 2 26 64 15 11 59 48 39 14 76 43 43 55 41 97 57 99 70 1 17 51 49 12 79 15 32 33 83 99 73 45 27 30 96 33 59 
24 21 77 35 77 40 66 7 95 93 5 87 97 20 59 53 29 67 81 38 8 25 45 70 34 56 37 50 37 11 82 45 70 89 73 98 71 58 50 15 24 3 6 96 51 76 46 67 83 2 76 13 64 22 15 2 53 54 35 79 83 47 29 84 58 59 2 61 89 75 98 66 21 22 95 48 65 29 12 93 80 12 49 3 52 43 63 69 51 44 23 6 26 19 85 15 0 11 28 84 46 3 54 45 78 98 32 80 17 32 51 90 8 60 51 15 90 58 44 43 95 78 29 55 69 39 61 27 98 20 94 60 20 36 90 92 21 69 41 76 79 15 48 74 15 1 65 24 89 69 
56 45 83 35 69 33 23 10 91 21 17 30 85 45 2 10 54 81 99 43 22 96 79 30 55 1 61 89 85 66 52 44 73 75 55 24 24 84 67 71 20 41 11 22 54 74 31 8 74 90 4 68 7 74 59 22 31 5 52 90 15 36 3 24 2 29 15 50 50 36 36 97 7 9 62 96 21 83 86 36 79 75 68 1 55 53 85 7 75 66 95 42 70 83 23 18 11 0 46 52 43 90 35 86 85 59 67 59 89 88 47 64 69 45 33 60 23 8 26 81 78 66 89 32 53 3 26 5 67 87 23 31 58 76 38 59 34 57 83 33 74 76 89 40 66 89 74 42 59 76 
66 16 12 43 46 98 3 37 14 15 78 54 82 21 84 95 31 95 93 94 6 23 99 91 16 39 96 46 49 86 47 94 87 96 90 2 43 73 62 31 31 6 49 11 44 63 95 16 57 52 53 12 72 19 5 95 31 17 16 22 28 7 76 86 21 71 81 72 43 10 61 90 70 10 81 63 36 6 96 67 48 61 81 72 10 54 24 46 9 68 58 61 32 15 38 77 28 46 0 92 27 93 29 73 8 76 55 16 62 87 24 20 75 25 88 68 53 12 17 70 24 40 38 35 30 73 58 96 4 16 3 4 23 86 14 84 11 57 93 41 40 45 67 75 77 29 67 14 11 65 
78 31 37 79 65 8 87 88 12 10 69 81 74 64 30 98 22 51 39 90 16 34 1 63 28 94 48 87 82 54 59 6 83 2 51 3 69 7 51 29 5 22 61 80 48 18 87 26 66 96 34 14 53 83 85 1 63 50 8 64 62 19 93 32 98 43 35 55 38 38 78 75 32 13 84 69 75 64 11 9 93 92 5 32 17 74 71 50 65 26 18 86 75 15 30 92 84 52 92 0 63 75 3 24 56 50 10 81 12 5 33 88 6 55 94 49 3 52 29 86 30 61 47 18 49 93 43 12 35 91 20 18 92 3 88 94 98 68 12 70 60 17 71 4 39 40 64 74 11 80 
4 92 17 83 90 34 2 60 43 68 31 73 40 22 49 12 28 3 11 82 78 25 39 77 38 86 70 31 15 21 40 3 13 20 49 68 62 88 26 93 8 4 68 62 51 87 26 95 5 63 82 29 15 55 94 77 22 21 72 32 27 45 44 20 18 25 36 70 23 10 26 78 4 17 4 36 2 71 66 89 62 90 58 43 53 88 89 41 70 28 17 18 30 83 13 11 46 43 27 63 0 15 32 97 98 30 21 56 72 99 31 85 97 35 95 6 11 54 94 67 58 87 21 47 33 35 94 56 41 70 14 75 27 56 69 86 72 21 6 88 61 82 91 58 73 95 29 93 22 2 
1 15 31 39 41 63 73 9 11 82 53 30 57 66 56 99 6 90 88 97 81 31 19 21 6 96 35 84 16 14 84 63 49 12 39 84 31 19 41 73 52 12 60 40 48 66 97 63 48 42 56 4 44 75 50 22 23 20 77 6 69 41 30 96 33 5 86 43 88 48 69 89 96 74 2 2 97 5 91 96 13 42 55 59 26 97 42 52 76 3 7 39 91 20 21 90 3 90 93 75 15 0 63 54 12 21 36 29 81 15 48 15 90 58 78 24 79 68 79 29 65 85 44 50 77 55 24 4 79 74 85 55 79 30 49 41 81 87 38 2 9 48 90 77 85 11 31 95 15 14 
78 20 85 49 8 15 52 54 89 80 85 39 61 69 46 41 36 33 66 27 64 88 82 56 65 71 62 78 49 27 16 37 9 73 58 5 73 31 25 35 99 80 34 89 88 6 38 28 39 68 91 98 80 74 22 85 43 34 13 72 80 82 91 52 2 91 39 16 86 30 52 88 32 26 45 85 78 30 13 80 36 11 19 29 22 41 39 89 97 47 34 93 5 35 67 59 54 35 29 3 32 63 0 83 25 33 17 79 53 25 86 9 69 50 12 11 18 12 34 90 40 78 62 67 51 77 84 72 6 33 61 42 79 84 7 38 41 15 38 29 40 80 77 55 77 16 75 43 56 64 
7 27 58 82 8 78 72 88 25 4 37 79 26 93 9 92 73 8 96 47 98 1 37 89 35 74 33 72 44 7 76 95 84 42 35 9 27 7 56 60 67 68 22 91 95 77 7 94 80 67 20 71 84 4 41 92 57 65 22 8 85 48 80 69 87 25 58 37 20 25 42 49 12 64 38 76 26 69 8 70 35 57 98 93 58 7 27 14 87 27 95 2 59 77 53 75 45 86 73 24 97 54 83 0 61 7 62 46 81 91 15 72 88 10 85 72 64 65 51 14 37 43 58 9 68 92 36 62 63 30 60 3 25 75 38 87 31 44 83 71 21 84 90 61 71 53 5 94 95 5 
53 87 36 6 34 44 88 19 48 48 99 55 66 19 35 77 83 90 89 19 31 88 49 96 43 56 48 59 44 32 94 60 65 24 69 78 36 88 3 15 65 7 77 72 55 60 23 19 76 43 64 29 41 31 82 80 96 85 67 39 76 41 48 16 82 86 8 39 5 63 26 5 22 12 63 38 49 38 60 85 17 14 49 41 26 1 2 24 14 78 16 16 79 67 16 8 78 85 8 56 98 12 25 61 0 84 15 63 8 8 49 21 83 3 82 76 52 93 98 54 32 59 47 52 5 4 25 3 31 55 29 28 42 40 39 23 84 32 17 5 44 32 95 81 26 36 44 65 65 98 
86 8 42 92 59 62 78 22 69 71 60 43 96 69 30 88 49 86 60 25 33 36 4 2 88 16 19 63 58 84 94 84 27 36 66 15 89 14 87 81 28 76 84 84 75 45 30 91 19 55 12 75 22 79 18 53 93 46 10 9 60 75 35 39 35 74 57 43 40 10 55 57 42 48 63 57 91 99 52 55 99 78 27 32 50 4 1 42 29 45 49 50 85 39 3 40 98 59 76 50 30 21 33 7 84 0 32 24 61 22 74 25 12 98 25 8 43 90 66 59 79 59 13 18 35 80 9 34 56 21 13 65 36 13 17 49 35 84 72 46 21 55 20 88 27 90 98 80 87 7 
71 54 82 9 8 86 63 68 44 43 32 65 28 17 1 62 52 37 74 40 73 46 52 63 45 97 92 43 86 50 53 20 53 59 52 14 95 54 6 13 96 47 7 46 66 93 84 85 50 53 4 90 61 70 67 57 38 35 37 60 9 73 29 55 47 29 81 40 24 91 92 4 2 20 22 62 88 45 77 37 12 19 27 75 52 80 37 36 62 79 53 24 85 72 42 3 32 67 55 10 21 36 17 62 15 32 0 69 22 45 50 97 12 43 62 18 18 44 5 20 6 51 33 42 84 13 12 28 60 89 63 74 84 16 49 89 61 67 99 28 8 86 28 9 42 28 41 83 93 21 
3 48 3 41 35 37 49 15 92 6 36 69 19 79 80 3 95 67 96 76 45 64 49 55 91 50 92 19 68 66 57 24 18 30 25 99 22 62 10 87 56 17 22 13 4 30 32 74 64 72 40 16 97 99 54 67 44 36 60 94 3 58 10 68 41 88 18 52 27 70 99 74 59 75 25 27 95 54 23 85 16 26 25 35 47 94 37 19 78 84 95 41 28 54 58 68 80 59 16 81 56 29 79 46 63 24 69 0 91 27 93 83 56 21 21 19 44 43 91 11 19 51 86 2 39 9 17 42 46 79 68 57 68 5 71 57 86 18 80 80 75 2 28 87 63 22 99 16 61 30 
77 61 86 70 5 13 1 21 14 21 33 45 87 60 20 23 25 74 92 40 41 9 4 11 43 56 74 59 47 55 26 31 28 15 86 7 61 41 95 64 1 64 15 20 45 57 88 80 71 31 31 42 23 97 47 92 86 89 72 72 81 59 53 44 22 98 45 51 11 55 96 73 86 26 97 14 41 50 34 81 82 3 64 41 95 33 42 70 98 78 18 36 65 12 2 57 17 89 62 12 72 81 53 81 8 61 22 91 0 76 88 54 79 66 65 40 67 37 15 96 43 3 61 36 51 86 51 82 92 7 72 13 9 17 19 56 49 31 6 66 36 50 92 34 43 86 36 16 52 37 
92 35 94 6 6 54 43 86 7 58 51 85 2 57 5 83 77 12 35 7 68 42 89 32 45 7 82 76 51 1 80 18 43 2 48 96 33 39 81 86 44 5 42 45 12 57 98 37 55 29 23 14 49 17 33 89 96 25 46 94 25 85 25 33 65 57 86 11 20 49 80 72 99 43 60 79 81 14 19 9 89 97 33 26 90 35 89 15 30 47 53 75 1 64 98 44 32 88 87 5 99 15 25 91 8 22 45 27 76 0 9 38 31 86 42 77 64 95 42 56 83 12 23 49 28 73 4 36 49 80 45 45 8 28 54 35 38 45 30 9 97 70 9 65 90 28 63 80 81 69 
22 33 37 8 62 27 40 10 3 60 52 74 35 45 72 94 41 36 51 69 25 15 58 70 53 33 13 13 3 51 37 99 49 50 39 69 91 17 26 79 44 20 66 20 53 68 54 1 43 24 78 2 86 33 9 79 73 61 34 98 63 4 73 73 89 15 77 13 43 55 98 14 23 44 8 27 44 27 37 8 75 1 43 57 33 28 17 61 64 30 31 41 3 41 63 98 51 47 24 33 31 48 86 15 49 74 50 93 88 9 0 68 92 82 67 74 10 82 11 57 98 85 75 41 1 45 28 24 69 12 33 48 21 62 69 22 75 91 98 73 72 17 40 38 60 75 75 4 87 94 
76 20 47 79 51 83 4 43 68 55 6 51 3 36 2 99 86 43 52 40 79 63 17 96 89 30 42 29 1 82 5 40 54 95 85 98 87 48 54 3 91 41 79 85 57 54 16 13 70 10 63 52 72 49 33 96 95 13 92 83 33 30 89 34 19 10 72 57 64 85 48 76 43 98 58 31 49 74 47 25 46 98 31 74 38 13 69 88 57 49 3 36 6 15 46 33 90 64 20 88 85 15 9 72 21 25 97 83 54 38 68 0 62 42 71 31 84 82 80 65 20 62 94 65 58 63 66 71 36 65 33 33 42 91 60 92 81 48 77 40 84 65 86 69 70 26 68 16 9 93 
8 68 81 38 77 13 58 67 94 78 34 81 18 40 9 48 29 40 83 47 68 11 88 48 58 94 58 46 82 38 83 56 93 40 39 87 19 39 72 10 63 38 69 64 41 18 84 24 42 9 65 77 96 18 75 57 2 82 78 2 61 58 88 93 18 20 85 72 90 38 11 63 9 81 97 46 29 71 23 79 76 87 3 77 39 84 54 67 86 64 38 50 19 25 44 61 8 69 75 6 97 90 69 88 83 12 12 56 79 31 92 62 0 99 66 40 32 84 26 84 23 99 76 33 62 50 94 97 95 7 24 21 88 90 4 62 49 59 32 59 25 39 73 17 8 67 20 44 97 90 
78 25 28 79 46 26 44 21 5 25 1 51 86 62 27 30 41 53 83 22 51 30 64 49 81 79 71 50 59 77 95 24 15 28 32 29 10 98 66 76 65 63 39 42 15 13 87 98 21 46 57 84 38 24 32 10 17 37 34 67 96 45 1 37 51 65 88 75 34 2 63 43 21 55 79 72 59 96 33 9 78 29 80 2 4 94 22 23 63 13 51 29 62 80 4 25 60 45 25 55 35 58 50 10 3 98 43 21 66 86 82 42 99 0 74 4 11 33 2 98 76 96 96 79 36 54 43 79 39 88 24 13 5 95 1 90 43 56 95 42 76 92 18 1 46 97 54 15 17 97 
73 84 73 34 97 2 54 17 29 59 10 36 12 33 41 96 48 94 52 68 49 31 87 11 3 20 3 95 19 71 12 17 85 58 79 74 30 1 56 31 5 59 92 64 39 53 16 10 17 94 72 72 85 76 60 12 27 39 74 43 45 26 24 13 17 73 53 94 86 49 61 81 71 83 28 96 14 44 54 10 95 91 26 13 3 91 93 73 97 60 57 87 73 68 48 2 51 33 88 94 95 78 12 85 82 25 62 21 65 42 67 71 66 74 0 83 59 93 95 47 23 8 37 55 96 25 92 75 40 17 57 54 29 39 94 95 70 3 42 33 62 59 88 96 17 79 55 17 42 91 
76 95 29 28 22 42 44 59 36 80 32 73 94 68 90 99 24 85 92 74 36 38 22 41 65 29 35 23 46 21 43 10 46 20 79 35 75 66 64 33 7 6 54 31 98 83 79 47 1 46 36 56 67 94 50 85 2 16 98 99 21 61 17 55 32 1 34 99 64 97 99 32 55 39 32 81 25 5 44 94 6 3 11 54 38 6 24 28 8 46 91 31 65 73 88 26 15 60 68 49 6 24 11 72 76 8 18 19 40 77 74 31 40 4 83 0 24 45 69 92 30 15 16 21 95 22 39 63 83 58 84 24 74 69 86 75 30 68 56 27 9 51 61 75 5 20 54 95 27 48 
77 39 3 52 93 56 75 78 83 37 36 16 54 54 33 81 29 21 25 25 53 98 34 26 74 79 81 77 66 55 23 92 29 33 9 84 31 49 8 20 25 80 81 52 14 94 36 87 40 70 53 10 57 92 12 60 98 86 85 47 86 9 15 89 20 93 39 91 57 11 64 47 52 20 97 15 36 12 95 81 49 2 29 85 6 58 92 11 28 49 67 40 43 31 5 64 90 23 53 3 11 79 18 64 52 43 18 44 67 64 10 84 32 11 59 24 0 63 60 69 47 29 1 24 96 18 93 73 43 15 52 35 47 6 61 54 62 24 23 98 58 9 32 32 57 38 36 41 30 77 
44 48 14 78 72 56 99 43 78 81 89 40 60 63 71 2 85 74 56 72 32 40 95 73 96 42 67 57 28 16 85 31 16 12 37 59 59 70 69 68 24 87 95 12 47 20 7 76 68 21 47 81 51 65 12 14 53 90 39 60 92 49 90 36 80 95 80 1 89 27 71 71 15 7 46 88 30 49 31 91 69 85 15 61 7 51 50 56 63 67 66 16 74 31 40 15 58 8 12 52 54 68 12 65 93 90 44 43 37 95 82 82 84 33 93 45 63 0 12 28 19 64 3 19 23 13 6 89 20 13 25 53 54 4 34 75 35 24 61 1 29 71 68 70 10 14 62 23 6 72 
21 6 42 31 93 65 98 36 47 59 61 3 83 76 97 76 90 8 69 33 2 11 32 88 50 93 88 90 97 46 29 49 34 52 96 49 40 32 87 77 28 75 13 54 62 61 2 75 36 92 9 8 66 89 55 49 60 84 71 59 90 26 44 92 96 38 30 84 26 24 6 30 77 5 38 39 43 11 31 13 69 94 33 45 63 35 52 21 74 13 87 89 89 98 69 11 44 26 17 29 94 79 34 51 98 66 5 91 15 42 11 80 26 2 95 69 60 12 0 18 38 7 29 58 78 55 13 40 93 49 79 81 60 29 83 18 64 8 48 85 90 19 53 30 13 28 60 1 8 82 
31 80 37 44 26 16 76 76 79 52 39 36 12 9 8 2 38 53 66 13 65 68 69 23 32 25 72 39 84 30 57 50 90 88 73 10 95 66 40 31 31 45 90 32 6 58 9 6 22 8 81 28 89 64 9 33 54 43 86 58 8 29 7 95 41 42 5 26 85 68 88 18 3 94 59 57 8 51 16 67 54 57 7 40 87 86 70 71 18 45 6 40 51 86 6 59 43 81 70 86 67 29 90 14 54 59 20 11 96 56 57 65 84 98 47 92 69 28 18 0 3 73 58 76 47 9 82 37 88 72 58 53 38 72 73 68 99 59 36 59 47 83 1 2 76 88 42 99 22 20 
37 64 41 47 98 93 60 29 7 64 12 98 84 35 39 53 6 70 38 87 32 55 39 50 32 90 15 87 59 71 33 38 71 86 38 15 26 1 58 71 69 11 78 75 62 34 83 70 87 18 61 45 21 71 10 46 80 90 37 16 19 46 76 11 31 30 60 22 54 69 49 48 63 58 43 90 66 94 97 30 49 7 72 56 90 45 54 26 86 69 15 34 67 14 72 48 95 78 24 30 58 65 40 37 32 79 6 19 43 83 98 20 23 76 23 30 47 19 38 3 0 37 55 49 72 64 18 22 25 8 75 66 16 41 6 16 10 93 8 7 51 90 17 65 43 93 15 99 43 44 
8 88 19 10 2 41 67 86 92 74 45 80 4 34 82 93 24 58 58 66 19 78 72 56 42 11 27 12 21 15 59 52 15 65 78 32 74 76 74 9 26 7 61 92 15 62 12 43 52 64 4 6 1 60 73 20 56 67 95 83 49 75 37 97 54 56 32 69 35 45 73 38 76 4 29 16 79 96 33 67 11 66 96 90 44 96 1 95 86 64 12 81 48 70 60 39 78 66 40 61 87 85 78 43 59 59 51 51 3 12 85 62 99 96 8 15 29 64 7 73 37 0 41 88 87 51 27 92 11 34 67 40 37 47 54 63 40 94 38 2 97 37 97 89 49 20 75 33 84 1 
46 33 98 68 14 61 75 35 81 84 44 16 84 93 30 65 69 63 98 8 67 46 70 89 40 70 40 20 97 14 87 22 91 77 35 25 74 77 78 18 94 33 58 69 78 89 79 4 91 40 23 47 76 96 90 84 76 97 13 44 77 54 42 88 66 50 78 41 60 74 79 13 28 91 96 76 43 2 85 25 47 6 44 68 25 28 61 25 93 8 43 23 95 82 8 14 29 89 38 47 21 44 62 58 47 13 33 86 61 23 75 94 76 96 37 16 1 3 29 58 55 41 0 20 55 92 73 29 50 36 78 3 63 73 70 8 2 14 90 33 49 77 25 5 82 12 4 82 44 31 
69 43 39 4 39 71 92 45 21 89 8 16 1 26 4 76 21 90 88 3 16 74 54 4 15 16 91 89 44 77 69 1 80 61 40 25 54 20 39 75 51 41 52 11 66 74 81 34 65 62 32 79 15 28 96 34 96 75 43 11 37 24 22 68 51 19 9 2 45 92 56 62 8 91 21 32 24 53 41 38 1 10 36 65 95 71 13 88 61 4 79 65 6 78 34 76 55 32 35 18 47 50 67 9 52 18 42 2 36 49 41 65 33 79 55 21 24 19 58 76 49 88 20 0 78 85 34 44 14 40 11 49 85 62 24 12 24 77 81 13 87 73 7 88 50 93 98 17 74 65 
58 75 64 68 86 50 6 93 24 83 63 95 94 68 75 79 14 84 45 97 44 69 13 29 3 47 59 51 85 82 67 32 66 9 20 23 76 85 32 67 68 9 15 21 93 80 93 77 4 57 96 96 94 55 73 84 85 40 69 61 63 19 2 31 85 16 92 7 22 44 42 61 42 10 23 55 25 59 32 62 87 18 46 42 67 90 20 13 31 30 15 87 41 5 58 43 69 53 30 49 33 77 51 68 5 35 84 39 51 28 1 58 62 36 96 95 96 23 78 47 72 87 55 78 0 26 60 47 73 43 19 72 78 52 26 47 5 43 21 36 79 1 69 20 21 1 9 89 72 79 
83 67 47 55 28 51 27 83 64 56 57 67 86 2 51 63 57 17 58 21 40 24 97 25 48 30 46 75 12 48 23 94 14 40 68 75 78 83 77 49 3 67 68 88 48 33 40 21 9 50 96 70 27 36 48 47 29 95 26 59 55 97 85 67 4 58 29 15 94 83 98 33 22 6 40 59 27 68 35 86 62 88 93 96 36 18 28 70 20 87 85 77 92 26 90 43 39 3 73 93 35 55 77 92 4 80 13 9 86 73 45 63 50 54 25 22 18 13 55 9 64 51 92 85 26 0 37 51 60 9 62 8 88 27 77 21 3 4 30 17 17 6 49 71 44 7 54 54 59 2 
97 89 90 98 39 33 68 9 72 79 97 35 52 99 92 77 30 29 42 4 21 82 47 21 36 45 83 92 99 44 3 19 27 85 32 26 61 64 60 66 99 96 49 73 77 61 7 58 60 43 56 51 72 30 74 55 55 1 89 51 31 81 35 39 29 60 94 21 90 58 89 58 44 93 2 41 15 97 66 47 62 18 29 47 88 49 13 19 8 63 1 7 34 60 58 55 61 26 58 43 94 24 84 36 25 9 12 17 51 4 28 66 94 43 92 39 93 6 13 82 18 27 73 34 60 37 0 64 29 65 87 16 59 58 24 2 49 74 14 72 73 15 38 71 92 72 33 9 4 6 
14 99 3 64 85 91 32 31 7 71 94 84 92 9 17 49 29 46 33 86 2 65 41 66 51 20 85 91 91 76 74 40 52 98 71 20 27 39 82 17 86 73 55 78 14 71 27 2 2 44 11 65 91 29 77 73 14 11 95 67 3 19 88 31 16 89 88 34 59 42 30 33 20 57 1 35 74 57 35 91 46 13 28 19 87 66 88 45 3 63 4 11 80 27 72 41 27 5 96 12 56 4 72 62 3 34 28 42 82 36 24 71 97 79 75 63 73 89 40 37 22 92 29 44 47 51 64 0 48 66 31 44 76 73 93 27 25 31 78 51 43 94 2 24 11 12 7 77 4 20 
11 31 99 81 34 21 12 65 22 28 53 94 33 90 50 37 92 83 28 95 1 82 18 88 33 84 53 41 47 63 2 45 24 19 65 97 7 55 28 33 57 58 10 1 6 19 74 67 10 96 79 88 75 33 12 66 8 33 41 65 4 95 86 45 74 86 82 74 60 4 38 86 80 99 13 70 47 58 75 49 55 76 16 46 64 20 17 12 44 36 60 80 6 24 29 97 98 67 4 35 41 79 6 63 31 56 60 46 92 49 69 36 95 39 40 83 43 20 93 88 25 11 50 14 73 60 29 48 0 70 62 46 32 11 84 1 34 53 15 65 87 98 69 53 27 22 49 80 55 68 
24 18 29 29 2 53 4 78 65 24 25 19 87 28 43 50 55 82 56 36 46 82 94 10 33 75 14 60 38 26 34 50 94 4 56 75 85 87 90 18 19 25 23 39 23 35 77 80 62 86 56 61 27 54 70 72 16 2 82 34 7 24 72 65 42 41 6 67 8 73 1 23 74 71 28 31 15 72 16 31 94 6 10 87 17 64 70 47 59 8 72 29 78 62 48 57 20 87 16 91 70 74 33 30 55 21 89 79 7 80 12 65 7 88 17 58 15 13 49 72 8 34 36 40 43 9 65 66 70 0 77 44 33 46 61 33 25 45 96 87 49 20 90 84 25 90 49 99 10 30 
82 69 79 38 32 39 55 19 51 54 44 75 85 30 71 15 29 69 64 18 83 33 79 12 42 80 10 3 89 26 81 45 11 47 60 62 68 13 40 78 13 95 34 89 42 74 65 78 25 90 19 33 6 98 58 57 84 88 87 68 66 92 15 90 42 89 68 26 71 2 95 10 94 92 6 3 36 93 92 68 16 10 95 94 95 27 97 15 17 43 93 47 67 39 5 99 94 23 3 20 14 85 61 60 29 13 63 68 72 45 33 33 24 24 57 84 52 25 79 58 75 67 78 11 19 62 87 31 62 77 0 10 42 89 76 47 67 77 74 77 99 41 41 9 45 1 14 51 90 98 
8 65 76 65 39 66 2 39 91 70 52 19 82 90 9 74 64 68 81 18 30 94 62 22 43 45 26 9 41 73 8 24 73 41 57 86 78 22 9 59 25 34 99 48 7 39 35 62 38 59 95 88 99 78 95 34 35 27 58 53 77 37 83 17 52 73 94 48 71 51 1 44 39 30 55 14 22 71 9 20 64 44 32 11 28 33 90 51 49 56 49 24 31 89 62 70 60 31 4 18 75 55 42 3 28 65 74 57 13 45 48 33 21 13 54 24 35 53 81 53 66 40 3 49 72 8 16 44 46 44 10 0 47 19 14 34 83 37 75 94 93 37 79 70 36 64 96 31 94 1 
25 61 59 38 29 81 14 12 10 69 11 26 6 78 32 22 82 62 92 56 27 15 36 59 96 99 48 76 7 43 64 37 52 32 27 8 34 19 4 12 38 48 57 6 16 72 27 78 96 98 88 28 76 81 45 54 52 36 57 59 11 16 4 99 44 97 52 98 50 65 76 70 39 53 66 89 67 1 18 44 17 1 54 34 44 2 33 76 29 76 10 44 16 83 52 1 20 58 23 92 27 79 79 25 42 36 84 68 9 8 21 42 88 5 29 74 47 54 60 38 16 37 63 85 78 88 59 76 32 33 42 47 0 8 69 37 40 17 39 33 88 58 61 30 51 54 74 82 6 85 
75 79 43 94 76 58 60 57 93 24 95 18 12 11 26 33 61 84 77 44 8 31 59 88 17 13 65 72 45 62 70 82 30 96 90 54 92 46 15 67 70 95 81 47 31 23 83 79 71 22 78 45 68 77 4 60 44 40 82 48 36 15 10 76 65 83 94 2 13 29 16 98 44 45 26 17 79 40 76 2 66 86 71 57 11 85 95 65 63 97 8 62 45 85 2 17 36 76 86 3 56 30 84 75 40 13 16 5 17 28 62 91 90 95 39 69 6 4 29 72 41 47 73 62 52 27 58 73 11 46 89 19 8 0 29 70 85 62 34 93 41 83 74 45 58 97 10 2 83 85 
93 18 27 19 32 53 57 53 68 47 50 50 70 62 35 72 70 70 57 53 53 39 32 95 84 87 89 30 31 45 6 90 20 43 78 89 52 60 99 34 65 53 15 75 47 16 39 86 52 27 16 45 16 84 22 74 91 31 54 91 67 66 45 68 75 33 48 22 4 20 51 39 10 87 8 33 25 3 61 88 40 89 22 32 83 16 91 88 99 66 24 44 33 14 91 51 90 38 14 88 69 49 7 38 39 17 49 71 19 54 69 60 4 1 94 86 61 34 83 73 6 54 70 24 26 77 24 93 84 61 76 14 69 29 0 84 24 52 65 39 37 21 10 83 44 69 20 58 86 30 
21 40 22 79 52 90 82 84 86 40 19 38 10 17 55 1 84 39 27 96 4 97 31 65 29 78 40 96 59 45 43 70 3 63 31 62 37 61 10 8 59 92 32 72 93 55 92 51 83 23 90 44 78 4 65 69 76 7 3 24 66 78 26 32 48 61 88 62 82 35 6 5 2 5 6 17 85 19 72 81 98 18 67 4 45 79 79 30 7 88 23 65 76 89 75 49 92 59 84 94 86 41 38 87 23 49 89 57 56 35 22 92 62 90 95 75 54 75 18 68 16 63 8 12 47 21 2 27 1 33 47 34 37 70 84 0 35 31 14 33 56 91 41 66 68 73 85 33 11 88 
33 36 59 71 67 20 9 77 34 67 11 21 47 80 98 47 73 75 63 26 22 88 49 79 32 50 86 11 34 54 16 75 37 24 53 76 34 13 76 7 1 12 20 94 33 28 9 86 84 91 55 25 25 89 32 50 79 66 13 15 76 31 49 1 84 42 41 62 3 27 65 38 88 37 59 91 24 73 25 82 37 64 61 21 37 83 7 64 75 49 99 1 45 91 25 12 21 34 11 98 72 81 41 31 84 35 61 86 49 38 75 81 49 43 70 30 62 35 64 99 10 40 2 24 5 3 49 25 34 25 67 83 40 85 24 35 0 67 65 55 82 6 4 81 72 38 95 23 55 54 
13 82 17 93 68 95 39 69 72 78 62 41 75 75 97 25 80 64 54 90 84 1 31 88 92 32 22 73 66 33 36 86 23 17 89 69 84 29 79 5 65 37 43 58 19 24 19 17 74 52 63 19 27 70 44 36 52 80 6 8 32 54 88 24 30 60 18 20 42 73 4 74 18 11 99 60 10 41 90 32 85 27 38 35 8 56 43 67 60 2 7 75 5 73 41 79 69 57 57 68 21 87 15 44 32 84 67 18 31 45 91 48 59 56 3 68 24 24 8 59 93 94 14 77 43 4 74 31 53 45 77 37 17 62 52 31 67 0 34 87 41 60 41 35 60 51 3 12 26 41 
66 29 93 53 33 65 5 26 9 27 40 53 94 77 71 81 49 73 93 30 80 38 97 72 12 54 46 64 22 29 47 69 57 89 32 18 41 12 82 63 14 7 32 18 30 27 25 2 6 59 75 76 57 58 37 69 58 55 29 32 56 61 70 84 77 62 37 10 43 87 84 6 15 87 20 64 95 31 34 16 21 29 98 67 77 53 13 8 53 58 33 97 16 48 97 15 41 83 93 12 6 38 38 83 17 72 99 80 6 30 98 77 32 95 42 56 23 61 48 36 8 38 90 81 21 30 14 78 15 96 74 75 39 34 65 14 65 34 0 39 43 56 60 17 33 28 42 84 40 37 
95 23 38 11 75 43 71 70 52 25 7 24 33 98 6 38 53 13 23 52 63 67 97 87 39 88 45 14 90 6 82 62 99 32 84 44 14 14 65 1 22 61 74 47 72 12 6 22 58 98 51 80 79 89 87 72 30 59 22 63 20 68 94 78 54 83 48 20 19 26 77 34 58 84 68 30 47 52 65 89 67 88 58 96 43 57 33 1 9 81 88 1 11 52 37 32 76 33 41 70 88 2 29 71 5 46 28 80 66 9 73 40 59 42 33 27 98 1 85 59 7 2 33 13 36 17 72 51 65 87 77 94 33 93 39 33 55 87 39 0 83 70 60 77 34 96 17 86 69 9 
61 39 12 33 33 48 77 32 34 18 8 19 39 1 64 17 93 35 39 68 70 43 21 83 88 93 89 36 58 21 24 44 95 98 44 29 65 61 74 22 38 30 28 38 4 61 56 58 19 71 78 1 2 81 60 52 69 45 47 78 85 85 78 90 2 38 52 44 36 24 50 75 94 23 62 94 97 58 80 71 46 2 72 25 44 23 90 18 5 53 69 1 14 98 52 33 79 74 40 60 61 9 40 21 44 21 8 75 36 97 72 84 25 76 62 9 58 29 90 47 51 97 49 87 79 17 73 43 87 49 99 93 88 41 37 56 82 41 43 83 0 35 13 39 37 34 93 80 53 31 
25 42 23 47 98 22 74 60 62 88 80 80 43 31 95 53 93 25 21 48 68 62 7 1 17 79 84 62 1 62 21 47 59 76 1 18 52 83 84 21 99 50 62 88 1 31 46 23 46 28 56 55 22 48 16 97 61 82 90 4 71 96 35 10 90 23 26 13 64 62 79 18 20 55 30 74 90 63 48 4 46 78 92 75 16 58 72 46 44 46 83 32 72 64 88 83 15 76 45 17 82 48 80 84 32 55 86 2 50 70 17 65 39 92 59 51 9 71 19 83 90 37 77 73 1 6 15 94 98 20 41 37 58 83 21 91 6 60 56 70 35 0 6 73 67 66 28 72 26 57 
83 75 7 64 6 98 6 63 8 2 13 52 64 4 25 69 97 84 59 21 9 19 75 43 57 3 69 28 78 8 5 54 22 84 52 53 74 60 16 38 15 56 15 88 51 62 3 17 63 4 67 47 79 19 40 7 50 17 94 19 45 85 76 28 71 48 76 79 60 4 64 9 42 50 98 35 1 44 90 69 66 34 58 40 75 76 75 61 75 96 97 75 54 29 84 99 48 89 67 71 91 90 77 90 95 20 28 28 92 9 40 86 73 18 88 61 32 68 53 1 17 97 25 7 69 49 38 2 69 90 41 79 61 74 10 41 4 41 60 60 13 6 0 26 37 19 27 57 57 82 
98 78 97 94 1 2 80 30 60 46 1 33 24 82 47 93 58 35 44 72 73 1 36 35 10 70 68 6 68 52 24 75 35 7 11 49 7 88 65 51 18 7 54 74 70 98 25 68 87 32 37 95 1 35 69 85 81 92 23 9 67 86 40 40 36 88 87 79 33 54 20 16 43 85 90 29 24 14 34 49 78 81 96 73 32 64 91 11 51 22 12 41 14 28 68 73 74 40 75 4 58 77 55 61 81 88 9 87 34 65 38 69 17 1 96 75 32 70 30 2 65 89 5 88 20 71 71 24 53 84 9 70 30 45 83 66 81 35 17 77 39 73 26 0 28 73 82 28 79 2 
3 71 15 19 38 90 85 67 42 59 4 38 41 65 21 91 95 23 20 80 44 46 37 67 65 97 71 49 16 98 26 13 40 19 73 92 57 84 53 59 91 41 41 4 41 74 48 38 79 11 63 2 91 70 2 5 3 62 98 45 56 64 28 91 4 14 66 38 94 22 74 30 79 4 62 56 64 35 68 54 8 16 91 88 49 32 99 39 96 90 26 12 57 60 3 45 15 66 77 39 73 85 77 71 26 27 42 63 43 90 60 70 8 46 17 5 57 10 13 76 43 49 82 50 21 44 92 11 27 25 45 36 51 58 44 68 72 60 33 34 37 67 37 28 0 34 82 17 30 9 
93 26 88 37 73 39 60 33 28 22 52 31 64 39 23 8 40 90 46 9 96 83 74 58 84 23 36 37 71 51 47 36 55 46 40 95 22 3 48 82 90 64 91 51 36 45 58 61 87 54 37 20 61 77 15 24 4 77 51 94 86 69 14 18 4 24 12 75 58 84 91 53 96 54 50 72 24 36 53 35 39 48 21 7 87 44 79 53 22 74 89 72 23 95 68 27 1 89 29 40 95 11 16 53 36 90 28 22 86 28 75 26 67 97 79 20 38 14 28 88 93 20 12 93 1 7 72 12 22 90 1 64 54 97 69 73 38 51 28 96 34 66 19 73 34 0 91 47 16 2 
99 49 76 30 44 13 32 72 52 18 16 41 64 68 1 61 91 41 76 24 90 95 39 93 27 43 35 83 4 84 32 18 29 65 77 60 60 34 27 79 23 8 44 64 52 81 40 79 67 44 14 71 75 85 83 22 79 84 98 90 96 69 46 76 7 74 91 8 28 95 58 17 42 27 96 46 8 17 94 75 20 78 95 34 11 96 36 10 11 8 94 60 59 79 65 30 65 74 67 64 29 31 75 5 44 98 41 99 36 63 75 68 20 54 55 54 36 62 60 42 15 75 4 98 9 54 33 7 49 49 14 96 74 10 20 85 95 3 42 17 93 28 27 82 82 91 0 96 1 19 
11 51 36 40 25 19 91 61 41 57 68 51 32 31 70 10 79 88 38 61 77 72 72 7 3 3 25 68 48 22 26 12 12 54 14 22 31 92 54 7 21 76 12 64 16 24 80 81 51 25 66 71 53 33 78 36 88 85 15 68 60 22 90 63 7 28 17 7 77 30 48 36 81 33 52 50 29 63 54 24 53 74 6 52 22 35 2 13 65 1 96 76 48 60 28 96 24 42 14 74 93 95 43 94 65 80 83 16 16 80 4 16 44 15 17 95 41 23 1 99 99 33 82 17 89 54 9 77 80 99 51 31 82 2 58 33 23 12 84 86 80 72 57 28 17 47 96 0 71 88 
55 63 64 29 17 78 8 94 72 34 82 74 19 22 23 35 62 76 85 57 73 71 57 71 39 21 62 7 43 10 19 5 60 86 70 87 46 10 17 47 51 27 74 61 50 65 38 91 22 23 53 35 88 27 69 60 73 3 82 26 63 27 19 38 88 3 90 64 89 17 68 66 23 1 73 42 65 96 79 10 60 38 2 84 92 76 30 42 67 15 16 6 64 51 21 33 89 59 11 11 22 15 56 95 65 87 93 61 52 81 87 9 97 17 42 27 30 6 8 22 43 84 44 74 72 59 4 4 55 10 90 94 6 83 86 11 55 26 40 69 53 26 57 79 30 16 1 71 0 28 
97 45 33 55 97 78 67 73 46 44 60 69 41 27 28 64 58 78 35 10 59 97 72 3 86 57 88 39 2 78 12 88 3 44 70 72 69 3 26 13 73 56 73 53 9 72 52 1 94 88 27 63 44 1 32 40 26 87 69 88 77 44 2 61 36 54 73 98 8 23 66 21 40 16 12 41 49 86 68 10 33 25 27 23 24 97 92 24 69 34 94 20 51 11 28 59 69 76 65 80 2 14 64 5 98 7 21 30 37 69 94 93 90 97 91 48 77 72 82 20 44 1 31 65 79 2 6 20 68 30 98 1 85 85 30 88 54 41 37 9 31 57 82 2 9 2 19 88 28 0 
