155
0 38 13 73 10 76 6 80 65 17 2 77 72 7 26 51 21 19 85 12 29 30 15 51 69 88 88 95 97 87 14 10 8 64 62 23 58 2 1 61 82 9 89 14 48 73 31 72 4 71 22 50 58 4 69 25 44 77 27 53 81 42 83 16 65 69 26 99 88 8 27 26 23 10 68 24 28 38 58 84 39 9 33 35 11 24 16 88 26 72 93 75 63 47 33 89 24 56 66 78 4 1 78 7 53 86 71 3 77 92 22 76 8 78 73 76 77 44 21 31 37 8 46 69 58 83 97 14 11 24 82 8 25 75 93 21 33 13 66 95 61 25 83 98 3 93 99 11 55 97 83 87 71 67 72 
38 0 49 55 16 6 18 43 21 49 23 14 98 54 85 11 97 56 62 57 90 22 97 84 26 15 14 85 44 7 78 57 60 16 25 10 67 72 54 70 37 22 41 78 92 50 48 78 41 79 46 88 17 29 46 68 67 79 47 1 30 64 76 36 54 94 34 3 85 84 49 55 33 29 56 83 32 29 95 75 9 33 9 85 78 51 80 42 65 84 25 21 45 16 31 92 15 20 27 87 8 54 48 61 35 33 20 68 25 84 95 39 48 6 80 64 88 33 43 75 67 89 99 31 18 69 65 61 79 18 40 36 82 29 23 39 42 75 78 71 26 49 51 63 45 55 1 87 17 20 10 93 52 11 69 
13 49 0 24 15 64 22 47 4 57 89 81 47 55 80 72 15 78 16 26 54 85 59 86 30 45 38 23 92 55 77 13 60 27 77 72 88 40 44 77 39 92 70 99 34 44 27 57 70 74 53 90 28 44 2 83 95 97 27 85 31 65 23 99 53 4 71 13 40 84 49 62 71 14 37 24 23 67 93 96 54 10 42 58 89 94 77 83 12 37 17 31 85 58 36 42 82 3 86 94 37 47 81 28 73 29 3 14 42 37 41 19 98 39 64 47 90 3 99 29 79 76 59 43 27 22 59 17 93 38 12 23 7 97 15 88 76 36 64 33 92 50 1 23 98 71 37 19 28 29 53 95 51 47 8 
73 55 24 0 86 17 30 12 62 15 31 9 41 49 31 24 67 93 65 13 18 34 11 29 76 6 82 6 43 87 53 58 57 79 88 82 11 73 49 20 13 26 78 17 5 89 28 51 69 4 59 13 3 77 97 97 62 16 75 13 19 31 60 6 17 96 97 61 44 32 45 25 63 80 22 20 78 34 5 40 68 35 35 43 79 83 39 49 82 6 92 9 41 70 6 8 79 38 79 34 28 52 78 31 44 47 10 68 4 68 55 98 64 81 29 38 65 38 94 19 79 71 93 53 11 33 47 64 94 19 37 30 40 29 55 30 56 91 28 61 13 18 72 92 8 84 57 52 33 77 63 52 97 31 23 
10 16 15 86 0 6 92 96 23 77 23 19 94 30 19 53 32 50 99 84 94 46 52 87 16 72 49 29 84 28 44 20 80 71 89 87 12 66 94 16 52 99 87 46 64 43 23 83 41 45 17 18 89 1 98 83 72 15 37 27 33 2 49 89 23 35 95 22 69 68 49 19 98 12 12 53 77 69 46 65 90 41 8 8 34 59 8 35 5 6 62 51 77 46 97 22 93 72 93 26 98 2 14 39 86 28 39 85 34 2 32 39 29 76 32 52 67 68 33 75 33 98 6 1 38 73 44 25 17 97 97 42 25 22 28 47 36 63 69 63 33 46 89 43 58 26 33 34 7 66 52 32 8 14 4 
76 6 64 17 6 0 29 16 30 67 62 84 97 59 83 35 31 58 97 50 47 84 42 21 41 51 5 10 1 91 22 75 22 34 39 38 44 34 96 42 72 70 71 24 87 40 32 38 39 57 88 29 37 67 11 85 1 17 31 4 79 60 54 70 50 75 47 28 34 73 69 40 33 98 8 34 63 15 78 44 62 86 37 13 54 27 83 13 26 2 42 56 56 65 16 93 41 61 71 50 51 33 91 21 53 39 66 81 58 53 90 20 95 65 43 48 22 98 2 90 39 13 19 78 78 89 91 84 40 99 16 38 97 37 99 2 33 31 8 51 51 33 44 42 70 2 98 52 31 83 50 82 83 96 72 
6 18 22 30 92 29 0 22 19 47 45 92 10 5 78 64 24 96 60 65 83 32 2 85 79 69 55 26 84 28 57 93 9 56 77 47 50 12 9 62 75 24 89 90 83 83 6 43 47 22 52 74 43 14 19 24 46 96 53 34 55 15 58 62 41 73 66 23 3 87 2 73 52 72 88 78 63 49 1 43 40 4 58 44 54 44 75 99 98 76 60 67 75 92 6 27 68 32 12 4 55 2 14 60 57 82 9 39 5 71 77 74 6 80 85 60 32 91 8 67 33 47 76 83 45 65 38 48 74 91 85 16 66 53 70 67 90 29 20 18 6 80 11 30 18 82 47 8 18 87 62 65 8 30 56 
80 43 47 12 96 16 22 0 29 44 99 56 6 51 93 64 53 35 99 84 78 38 90 55 5 44 12 30 77 90 33 51 52 43 24 90 44 89 96 29 65 87 59 89 52 23 11 32 10 7 31 68 19 13 74 75 92 66 86 54 43 7 10 37 88 60 9 54 88 19 22 68 15 21 86 10 43 67 21 17 59 78 43 36 76 29 86 35 45 93 83 9 31 65 78 19 39 12 57 53 84 77 69 26 70 32 60 63 30 67 33 72 61 94 73 28 98 94 69 39 61 98 10 68 79 64 21 36 56 29 46 93 57 52 5 80 76 32 77 53 39 84 81 75 71 27 58 31 65 39 19 96 42 96 58 
65 21 4 62 23 30 19 29 0 49 43 53 23 65 71 62 61 97 28 1 27 51 21 27 66 78 19 61 83 60 63 39 24 69 70 62 88 67 20 37 18 22 78 27 33 9 9 21 69 83 55 86 94 75 90 24 95 91 14 12 43 11 89 25 48 69 44 92 14 7 3 68 94 5 29 36 83 78 47 79 7 92 81 21 24 64 72 7 22 65 51 91 10 93 68 86 34 72 9 52 34 62 8 60 42 28 52 41 72 46 95 10 89 47 59 22 55 1 20 20 86 28 98 22 95 19 68 36 96 30 23 57 11 43 73 32 13 83 8 88 9 62 24 35 95 4 56 69 16 25 95 63 27 99 48 
17 49 57 15 77 67 47 44 49 0 88 36 17 88 91 79 88 58 25 56 50 53 25 16 68 74 47 21 67 95 13 26 1 98 99 78 12 91 25 55 48 78 41 60 96 80 90 32 57 34 39 93 21 15 10 68 82 80 4 48 71 43 6 21 58 60 55 78 25 59 80 37 81 59 52 64 74 84 89 83 56 79 71 28 24 54 70 69 24 47 40 67 78 27 25 18 88 2 46 59 22 18 57 34 44 76 99 3 97 91 84 27 27 53 56 8 63 32 80 93 77 47 88 71 70 56 93 99 88 86 75 16 15 57 88 2 85 76 77 91 19 63 46 66 53 29 88 39 21 98 52 60 95 65 15 
2 23 89 31 23 62 45 99 43 88 0 98 53 45 17 65 31 83 11 46 89 79 60 98 43 65 6 91 77 56 43 21 89 69 19 93 50 84 16 18 62 8 65 56 3 91 5 17 78 69 31 53 85 37 99 60 32 36 33 51 52 6 34 1 10 32 36 89 61 39 12 45 44 8 63 57 97 94 53 25 44 52 11 95 50 19 11 62 40 7 8 80 13 1 4 52 16 68 82 60 67 16 62 65 20 45 88 62 22 1 64 95 85 2 85 61 77 23 15 25 47 33 81 71 55 25 78 90 36 58 32 40 15 94 49 14 20 16 98 42 36 26 52 35 23 34 62 79 8 33 4 68 96 58 97 
77 14 81 9 19 84 92 56 53 36 98 0 47 90 22 93 85 59 65 41 79 79 63 63 48 28 72 43 15 94 52 19 79 11 36 50 94 80 90 5 6 87 30 54 81 73 30 39 79 55 43 65 69 45 85 74 51 81 51 36 73 16 40 3 36 98 80 16 16 95 67 35 84 94 19 75 19 26 18 50 38 21 41 53 24 19 80 52 33 38 31 41 51 74 69 81 16 64 65 92 21 55 24 7 25 1 49 81 29 89 2 74 22 1 77 33 41 82 84 31 88 54 34 83 23 4 35 50 89 71 38 34 13 38 80 66 7 80 93 4 33 86 45 30 47 68 67 29 58 85 44 95 94 21 53 
72 98 47 41 94 97 10 6 23 17 53 47 0 32 26 64 53 60 18 23 55 14 31 24 51 22 72 4 24 13 78 8 53 31 27 9 97 85 82 74 40 57 61 26 66 96 28 19 87 2 35 3 18 86 12 94 54 60 83 12 84 4 84 1 94 86 52 92 33 87 85 82 6 12 70 10 47 75 94 33 39 43 64 24 41 64 64 32 19 41 6 93 80 83 75 41 26 69 50 83 87 47 14 22 81 82 95 50 52 15 31 11 86 5 8 55 60 85 99 42 36 57 14 12 53 67 22 82 95 35 62 92 86 61 93 99 92 75 9 76 82 28 26 87 37 15 4 93 85 73 44 9 56 18 61 
7 54 55 49 30 59 5 51 65 88 45 90 32 0 33 99 84 28 96 53 51 81 92 80 27 38 25 57 41 53 39 20 45 21 64 22 66 69 93 19 69 17 79 60 57 45 36 40 62 33 68 54 63 76 9 35 34 93 26 68 2 99 9 90 28 30 90 78 11 62 17 80 75 77 98 1 31 4 82 65 39 68 31 22 27 96 11 70 34 37 10 1 56 70 11 4 40 78 38 17 26 47 8 44 1 57 15 56 56 53 79 98 54 61 1 15 61 67 96 40 72 8 17 67 62 70 51 59 80 15 78 13 12 80 96 35 7 70 86 45 71 73 13 47 83 8 30 61 83 74 47 87 85 98 48 
26 85 80 31 19 83 78 93 71 91 17 22 26 33 0 89 74 77 88 46 37 88 40 38 7 44 59 2 84 30 49 56 46 9 35 30 1 80 20 5 72 2 9 27 41 90 33 71 97 8 39 82 30 4 75 51 92 17 50 43 71 9 32 26 35 55 98 97 71 6 64 95 25 47 21 23 1 70 23 28 26 65 46 39 58 53 53 33 70 80 6 34 65 54 54 54 13 81 97 34 52 56 81 55 13 86 11 82 79 72 85 30 13 64 8 71 83 64 65 45 70 76 89 35 15 60 89 34 25 4 42 31 23 54 97 92 92 83 98 37 7 39 99 32 63 48 63 35 72 43 21 91 51 23 3 
51 11 72 24 53 35 64 64 62 79 65 93 64 99 89 0 64 1 93 6 73 53 10 95 98 12 99 41 92 77 88 62 3 23 83 94 99 48 30 96 99 81 2 76 2 53 93 65 76 79 63 77 49 37 50 15 74 22 33 72 1 47 25 81 38 17 53 69 93 91 8 61 10 35 64 67 69 14 67 92 1 35 71 17 38 18 39 83 15 38 63 1 34 50 78 32 58 59 74 77 29 77 54 59 32 95 14 39 92 88 60 47 63 87 62 40 72 3 60 26 58 33 31 53 92 42 79 58 46 86 26 74 75 7 3 31 78 79 92 97 43 19 84 90 89 57 43 5 12 25 23 7 5 80 29 
21 97 15 67 32 31 24 53 61 88 31 85 53 84 74 64 0 54 31 22 28 6 36 73 83 49 52 95 25 77 41 86 29 41 48 24 29 85 90 38 6 24 69 21 14 57 30 29 92 55 29 64 82 61 70 84 73 80 49 53 93 93 97 58 95 40 91 79 62 58 6 77 26 80 94 38 45 61 16 93 42 64 8 3 47 76 53 67 26 38 4 26 85 65 1 53 82 47 85 18 55 36 79 61 51 47 24 66 1 33 13 91 76 26 56 70 6 15 88 3 92 65 99 88 59 25 46 15 78 87 33 92 73 39 84 21 25 72 28 38 96 83 17 55 97 53 74 6 67 81 95 51 3 90 33 
19 56 78 93 50 58 96 35 97 58 83 59 60 28 77 1 54 0 8 90 86 37 67 74 12 36 43 40 53 94 85 21 74 8 53 70 58 63 90 84 17 29 46 83 82 69 68 62 84 70 39 75 64 73 13 35 25 84 35 23 90 41 88 76 78 39 76 22 16 56 69 83 69 12 37 58 28 80 2 13 2 9 90 64 91 16 86 81 85 28 94 8 15 76 13 62 21 38 63 67 34 58 75 73 6 1 3 5 65 58 36 31 5 76 81 15 3 53 55 16 97 89 1 60 63 2 92 68 82 42 84 45 98 7 88 57 50 48 73 60 94 83 81 99 93 39 11 88 66 96 89 60 74 96 92 
85 62 16 65 99 97 60 99 28 25 11 65 18 96 88 93 31 8 0 35 51 52 83 83 52 92 25 56 69 66 38 58 98 88 45 58 42 33 28 56 64 81 92 77 57 27 63 54 93 23 39 21 59 44 20 46 76 38 85 35 88 59 2 41 86 38 59 8 25 25 84 42 95 28 33 15 26 14 79 37 25 4 57 94 32 29 77 3 61 60 73 41 16 38 8 83 39 48 61 61 49 83 9 86 69 40 64 55 14 62 41 74 75 69 25 26 34 19 79 47 79 8 78 9 39 50 15 18 46 58 78 88 27 32 59 24 38 43 94 90 82 97 27 47 19 25 40 76 40 7 69 40 47 22 68 
12 57 26 13 84 50 65 84 1 56 46 41 23 53 46 6 22 90 35 0 74 25 72 33 13 87 66 8 3 97 21 4 86 95 36 18 18 56 44 53 96 26 90 30 52 68 48 21 72 80 9 24 61 57 10 47 61 66 63 22 14 23 28 26 18 33 94 15 86 53 26 61 84 69 90 25 58 64 13 19 27 78 26 1 23 15 75 40 76 20 10 72 54 67 28 89 3 72 86 20 15 14 98 83 23 62 82 12 29 45 3 4 11 32 92 97 30 56 30 34 42 66 50 26 86 49 54 49 1 39 8 22 6 16 78 81 64 98 31 33 73 45 41 68 25 79 68 51 49 36 53 32 2 65 32 
29 90 54 18 94 47 83 78 27 50 89 79 55 51 37 73 28 86 51 74 0 19 67 16 44 40 21 2 1 46 83 30 27 8 53 4 22 84 80 63 70 68 9 73 44 96 90 77 73 59 69 59 82 64 93 53 38 48 52 24 71 1 24 23 88 60 9 3 19 4 15 80 68 35 82 65 45 43 35 79 45 61 68 43 23 42 69 42 40 81 43 68 99 14 26 39 76 6 93 23 40 74 15 48 72 2 34 71 61 20 16 98 99 54 70 21 36 39 50 82 59 13 76 54 25 96 23 34 25 31 88 1 88 36 46 64 9 42 15 63 11 30 31 38 98 40 11 68 55 78 46 74 69 24 82 
30 22 85 34 46 84 32 38 51 53 79 79 14 81 88 53 6 37 52 25 19 0 65 82 82 33 94 15 31 39 97 88 1 38 67 43 62 19 1 46 83 95 72 71 97 54 1 43 41 40 25 41 93 73 32 5 30 36 36 49 31 48 1 80 8 53 10 25 52 86 92 76 15 82 62 41 13 28 45 1 55 65 17 91 18 60 91 96 38 73 84 82 40 44 71 91 24 31 74 64 91 49 45 95 17 60 91 45 86 49 18 52 49 7 77 67 87 36 45 79 99 1 39 19 82 37 49 4 52 49 4 89 58 17 88 64 87 22 34 95 32 69 39 72 70 54 13 97 47 41 18 94 79 62 36 
15 97 59 11 52 42 2 90 21 25 60 63 31 92 40 10 36 67 83 72 67 65 0 59 32 31 49 31 97 97 21 7 75 36 37 74 39 72 57 72 68 50 62 83 99 84 86 88 48 1 66 22 22 40 77 61 3 41 78 44 84 60 67 79 86 51 23 38 14 16 85 47 39 90 55 28 30 49 16 74 30 52 50 89 65 14 53 95 60 35 4 65 81 93 58 1 10 91 39 18 14 43 53 10 39 26 58 82 52 70 54 90 70 30 91 63 77 21 56 89 96 2 63 55 11 32 70 96 48 49 11 41 26 73 88 23 50 56 89 4 29 25 21 66 88 10 12 22 59 88 95 65 79 88 72 
51 84 86 29 87 21 85 55 27 16 98 63 24 80 38 95 73 74 83 33 16 82 59 0 87 83 1 43 35 67 58 93 7 71 3 13 91 5 1 35 77 9 24 62 28 16 12 86 54 91 48 61 89 30 84 51 70 39 84 75 96 48 6 60 12 36 52 85 74 13 36 17 10 85 59 49 22 48 72 57 52 68 4 93 51 54 88 80 93 40 81 83 83 3 31 86 48 66 42 57 42 80 45 95 80 87 34 55 16 28 38 6 65 35 43 88 45 91 43 45 53 89 58 81 3 65 74 96 50 32 32 42 40 15 3 48 36 51 33 33 42 43 96 17 84 29 32 92 12 39 88 17 57 10 65 
69 26 30 76 16 41 79 5 66 68 43 48 51 27 7 98 83 12 52 13 44 82 32 87 0 84 27 3 39 86 31 87 54 32 31 37 16 22 93 48 74 45 5 67 44 19 60 91 30 78 10 24 91 9 92 15 88 48 73 38 42 90 31 40 6 34 75 20 94 38 90 16 13 98 65 1 70 51 48 19 69 68 67 75 70 56 66 82 51 49 5 51 57 79 39 11 95 25 40 59 56 1 39 94 86 96 71 74 56 16 97 50 56 7 33 30 94 79 20 29 79 42 93 25 90 11 70 16 47 30 45 20 84 75 80 45 99 13 87 78 50 32 54 88 93 79 3 70 97 23 43 3 21 57 40 
88 15 45 6 72 51 69 44 78 74 65 28 22 38 44 12 49 36 92 87 40 33 31 83 84 0 38 27 22 4 63 29 10 55 2 29 7 45 68 33 30 70 13 91 16 75 93 17 24 16 12 5 72 95 25 81 38 64 61 82 50 79 12 1 48 24 82 91 13 57 82 29 36 81 9 17 7 22 35 48 46 43 26 36 76 27 54 88 75 67 78 61 53 50 37 61 96 48 70 35 62 33 48 19 92 92 74 82 13 42 58 71 3 35 81 67 88 72 15 27 40 91 59 46 83 85 53 14 10 26 48 65 89 40 86 22 46 45 89 84 69 68 71 36 35 25 62 88 74 21 77 73 59 56 16 
88 14 38 82 49 5 55 12 19 47 6 72 72 25 59 99 52 43 25 66 21 94 49 1 27 38 0 83 42 64 28 97 83 90 72 74 97 61 90 80 89 23 35 56 8 38 99 1 76 74 64 58 65 40 15 23 27 16 82 77 93 27 50 89 33 26 99 53 61 78 6 47 65 11 98 2 57 73 92 57 22 87 38 73 75 93 15 15 50 89 46 87 31 84 78 72 59 63 43 19 59 76 13 29 46 50 95 23 77 57 90 39 87 12 20 89 51 75 92 91 41 60 3 9 76 72 30 96 11 73 64 14 36 62 28 6 49 37 83 68 7 39 19 72 54 16 53 47 98 75 54 4 25 44 26 
95 85 23 6 29 10 26 30 61 21 91 43 4 57 2 41 95 40 56 8 2 15 31 43 3 27 83 0 27 2 7 19 35 32 97 81 99 44 52 37 83 9 3 20 63 95 76 26 36 80 63 77 77 75 71 48 79 32 34 44 10 57 87 47 38 37 11 51 78 20 46 35 36 8 72 2 4 47 62 7 4 9 37 85 49 82 15 16 49 44 44 58 86 68 47 51 3 1 82 59 19 46 66 28 97 84 59 21 97 44 85 12 99 91 47 38 89 41 7 45 31 59 34 66 22 90 58 1 78 68 16 71 4 48 43 2 82 48 17 69 22 62 30 45 97 67 35 89 87 78 98 39 11 22 17 
97 44 92 43 84 1 84 77 83 67 77 15 24 41 84 92 25 53 69 3 1 31 97 35 39 22 42 27 0 79 8 54 54 68 78 13 87 86 29 14 62 7 58 46 62 52 94 7 58 41 8 5 93 8 19 52 73 3 83 47 19 87 30 36 12 53 77 38 79 70 25 70 30 78 25 43 11 66 86 54 21 14 27 7 32 84 50 66 55 1 51 82 38 77 71 21 55 16 46 30 71 15 14 77 82 48 44 76 63 26 26 73 43 62 45 45 54 33 29 6 21 62 8 52 98 51 84 22 10 78 12 68 36 38 42 10 16 94 86 77 30 53 26 87 38 16 23 92 37 46 67 4 59 96 73 
87 7 55 87 28 91 28 90 60 95 56 94 13 53 30 77 77 94 66 97 46 39 97 67 86 4 64 2 79 0 73 90 17 86 75 33 63 7 74 38 3 46 14 42 34 4 5 31 66 70 89 75 37 66 57 78 71 17 43 98 58 94 6 90 88 30 96 70 87 42 82 52 47 59 40 84 16 76 94 94 53 57 26 80 37 5 83 95 12 43 23 85 29 57 33 59 87 69 67 23 3 74 2 34 81 8 64 70 6 43 16 36 47 82 24 21 5 24 26 47 32 26 19 12 54 46 7 21 6 68 12 45 45 27 86 57 81 54 38 47 12 65 57 84 23 57 77 75 72 37 51 32 24 29 1 
14 78 77 53 44 22 57 33 63 13 43 52 78 39 49 88 41 85 38 21 83 97 21 58 31 63 28 7 8 73 0 40 62 33 67 59 47 80 38 54 91 89 34 35 26 79 20 84 53 76 85 64 97 80 99 42 39 40 7 9 1 88 43 19 45 44 94 6 3 63 37 95 60 84 20 24 31 18 99 40 56 24 17 10 92 31 49 50 38 52 22 1 32 94 19 40 45 50 45 24 37 82 90 70 75 86 69 62 44 47 54 75 13 36 18 12 5 88 27 66 17 76 26 64 25 17 80 85 57 20 34 66 30 39 84 54 70 92 65 20 55 76 70 71 94 23 82 29 98 74 58 51 21 30 33 
10 57 13 58 20 75 93 51 39 26 21 19 8 20 56 62 86 21 58 4 30 88 7 93 87 29 97 19 54 90 40 0 44 92 48 47 58 80 2 13 40 20 56 60 58 67 89 58 54 56 3 34 45 54 38 63 74 61 70 73 87 83 13 49 9 84 65 27 53 18 28 43 49 54 93 15 85 46 29 16 34 90 71 15 91 80 66 14 27 52 24 94 11 73 52 30 20 3 37 23 57 99 95 59 22 35 40 55 29 12 60 3 4 87 11 28 2 62 71 13 31 68 80 62 58 8 43 4 54 90 13 75 76 60 35 70 51 98 93 22 86 76 44 4 85 7 2 66 97 19 54 8 71 47 26 
8 60 60 57 80 22 9 52 24 1 89 79 53 45 46 3 29 74 98 86 27 1 75 7 54 10 83 35 54 17 62 44 0 35 56 72 64 95 12 13 50 80 68 55 70 82 42 32 83 34 74 10 89 75 96 2 20 12 73 42 24 36 59 30 15 2 50 95 40 28 58 20 33 12 52 88 86 65 77 61 9 40 85 98 19 4 47 41 32 96 43 63 24 17 89 32 98 76 84 7 19 46 65 54 86 44 51 43 14 8 1 6 14 9 39 67 60 98 67 6 26 89 7 16 75 60 20 51 23 3 76 76 51 42 9 48 84 28 10 71 19 79 70 62 84 36 36 57 54 23 14 49 22 8 7 
64 16 27 79 71 34 56 43 69 98 69 11 31 21 9 23 41 8 88 95 8 38 36 71 32 55 90 32 68 86 33 92 35 0 78 29 44 85 71 98 29 74 90 7 54 14 73 55 90 51 49 39 58 35 69 66 52 25 86 48 39 85 39 32 79 79 9 37 96 73 38 78 35 40 20 68 32 71 65 56 60 57 27 90 78 31 53 89 32 84 44 1 52 11 73 40 77 14 70 70 50 12 13 60 14 90 32 20 26 65 87 67 19 87 92 99 99 37 49 15 41 46 79 64 1 55 21 85 24 56 60 41 38 3 35 70 44 91 41 84 61 46 19 69 27 61 46 59 24 2 41 14 78 63 52 
62 25 77 88 89 39 77 24 70 99 19 36 27 64 35 83 48 53 45 36 53 67 37 3 31 2 72 97 78 75 67 48 56 78 0 95 48 62 58 65 98 24 2 3 68 84 5 9 78 15 14 99 7 96 69 98 87 29 74 35 84 59 49 10 15 32 25 25 23 75 26 20 97 75 62 86 8 54 89 62 76 69 18 44 29 18 53 49 92 95 60 22 87 72 93 10 11 21 84 16 47 39 20 61 7 24 32 92 1 84 72 10 68 66 3 66 48 87 26 20 5 53 71 5 23 63 60 41 70 71 24 77 32 59 28 73 31 19 57 45 37 60 89 57 84 57 2 49 9 55 24 94 54 71 24 
23 10 72 82 87 38 47 90 62 78 93 50 9 22 30 94 24 70 58 18 4 43 74 13 37 29 74 81 13 33 59 47 72 29 95 0 43 69 62 31 73 27 36 89 95 22 61 33 91 87 19 10 30 75 31 59 40 95 26 74 74 54 76 78 61 27 7 85 68 78 34 92 52 37 34 84 41 14 65 52 74 7 57 22 60 31 46 69 58 20 83 32 71 61 76 34 18 79 97 1 83 42 68 86 63 35 25 98 73 13 51 64 65 34 60 36 20 7 24 97 61 19 97 63 10 24 41 77 98 7 80 35 81 7 33 13 71 96 52 46 18 88 87 85 7 58 58 84 73 7 88 19 31 7 88 
58 67 88 11 12 44 50 44 88 12 50 94 97 66 1 99 29 58 42 18 22 62 39 91 16 7 97 99 87 63 47 58 64 44 48 43 0 14 54 62 41 39 17 48 39 98 1 66 49 70 32 66 1 76 77 20 85 83 64 39 55 87 13 22 19 46 60 61 13 29 12 14 61 83 60 88 84 3 34 92 10 3 77 44 82 18 89 54 51 76 7 37 95 17 77 99 63 23 71 70 83 16 96 19 22 10 3 79 79 7 97 60 37 26 6 62 9 7 21 57 14 94 4 79 6 82 91 40 99 8 33 11 69 45 99 82 80 98 20 50 67 62 51 26 41 25 56 3 87 6 10 95 81 26 54 
2 72 40 73 66 34 12 89 67 91 84 80 85 69 80 48 85 63 33 56 84 19 72 5 22 45 61 44 86 7 80 80 95 85 62 69 14 0 72 66 56 64 8 69 87 40 58 74 78 39 32 77 60 82 28 90 40 9 4 15 99 10 76 79 82 65 74 84 16 65 53 48 27 54 17 26 8 25 5 10 26 37 90 81 53 70 55 26 42 19 12 81 4 2 18 51 91 19 46 45 49 21 92 17 36 30 8 29 7 30 98 97 95 3 89 91 61 70 1 87 15 69 74 16 87 90 45 68 16 51 35 53 15 71 31 29 93 73 35 60 15 81 13 87 64 86 79 3 10 76 31 33 20 68 77 
1 54 44 49 94 96 9 96 20 25 16 90 82 93 20 30 90 90 28 44 80 1 57 1 93 68 90 52 29 74 38 2 12 71 58 62 54 72 0 31 71 9 18 75 67 49 66 17 33 18 78 59 12 67 34 8 7 5 63 1 22 21 38 51 59 82 79 7 47 13 62 50 52 28 60 15 22 88 54 14 75 35 50 71 24 54 52 13 71 11 99 5 97 12 75 38 32 44 95 38 87 1 39 26 23 45 94 47 86 14 32 47 82 67 37 53 35 32 14 48 19 26 64 87 6 24 20 31 5 8 52 99 67 65 28 96 56 1 44 44 91 63 65 5 7 25 24 28 31 69 26 94 51 68 3 
61 70 77 20 16 42 62 29 37 55 18 5 74 19 5 96 38 84 56 53 63 46 72 35 48 33 80 37 14 38 54 13 13 98 65 31 62 66 31 0 99 86 57 19 13 25 38 70 65 59 1 65 14 22 38 99 15 18 91 90 23 21 51 73 49 11 24 97 66 13 21 86 22 47 32 27 35 59 91 83 70 15 80 84 79 63 26 68 18 20 55 38 1 81 62 62 4 17 54 78 25 65 20 72 63 54 5 5 72 84 70 80 61 98 54 33 88 7 3 41 6 22 4 12 80 68 7 76 47 17 64 5 20 41 38 63 59 6 80 87 75 45 11 7 33 41 9 67 96 73 58 25 95 34 48 
82 37 39 13 52 72 75 65 18 48 62 6 40 69 72 99 6 17 64 96 70 83 68 77 74 30 89 83 62 3 91 40 50 29 98 73 41 56 71 99 0 95 53 92 12 37 7 61 30 50 56 7 41 64 8 76 27 56 32 83 96 55 78 77 7 96 91 79 58 14 84 24 21 66 91 85 55 67 84 88 38 17 8 81 69 16 16 83 21 48 21 59 10 97 56 60 89 8 26 10 11 37 40 21 83 76 29 99 41 86 84 6 11 49 61 68 60 34 22 77 84 7 22 15 42 66 79 69 39 92 54 81 95 13 90 78 61 58 52 15 68 49 55 10 23 34 99 57 81 15 32 20 43 32 74 
9 22 92 26 99 70 24 87 22 78 8 87 57 17 2 81 24 29 81 26 68 95 50 9 45 70 23 9 7 46 89 20 80 74 24 27 39 64 9 86 95 0 28 62 15 54 41 91 44 12 74 73 32 52 59 16 49 4 26 65 29 69 60 60 84 78 5 70 67 74 44 88 84 74 79 63 5 73 41 98 13 19 55 36 20 32 10 71 30 33 86 95 87 85 84 12 85 97 96 83 29 90 37 18 96 22 11 80 62 40 89 91 72 84 46 13 20 45 20 85 64 42 64 31 52 12 54 32 75 92 69 11 21 88 73 78 1 39 89 48 6 47 75 72 94 58 18 47 38 88 88 74 4 51 64 
89 41 70 78 87 71 89 59 78 41 65 30 61 79 9 2 69 46 92 90 9 72 62 24 5 13 35 3 58 14 34 56 68 90 2 36 17 8 18 57 53 28 0 64 61 53 49 52 7 64 94 2 25 23 89 49 35 23 40 19 64 75 89 18 8 28 87 79 3 51 17 44 80 12 78 14 95 39 1 72 27 93 77 95 89 55 17 63 74 57 54 40 19 65 79 69 59 51 54 44 48 51 48 88 95 55 75 66 4 45 12 53 57 41 15 39 98 14 47 62 6 62 15 78 66 93 48 77 14 6 23 42 7 16 31 47 93 33 19 30 72 4 1 51 70 41 36 52 16 50 9 68 66 35 35 
14 78 99 17 46 24 90 89 27 60 56 54 26 60 27 76 21 83 77 30 73 71 83 62 67 91 56 20 46 42 35 60 55 7 3 89 48 69 75 19 92 62 64 0 86 39 3 46 59 18 34 93 9 45 6 10 42 51 74 78 63 8 33 80 67 42 78 77 49 92 14 76 2 33 28 10 37 8 55 12 90 37 81 59 77 64 24 33 66 80 76 74 63 18 87 66 6 77 60 45 93 30 57 57 68 54 18 13 53 83 94 20 61 58 34 62 89 74 80 33 61 71 19 35 74 39 72 23 16 55 28 24 27 12 61 31 62 98 74 45 81 24 65 72 18 65 13 85 39 77 38 38 84 44 88 
48 92 34 5 64 87 83 52 33 96 3 81 66 57 41 2 14 82 57 52 44 97 99 28 44 16 8 63 62 34 26 58 70 54 68 95 39 87 67 13 12 15 61 86 0 78 14 44 91 28 47 69 5 99 32 59 90 42 64 97 83 55 88 40 72 37 40 71 17 11 26 48 12 79 64 44 94 42 24 34 89 47 26 46 31 95 87 26 97 38 7 23 30 84 32 88 98 54 16 84 87 16 79 36 7 2 9 83 12 79 81 93 40 7 27 74 77 65 35 27 83 39 92 9 19 25 6 56 46 3 25 48 58 40 80 38 52 10 38 9 70 16 57 67 38 23 76 19 7 78 72 35 41 53 25 
73 50 44 89 43 40 83 23 9 80 91 73 96 45 90 53 57 69 27 68 96 54 84 16 19 75 38 95 52 4 79 67 82 14 84 22 98 40 49 25 37 54 53 39 78 0 50 7 33 67 13 59 87 33 49 46 56 33 27 16 60 57 31 67 28 94 21 49 39 23 65 62 85 88 68 70 67 8 16 26 95 63 28 94 19 91 85 74 80 37 1 13 24 98 10 47 87 76 75 6 70 43 4 34 77 21 58 2 67 80 78 62 78 79 86 51 86 17 2 22 58 23 17 68 38 61 79 81 91 1 38 77 81 82 8 61 93 24 13 51 16 64 9 3 43 18 16 51 26 64 52 55 28 45 59 
31 48 27 28 23 32 6 11 9 90 5 30 28 36 33 93 30 68 63 48 90 1 86 12 60 93 99 76 94 5 20 89 42 73 5 61 1 58 66 38 7 41 49 3 14 50 0 80 5 12 37 22 93 10 91 22 13 46 98 29 40 3 48 71 51 19 92 93 37 83 74 57 66 5 48 39 80 76 19 50 64 71 55 43 70 42 21 17 1 40 68 36 22 87 52 91 65 4 9 60 2 10 62 25 38 96 71 52 83 84 74 6 58 19 46 63 87 79 87 67 51 22 94 73 71 77 81 37 69 37 77 45 48 45 52 21 3 47 77 37 46 15 25 85 72 31 94 96 12 51 73 69 95 80 63 
72 78 57 51 83 38 43 32 21 32 17 39 19 40 71 65 29 62 54 21 77 43 88 86 91 17 1 26 7 31 84 58 32 55 9 33 66 74 17 70 61 91 52 46 44 7 80 0 49 83 36 13 82 32 71 3 71 86 26 25 53 37 2 90 52 96 63 42 68 67 43 55 53 72 31 29 24 10 9 46 94 46 70 21 92 8 18 64 40 62 57 50 43 44 96 86 90 59 98 22 27 23 91 52 59 98 71 28 4 32 11 54 44 25 23 88 16 76 68 24 55 59 67 16 92 27 25 6 27 45 94 81 82 68 58 66 1 12 34 19 61 6 6 72 15 81 26 55 19 85 45 59 71 96 49 
4 41 70 69 41 39 47 10 69 57 78 79 87 62 97 76 92 84 93 72 73 41 48 54 30 24 76 36 58 66 53 54 83 90 78 91 49 78 33 65 30 44 7 59 91 33 5 49 0 11 91 47 73 33 29 76 4 53 34 82 56 91 20 64 12 4 40 31 23 78 63 65 57 72 36 53 47 9 81 61 4 23 32 96 96 56 11 79 56 19 95 88 78 16 90 55 63 75 51 78 56 67 37 63 37 14 66 53 27 73 90 93 92 48 99 13 54 43 17 49 21 8 85 24 77 38 16 5 16 9 49 37 67 78 19 45 39 12 30 97 74 6 94 31 45 2 39 5 33 86 71 61 4 13 68 
71 79 74 4 45 57 22 7 83 34 69 55 2 33 8 79 55 70 23 80 59 40 1 91 78 16 74 80 41 70 76 56 34 51 15 87 70 39 18 59 50 12 64 18 28 67 12 83 11 0 12 14 29 4 98 71 29 75 90 16 42 14 2 52 77 84 72 56 10 81 8 28 45 6 47 79 96 70 51 65 88 61 33 88 28 45 45 44 25 19 76 80 1 55 47 95 2 20 71 71 35 63 10 5 63 49 47 49 91 81 11 71 26 20 9 65 3 73 65 94 20 74 67 32 66 65 69 46 92 94 23 98 55 62 48 25 24 27 34 84 95 41 19 15 39 64 7 72 53 15 44 80 84 41 22 
22 46 53 59 17 88 52 31 55 39 31 43 35 68 39 63 29 39 39 9 69 25 66 48 10 12 64 63 8 89 85 3 74 49 14 19 32 32 78 1 56 74 94 34 47 13 37 36 91 12 0 61 97 23 49 86 72 96 38 85 67 57 51 66 89 21 1 76 15 94 27 72 91 75 27 6 99 76 68 16 78 25 27 57 79 2 22 79 1 91 61 75 53 88 44 64 29 59 92 13 95 14 9 70 27 64 4 5 35 60 8 76 41 20 69 28 88 6 1 83 45 54 55 89 68 30 22 37 40 54 64 17 96 72 77 63 73 22 74 19 83 55 75 74 4 31 79 70 99 97 17 33 49 18 24 
50 88 90 13 18 29 74 68 86 93 53 65 3 54 82 77 64 75 21 24 59 41 22 61 24 5 58 77 5 75 64 34 10 39 99 10 66 77 59 65 7 73 2 93 69 59 22 13 47 14 61 0 76 94 92 65 89 64 71 60 96 28 55 36 30 29 33 54 98 78 81 77 84 4 89 70 58 89 81 48 19 35 70 77 85 33 27 1 75 20 45 29 4 53 93 58 9 62 11 20 28 99 7 36 54 9 22 87 31 96 69 13 52 23 21 94 33 91 96 2 38 25 83 1 7 68 82 5 13 15 59 5 85 94 50 22 41 82 18 67 54 47 33 9 33 75 32 60 50 12 12 55 9 10 73 
58 17 28 3 89 37 43 19 94 21 85 69 18 63 30 49 82 64 59 61 82 93 22 89 91 72 65 77 93 37 97 45 89 58 7 30 1 60 12 14 41 32 25 9 5 87 93 82 73 29 97 76 0 90 96 73 48 74 77 12 70 58 95 45 4 22 65 32 44 37 87 60 16 40 69 2 15 83 78 69 32 57 38 30 48 70 6 35 28 64 63 12 59 9 54 37 75 13 27 77 3 86 71 21 48 47 1 53 98 6 17 45 30 49 51 87 18 97 58 33 79 2 22 95 1 77 22 85 92 80 53 57 67 92 89 79 96 57 10 12 85 60 14 49 33 46 20 84 34 84 47 55 73 66 72 
4 29 44 77 1 67 14 13 75 15 37 45 86 76 4 37 61 73 44 57 64 73 40 30 9 95 40 75 8 66 80 54 75 35 96 75 76 82 67 22 64 52 23 45 99 33 10 32 33 4 23 94 90 0 57 34 54 60 74 69 50 36 69 72 52 97 7 85 5 24 22 36 60 40 67 61 34 9 4 69 7 8 68 30 95 78 98 37 75 30 91 56 50 82 46 11 16 71 24 37 25 70 26 73 99 77 79 45 97 12 11 84 94 53 31 31 63 22 23 43 57 96 93 38 44 86 96 73 95 2 17 27 2 98 53 60 54 80 56 76 96 85 29 55 14 8 16 84 35 52 44 91 76 79 52 
69 46 2 97 98 11 19 74 90 10 99 85 12 9 75 50 70 13 20 10 93 32 77 84 92 25 15 71 19 57 99 38 96 69 69 31 77 28 34 38 8 59 89 6 32 49 91 71 29 98 49 92 96 57 0 58 30 69 61 50 81 3 4 79 88 73 26 40 10 44 57 65 10 2 82 16 87 84 80 64 93 6 82 65 28 19 16 12 71 92 52 6 69 21 53 60 37 3 69 27 22 45 43 43 49 54 5 17 50 21 20 34 65 85 46 35 36 89 25 61 13 82 37 39 16 86 90 84 43 90 67 97 75 40 95 1 11 33 2 88 27 36 40 31 7 66 80 55 59 45 82 17 92 62 77 
25 68 83 97 83 85 24 75 24 68 60 74 94 35 51 15 84 35 46 47 53 5 61 51 15 81 23 48 52 78 42 63 2 66 98 59 20 90 8 99 76 16 49 10 59 46 22 3 76 71 86 65 73 34 58 0 84 85 3 87 35 77 86 44 23 72 22 80 98 48 60 72 64 36 30 54 35 14 70 48 91 6 55 98 33 13 28 92 99 70 18 31 34 58 14 3 74 35 52 16 8 72 77 13 22 67 10 37 60 72 46 34 92 78 34 74 98 85 39 71 86 37 95 13 43 69 26 89 95 41 82 87 58 57 82 54 3 13 6 29 22 47 90 94 23 98 51 98 15 82 69 82 22 4 90 
44 67 95 62 72 1 46 92 95 82 32 51 54 34 92 74 73 25 76 61 38 30 3 70 88 38 27 79 73 71 39 74 20 52 87 40 85 40 7 15 27 49 35 42 90 56 13 71 4 29 72 89 48 54 30 84 0 73 51 52 20 53 20 60 24 59 77 36 73 71 31 81 90 52 63 50 44 13 97 51 33 35 55 84 91 46 46 9 53 79 90 22 64 32 6 72 8 39 9 60 94 72 94 98 83 2 67 43 99 47 60 59 58 16 83 44 11 61 59 51 67 65 34 68 53 59 48 91 24 15 8 32 63 78 4 19 9 45 94 90 68 26 88 21 1 38 72 87 74 26 33 91 32 99 64 
77 79 97 16 15 17 96 66 91 80 36 81 60 93 17 22 80 84 38 66 48 36 41 39 48 64 16 32 3 17 40 61 12 25 29 95 83 9 5 18 56 4 23 51 42 33 46 86 53 75 96 64 74 60 69 85 73 0 10 33 67 69 77 65 35 2 25 65 17 5 87 78 24 72 81 22 94 61 48 99 19 83 15 28 62 27 69 80 85 76 60 9 3 81 25 63 33 61 96 45 21 86 92 90 8 19 49 77 37 63 55 31 3 4 7 66 77 11 36 67 66 76 32 56 20 85 71 45 67 56 86 96 60 63 77 81 96 13 81 19 19 9 60 47 72 98 75 65 78 79 47 2 36 83 66 
27 47 27 75 37 31 53 86 14 4 33 51 83 26 50 33 49 35 85 63 52 36 78 84 73 61 82 34 83 43 7 70 73 86 74 26 64 4 63 91 32 26 40 74 64 27 98 26 34 90 38 71 77 74 61 3 51 10 0 7 49 64 12 87 82 59 95 28 31 18 59 44 72 47 36 7 19 45 41 82 48 41 75 73 58 59 85 4 30 58 45 26 61 9 49 26 29 46 75 54 24 19 97 81 19 95 24 92 37 16 15 66 78 31 54 61 68 85 96 85 86 64 69 69 22 27 44 38 5 34 41 45 95 32 57 57 99 85 15 28 19 77 13 25 55 49 48 44 62 8 20 47 20 80 59 
53 1 85 13 27 4 34 54 12 48 51 36 12 68 43 72 53 23 35 22 24 49 44 75 38 82 77 44 47 98 9 73 42 48 35 74 39 15 1 90 83 65 19 78 97 16 29 25 82 16 85 60 12 69 50 87 52 33 7 0 95 61 54 14 31 29 3 76 93 44 30 91 80 48 35 29 10 53 25 73 89 88 1 24 17 15 90 44 7 76 37 42 22 2 85 35 88 86 72 15 83 4 10 45 26 49 88 70 94 78 35 76 40 28 14 46 90 19 2 38 69 21 31 84 97 89 12 42 76 73 6 87 44 38 98 76 40 94 34 15 78 97 18 73 83 97 37 63 13 80 58 84 24 86 32 
81 30 31 19 33 79 55 43 43 71 52 73 84 2 71 1 93 90 88 14 71 31 84 96 42 50 93 10 19 58 1 87 24 39 84 74 55 99 22 23 96 29 64 63 83 60 40 53 56 42 67 96 70 50 81 35 20 67 49 95 0 20 96 52 69 16 39 55 68 44 33 73 34 93 37 13 55 89 36 92 95 11 97 88 68 31 67 39 31 45 65 90 17 99 76 68 32 1 24 84 78 90 10 28 40 91 18 76 63 38 61 44 42 39 17 84 85 89 19 66 10 15 56 31 8 83 4 22 74 23 13 16 91 47 37 30 72 42 41 75 73 60 58 2 21 98 18 33 2 87 82 35 47 41 22 
42 64 65 31 2 60 15 7 11 43 6 16 4 99 9 47 93 41 59 23 1 48 60 48 90 79 27 57 87 94 88 83 36 85 59 54 87 10 21 21 55 69 75 8 55 57 3 37 91 14 57 28 58 36 3 77 53 69 64 61 20 0 65 89 19 18 51 17 32 20 80 96 41 31 54 66 51 85 4 29 16 74 42 42 52 44 65 75 48 84 30 77 54 2 90 71 36 4 4 7 7 88 36 61 30 77 76 42 8 42 32 34 15 89 91 68 11 77 50 20 21 55 74 71 39 36 51 53 42 93 99 13 84 59 29 71 43 25 5 91 25 86 74 29 88 98 57 15 10 20 65 73 1 93 95 
83 76 23 60 49 54 58 10 89 6 34 40 84 9 32 25 97 88 2 28 24 1 67 6 31 12 50 87 30 6 43 13 59 39 49 76 13 76 38 51 78 60 89 33 88 31 48 2 20 2 51 55 95 69 4 86 20 77 12 54 96 65 0 38 42 30 56 50 19 16 58 60 89 86 41 89 73 97 83 33 61 42 60 62 83 38 23 48 88 14 24 74 28 3 54 9 6 81 11 71 41 66 36 73 66 52 40 68 28 52 37 69 8 27 39 9 82 11 64 16 80 59 22 6 2 15 81 35 36 86 39 58 8 57 81 18 45 86 77 72 85 88 53 34 39 80 30 5 60 32 78 9 92 29 94 
16 36 99 6 89 70 62 37 25 21 1 3 1 90 26 81 58 76 41 26 23 80 79 60 40 1 89 47 36 90 19 49 30 32 10 78 22 79 51 73 77 60 18 80 40 67 71 90 64 52 66 36 45 72 79 44 60 65 87 14 52 89 38 0 88 82 6 68 94 52 94 48 88 41 18 37 48 52 26 76 87 66 12 91 17 90 73 67 32 7 14 39 86 5 30 21 93 55 61 23 30 84 30 85 61 40 50 79 67 26 66 60 94 99 80 61 50 72 55 70 43 16 37 39 43 40 52 51 11 13 57 72 75 94 99 91 1 84 26 22 69 41 2 7 15 21 34 74 67 26 48 98 2 22 62 
65 54 53 17 23 50 41 88 48 58 10 36 94 28 35 38 95 78 86 18 88 8 86 12 6 48 33 38 12 88 45 9 15 79 15 61 19 82 59 49 7 84 8 67 72 28 51 52 12 77 89 30 4 52 88 23 24 35 82 31 69 19 42 88 0 62 20 10 20 44 13 79 79 38 75 8 7 64 98 90 83 88 92 1 16 72 31 82 88 53 48 54 49 63 12 11 54 51 71 53 64 50 18 45 29 96 89 50 43 38 23 88 86 20 5 40 24 27 11 20 43 64 90 34 86 64 57 89 26 85 54 35 60 45 22 94 90 59 60 8 71 71 50 13 4 82 3 42 43 19 36 64 60 33 94 
69 94 4 96 35 75 73 60 69 60 32 98 86 30 55 17 40 39 38 33 60 53 51 36 34 24 26 37 53 30 44 84 2 79 32 27 46 65 82 11 96 78 28 42 37 94 19 96 4 84 21 29 22 97 73 72 59 2 59 29 16 18 30 82 62 0 58 28 77 89 8 6 88 43 65 78 74 46 4 70 77 97 99 27 54 78 8 31 65 71 72 23 48 65 92 97 98 75 36 10 38 10 48 30 25 63 10 91 70 55 49 55 85 38 2 49 97 11 27 24 68 69 45 74 92 44 83 58 42 4 73 2 51 65 29 20 35 27 73 87 26 24 62 4 54 22 84 95 30 17 23 17 60 33 43 
26 34 71 97 95 47 66 9 44 55 36 80 52 90 98 53 91 76 59 94 9 10 23 52 75 82 99 11 77 96 94 65 50 9 25 7 60 74 79 24 91 5 87 78 40 21 92 63 40 72 1 33 65 7 26 22 77 25 95 3 39 51 56 6 20 58 0 30 17 44 16 18 69 5 21 77 31 95 67 72 3 97 23 26 55 29 30 19 98 36 61 78 26 69 52 42 26 55 92 99 96 80 98 48 11 63 61 99 64 71 6 88 49 73 79 56 42 98 89 30 38 1 95 1 76 16 51 6 65 4 84 77 50 79 64 20 74 91 58 48 68 66 11 1 95 8 57 12 51 16 32 62 56 13 82 
99 3 13 61 22 28 23 54 92 78 89 16 92 78 97 69 79 22 8 15 3 25 38 85 20 91 53 51 38 70 6 27 95 37 25 85 61 84 7 97 79 70 79 77 71 49 93 42 31 56 76 54 32 85 40 80 36 65 28 76 55 17 50 68 10 28 30 0 62 48 72 36 37 96 98 65 24 93 1 66 97 90 75 78 89 88 49 5 57 4 74 73 72 14 76 63 43 81 32 47 71 30 18 48 38 13 62 61 33 58 33 86 23 10 44 70 98 39 5 38 74 6 34 75 18 9 16 30 53 17 36 66 21 99 39 91 13 5 63 68 54 10 26 22 35 24 21 50 99 53 98 40 3 98 50 
88 85 40 44 69 34 3 88 14 25 61 16 33 11 71 93 62 16 25 86 19 52 14 74 94 13 61 78 79 87 3 53 40 96 23 68 13 16 47 66 58 67 3 49 17 39 37 68 23 10 15 98 44 5 10 98 73 17 31 93 68 32 19 94 20 77 17 62 0 99 21 7 70 32 4 96 32 12 22 42 2 59 86 99 23 43 9 21 71 55 52 15 77 3 63 76 28 8 42 22 44 20 80 74 94 39 39 44 10 2 88 18 15 58 94 20 42 43 79 96 42 81 23 40 88 8 29 32 4 95 77 15 68 56 69 94 52 35 42 28 18 27 65 51 54 84 22 9 10 13 17 74 26 64 12 
8 84 84 32 68 73 87 19 7 59 39 95 87 62 6 91 58 56 25 53 4 86 16 13 38 57 78 20 70 42 63 18 28 73 75 78 29 65 13 13 14 74 51 92 11 23 83 67 78 81 94 78 37 24 44 48 71 5 18 44 44 20 16 52 44 89 44 48 99 0 48 20 75 26 43 44 98 81 55 83 39 20 7 5 94 58 4 91 91 10 6 93 57 99 71 92 30 53 45 87 5 37 11 87 84 23 55 50 85 4 54 27 33 1 16 79 54 29 25 83 16 59 26 67 1 61 86 68 18 50 80 74 19 41 92 78 95 62 81 84 4 2 45 38 63 63 22 25 97 60 8 58 97 79 28 
27 49 49 45 49 69 2 22 3 80 12 67 85 17 64 8 6 69 84 26 15 92 85 36 90 82 6 46 25 82 37 28 58 38 26 34 12 53 62 21 84 44 17 14 26 65 74 43 63 8 27 81 87 22 57 60 31 87 59 30 33 80 58 94 13 8 16 72 21 48 0 32 97 46 38 59 43 29 96 21 23 40 2 1 13 28 6 55 66 26 8 6 59 99 20 68 62 30 98 90 62 50 96 52 73 12 74 43 99 79 98 83 60 67 34 7 39 11 17 33 14 86 39 16 91 2 48 96 63 69 36 2 85 76 38 57 62 27 14 79 27 31 46 72 96 81 15 88 39 57 90 16 76 32 55 
26 55 62 25 19 40 73 68 68 37 45 35 82 80 95 61 77 83 42 61 80 76 47 17 16 29 47 35 70 52 95 43 20 78 20 92 14 48 50 86 24 88 44 76 48 62 57 55 65 28 72 77 60 36 65 72 81 78 44 91 73 96 60 48 79 6 18 36 7 20 32 0 59 41 35 70 31 3 14 89 17 33 17 91 60 64 30 94 74 35 29 56 72 46 50 42 41 45 96 5 58 12 55 24 46 61 7 38 72 44 8 20 44 30 62 67 65 21 36 75 2 97 78 26 49 91 88 95 41 81 44 49 29 59 14 25 36 30 43 8 66 79 43 24 25 27 15 74 47 15 36 22 67 79 25 
23 33 71 63 98 33 52 15 94 81 44 84 6 75 25 10 26 69 95 84 68 15 39 10 13 36 65 36 30 47 60 49 33 35 97 52 61 27 52 22 21 84 80 2 12 85 66 53 57 45 91 84 16 60 10 64 90 24 72 80 34 41 89 88 79 88 69 37 70 75 97 59 0 85 24 10 95 47 97 90 1 24 64 24 8 29 65 49 15 77 71 30 50 73 35 20 97 25 94 20 91 1 79 85 58 67 29 83 6 64 71 5 30 69 38 99 45 54 50 14 27 74 71 96 44 5 12 49 11 51 94 96 2 53 59 68 97 57 58 72 93 71 1 40 3 19 73 41 31 52 58 63 44 14 35 
10 29 14 80 12 98 72 21 5 59 8 94 12 77 47 35 80 12 28 69 35 82 90 85 98 81 11 8 78 59 84 54 12 40 75 37 83 54 28 47 66 74 12 33 79 88 5 72 72 6 75 4 40 40 2 36 52 72 47 48 93 31 86 41 38 43 5 96 32 26 46 41 85 0 36 17 63 96 86 97 66 66 67 85 70 79 65 43 29 1 95 56 25 27 4 19 12 86 96 11 66 91 13 8 60 52 77 23 34 19 37 47 23 33 54 44 95 31 31 16 97 33 85 41 32 35 66 35 75 16 92 9 18 76 61 72 25 90 34 65 80 48 90 34 68 53 94 54 79 68 98 58 81 54 28 
68 56 37 22 12 8 88 86 29 52 63 19 70 98 21 64 94 37 33 90 82 62 55 59 65 9 98 72 25 40 20 93 52 20 62 34 60 17 60 32 91 79 78 28 64 68 48 31 36 47 27 89 69 67 82 30 63 81 36 35 37 54 41 18 75 65 21 98 4 43 38 35 24 36 0 99 47 54 56 70 20 73 91 90 10 16 93 36 67 9 89 96 80 70 85 55 37 85 81 9 8 25 79 9 10 94 81 91 13 67 30 67 25 38 62 86 47 91 49 31 68 20 44 2 88 81 82 32 16 89 71 4 69 49 54 35 75 24 10 10 83 9 72 42 88 47 75 70 98 98 56 60 2 9 64 
24 83 24 20 53 34 78 10 36 64 57 75 10 1 23 67 38 58 15 25 65 41 28 49 1 17 2 2 43 84 24 15 88 68 86 84 88 26 15 27 85 63 14 10 44 70 39 29 53 79 6 70 2 61 16 54 50 22 7 29 13 66 89 37 8 78 77 65 96 44 59 70 10 17 99 0 80 79 48 93 62 13 36 35 17 99 12 16 82 89 75 46 76 78 95 6 49 69 69 54 49 11 47 1 87 62 62 46 55 94 16 64 17 66 40 98 37 85 21 67 46 46 66 78 8 39 20 53 60 33 29 25 39 89 73 91 94 68 79 86 2 43 54 3 12 75 61 92 90 42 11 57 14 78 19 
28 32 23 78 77 63 63 43 83 74 97 19 47 31 1 69 45 28 26 58 45 13 30 22 70 7 57 4 11 16 31 85 86 32 8 41 84 8 22 35 55 5 95 37 94 67 80 24 47 96 99 58 15 34 87 35 44 94 19 10 55 51 73 48 7 74 31 24 32 98 43 31 95 63 47 80 0 26 3 97 1 98 87 29 91 3 2 85 94 57 7 66 6 10 18 88 18 13 76 6 10 44 1 86 89 18 64 27 29 88 2 78 34 81 16 48 78 74 38 25 26 5 16 95 55 26 33 48 8 59 47 76 62 49 68 81 5 58 55 19 98 49 27 27 25 64 33 43 31 3 80 26 11 29 15 
38 29 67 34 69 15 49 67 78 84 94 26 75 4 70 14 61 80 14 64 43 28 49 48 51 22 73 47 66 76 18 46 65 71 54 14 3 25 88 59 67 73 39 8 42 8 76 10 9 70 76 89 83 9 84 14 13 61 45 53 89 85 97 52 64 46 95 93 12 81 29 3 47 96 54 79 26 0 33 7 72 96 44 36 46 93 29 28 16 10 95 32 54 71 22 67 61 38 98 58 72 92 58 96 91 21 95 6 2 27 8 62 4 30 22 89 60 92 99 59 13 17 3 1 72 32 43 59 29 93 41 32 75 35 41 26 57 74 77 2 13 54 85 61 45 40 56 90 68 65 42 96 47 19 46 
58 95 93 5 46 78 1 21 47 89 53 18 94 82 23 67 16 2 79 13 35 45 16 72 48 35 92 62 86 94 99 29 77 65 89 65 34 5 54 91 84 41 1 55 24 16 19 9 81 51 68 81 78 4 80 70 97 48 41 25 36 4 83 26 98 4 67 1 22 55 96 14 97 86 56 48 3 33 0 87 94 11 34 57 32 4 21 35 67 96 25 75 40 73 88 7 34 52 84 23 17 16 82 70 70 66 78 64 56 97 70 52 55 10 17 53 26 22 58 26 50 52 47 95 90 33 38 39 4 3 38 6 7 63 87 90 44 25 95 67 36 88 87 64 17 95 28 44 11 83 45 37 8 77 43 
84 75 96 40 65 44 43 17 79 83 25 50 33 65 28 92 93 13 37 19 79 1 74 57 19 48 57 7 54 94 40 16 61 56 62 52 92 10 14 83 88 98 72 12 34 26 50 46 61 65 16 48 69 69 64 48 51 99 82 73 92 29 33 76 90 70 72 66 42 83 21 89 90 97 70 93 97 7 87 0 44 16 75 32 49 87 11 22 92 24 45 25 27 86 27 43 97 18 76 18 43 53 54 74 88 97 41 7 1 4 80 94 33 35 28 13 84 94 91 6 58 51 35 86 45 96 28 71 90 18 49 66 20 64 27 33 2 85 16 79 83 56 53 57 23 58 76 64 32 44 96 35 76 97 57 
39 9 54 68 90 62 40 59 7 56 44 38 39 39 26 1 42 2 25 27 45 55 30 52 69 46 22 4 21 53 56 34 9 60 76 74 10 26 75 70 38 13 27 90 89 95 64 94 4 88 78 19 32 7 93 91 33 19 48 89 95 16 61 87 83 77 3 97 2 39 23 17 1 66 20 62 1 72 94 44 0 2 50 86 41 65 51 57 33 63 85 24 71 89 42 39 27 2 1 37 37 42 89 17 69 54 22 93 24 92 50 52 70 54 1 61 13 20 28 13 88 17 70 97 90 33 95 91 79 7 43 13 33 90 72 75 91 99 79 36 2 30 92 32 42 42 4 66 63 70 7 69 7 46 50 
9 33 10 35 41 86 4 78 92 79 52 21 43 68 65 35 64 9 4 78 61 65 52 68 68 43 87 9 14 57 24 90 40 57 69 7 3 37 35 15 17 19 93 37 47 63 71 46 23 61 25 35 57 8 6 6 35 83 41 88 11 74 42 66 88 97 97 90 59 20 40 33 24 66 73 13 98 96 11 16 2 0 41 52 89 14 24 42 36 19 70 15 61 88 67 23 73 28 11 56 21 71 26 95 25 88 13 70 19 45 12 47 15 51 76 65 88 30 64 67 8 1 18 46 61 11 39 53 10 13 42 24 71 58 76 24 55 91 2 51 75 9 65 70 76 97 87 14 29 62 78 98 30 64 57 
33 9 42 35 8 37 58 43 81 71 11 41 64 31 46 71 8 90 57 26 68 17 50 4 67 26 38 37 27 26 17 71 85 27 18 57 77 90 50 80 8 55 77 81 26 28 55 70 32 33 27 70 38 68 82 55 55 15 75 1 97 42 60 12 92 99 23 75 86 7 2 17 64 67 91 36 87 44 34 75 50 41 0 86 63 97 8 28 63 74 18 86 86 93 61 31 20 8 3 44 59 17 49 29 63 99 7 75 60 53 9 5 44 75 51 96 22 11 65 67 69 52 91 96 6 37 37 44 66 68 26 28 3 47 27 78 45 79 84 78 47 30 49 64 13 60 46 49 67 13 45 69 64 8 4 
35 85 58 43 8 13 44 36 21 28 95 53 24 22 39 17 3 64 94 1 43 91 89 93 75 36 73 85 7 80 10 15 98 90 44 22 44 81 71 84 81 36 95 59 46 94 43 21 96 88 57 77 30 30 65 98 84 28 73 24 88 42 62 91 1 27 26 78 99 5 1 91 24 85 90 35 29 36 57 32 86 52 86 0 30 87 63 63 36 8 43 56 76 97 66 88 49 2 58 81 53 46 96 22 90 74 8 1 15 34 59 79 68 48 54 23 95 58 18 17 7 34 95 16 49 53 95 18 53 31 3 38 51 57 91 67 66 87 6 15 12 43 79 15 85 1 4 60 72 93 49 10 8 24 23 
11 78 89 79 34 54 54 76 24 24 50 24 41 27 58 38 47 91 32 23 23 18 65 51 70 76 75 49 32 37 92 91 19 78 29 60 82 53 24 79 69 20 89 77 31 19 70 92 96 28 79 85 48 95 28 33 91 62 58 17 68 52 83 17 16 54 55 89 23 94 13 60 8 70 10 17 91 46 32 49 41 89 63 30 0 99 7 33 88 69 83 97 12 26 89 94 96 16 94 72 80 68 70 6 42 61 86 18 39 93 2 16 50 24 41 36 75 41 36 50 29 87 31 40 16 89 40 34 81 23 65 87 77 7 11 80 29 47 24 44 62 44 65 1 75 97 1 1 32 75 41 12 72 60 76 
24 51 94 83 59 27 44 29 64 54 19 19 64 96 53 18 76 16 29 15 42 60 14 54 56 27 93 82 84 5 31 80 4 31 18 31 18 70 54 63 16 32 55 64 95 91 42 8 56 45 2 33 70 78 19 13 46 27 59 15 31 44 38 90 72 78 29 88 43 58 28 64 29 79 16 99 3 93 4 87 65 14 97 87 99 0 6 20 31 95 45 26 70 32 75 30 91 5 59 79 85 85 28 65 1 3 6 19 62 73 65 43 74 89 51 67 48 95 6 41 92 34 80 6 78 67 31 16 45 33 76 45 5 16 11 14 72 54 14 57 23 59 48 64 51 25 48 19 83 15 15 83 20 35 77 
16 80 77 39 8 83 75 86 72 70 11 80 64 11 53 39 53 86 77 75 69 91 53 88 66 54 15 15 50 83 49 66 47 53 53 46 89 55 52 26 16 10 17 24 87 85 21 18 11 45 22 27 6 98 16 28 46 69 85 90 67 65 23 73 31 8 30 49 9 4 6 30 65 65 93 12 2 29 21 11 51 24 8 63 7 6 0 67 39 72 54 12 64 41 15 25 80 68 73 31 31 98 86 14 70 82 78 5 26 60 27 24 62 39 89 83 85 14 89 91 73 48 52 98 64 29 28 60 95 79 60 51 11 92 85 23 38 30 13 21 67 53 16 3 42 58 2 98 63 46 44 4 48 88 5 
88 42 83 49 35 13 99 35 7 69 62 52 32 70 33 83 67 81 3 40 42 96 95 80 82 88 15 16 66 95 50 14 41 89 49 69 54 26 13 68 83 71 63 33 26 74 17 64 79 44 79 1 35 37 12 92 9 80 4 44 39 75 48 67 82 31 19 5 21 91 55 94 49 43 36 16 85 28 35 22 57 42 28 63 33 20 67 0 40 69 6 72 60 8 34 58 90 58 72 29 48 5 62 52 2 91 75 25 41 97 37 52 88 84 68 3 68 65 28 21 28 15 18 77 92 11 90 59 75 8 40 3 68 57 44 98 33 61 25 2 26 64 15 11 59 48 39 14 76 43 43 55 41 97 57 
26 65 12 82 5 26 98 45 22 24 40 33 19 34 70 15 26 85 61 76 40 38 60 93 51 75 50 49 55 12 38 27 32 32 92 58 51 42 71 18 21 30 74 66 97 80 1 40 56 25 1 75 28 75 71 99 53 85 30 7 31 48 88 32 88 65 98 57 71 91 66 74 15 29 67 82 94 16 67 92 33 36 63 36 88 31 39 40 0 99 70 1 17 51 49 12 79 15 32 33 83 99 73 45 27 30 96 33 59 11 28 84 46 3 54 45 78 98 32 80 17 32 51 90 8 60 51 15 90 58 44 43 95 78 29 55 69 39 61 27 98 20 94 60 20 36 90 92 21 69 41 76 79 15 48 
72 84 37 6 6 2 76 93 65 47 7 38 41 37 80 38 38 28 60 20 81 73 35 40 49 67 89 44 1 43 52 52 96 84 95 20 76 19 11 20 48 33 57 80 38 37 40 62 19 19 91 20 64 30 92 70 79 76 58 76 45 84 14 7 53 71 36 4 55 10 26 35 77 1 9 89 57 10 96 24 63 19 74 8 69 95 72 69 99 0 74 15 1 65 24 89 69 46 52 43 90 35 86 85 59 67 59 89 88 47 64 69 45 33 60 23 8 26 81 78 66 89 32 53 3 26 5 67 87 23 31 58 76 38 59 34 57 83 33 74 76 89 40 66 89 74 42 59 76 92 27 93 29 73 8 
93 25 17 92 62 42 60 83 51 40 8 31 6 10 6 63 4 94 73 10 43 84 4 81 5 78 46 44 51 23 22 24 43 44 60 83 7 12 99 55 21 86 54 76 7 1 68 57 95 76 61 45 63 91 52 18 90 60 45 37 65 30 24 14 48 72 61 74 52 6 8 29 71 95 89 75 7 95 25 45 85 70 18 43 83 45 54 6 70 74 0 76 55 16 62 87 24 20 75 25 88 68 53 12 17 70 24 40 38 35 30 73 58 96 4 16 3 4 23 86 14 84 11 57 93 41 40 45 67 75 77 29 67 14 11 65 63 75 3 24 56 50 10 81 12 5 33 88 6 55 94 49 3 52 29 
75 21 31 9 51 56 67 9 91 67 80 41 93 1 34 1 26 8 41 72 68 82 65 83 51 61 87 58 82 85 1 94 63 1 22 32 37 81 5 38 59 95 40 74 23 13 36 50 88 80 75 29 12 56 6 31 22 9 26 42 90 77 74 39 54 23 78 73 15 93 6 56 30 56 96 46 66 32 75 25 24 15 86 56 97 26 12 72 1 15 76 0 86 30 61 47 18 49 93 43 12 35 91 20 18 92 3 88 94 98 68 12 70 60 17 71 4 39 40 64 74 11 80 15 32 97 98 30 21 56 72 99 31 85 97 35 95 6 11 54 94 67 58 87 21 47 33 35 94 56 41 70 14 75 27 
63 45 85 41 77 56 75 31 10 78 13 51 80 56 65 34 85 15 16 54 99 40 81 83 57 53 31 86 38 29 32 11 24 52 87 71 95 4 97 1 10 87 19 63 30 24 22 43 78 1 53 4 59 50 69 34 64 3 61 22 17 54 28 86 49 48 26 72 77 57 59 72 50 25 80 76 6 54 40 27 71 61 86 76 12 70 64 60 17 1 55 86 0 56 69 86 72 21 6 88 61 82 91 58 73 95 29 93 22 2 63 54 12 21 36 29 81 15 48 15 90 58 78 24 79 68 79 29 65 85 44 50 77 55 24 4 79 74 85 55 79 30 49 41 81 87 38 2 9 48 90 77 85 11 31 
47 16 58 70 46 65 92 65 93 27 1 74 83 70 54 50 65 76 38 67 14 44 93 3 79 50 84 68 77 57 94 73 17 11 72 61 17 2 12 81 97 85 65 18 84 98 87 44 16 55 88 53 9 82 21 58 32 81 9 2 99 2 3 5 63 65 69 14 3 99 99 46 73 27 70 78 10 71 73 86 89 88 93 97 26 32 41 8 51 65 16 30 56 0 95 15 14 83 25 33 17 79 53 25 86 9 69 50 12 11 18 12 34 90 40 78 62 67 51 77 84 72 6 33 61 42 79 84 7 38 41 15 38 29 40 80 77 55 77 16 75 43 56 64 61 7 62 46 81 91 15 72 88 10 85 
33 31 36 6 97 16 6 78 68 25 4 69 75 11 54 78 1 13 8 28 26 71 58 31 39 37 78 47 71 33 19 52 89 73 93 76 77 18 75 62 56 84 79 87 32 10 52 96 90 47 44 93 54 46 53 14 6 25 49 85 76 90 54 30 12 92 52 76 63 71 20 50 35 4 85 95 18 22 88 27 42 67 61 66 89 75 15 34 49 24 62 61 69 95 0 72 64 65 51 14 37 43 58 9 68 92 36 62 63 30 60 3 25 75 38 87 31 44 83 71 21 84 90 61 71 53 5 94 95 5 84 15 63 8 8 49 21 83 3 82 76 52 93 98 54 32 59 47 52 5 4 25 3 31 55 
89 92 42 8 22 93 27 19 86 18 52 81 41 4 54 32 53 62 83 89 39 91 1 86 11 61 72 51 21 59 40 30 32 40 10 34 99 51 38 62 60 12 69 66 88 47 91 86 55 95 64 58 37 11 60 3 72 63 26 35 68 71 9 21 11 97 42 63 76 92 68 42 20 19 55 6 88 67 7 43 39 23 31 88 94 30 25 58 12 89 87 47 86 15 72 0 29 28 42 40 39 23 84 32 17 5 44 32 95 81 26 36 44 65 65 98 32 24 61 22 74 25 12 98 25 8 43 90 66 59 79 59 13 18 35 80 9 34 56 21 13 65 36 13 17 49 35 84 72 46 21 55 20 88 27 
24 15 82 79 93 41 68 39 34 88 16 16 26 40 13 58 82 21 39 3 76 24 10 48 95 96 59 3 55 87 45 20 98 77 11 18 63 91 32 4 89 85 59 6 98 87 65 90 63 2 29 9 75 16 37 74 8 33 29 88 32 36 6 93 54 98 26 43 28 30 62 41 97 12 37 49 18 61 34 97 27 73 20 49 96 91 80 90 79 69 24 18 72 14 64 29 0 90 98 80 87 7 69 22 45 50 97 12 43 62 18 18 44 5 20 6 51 33 42 84 13 12 28 60 89 63 74 84 16 49 89 61 67 99 28 8 86 28 9 42 28 41 83 93 21 91 27 93 83 56 21 21 19 44 43 
56 20 3 38 72 61 32 12 72 2 68 64 69 78 81 59 47 38 48 72 6 31 91 66 25 48 63 1 16 69 50 3 76 14 21 79 23 19 44 17 8 97 51 77 54 76 4 59 75 20 59 62 13 71 3 35 39 61 46 86 1 4 81 55 51 75 55 81 8 53 30 45 25 86 85 69 13 38 52 18 2 28 8 2 16 5 68 58 15 46 20 49 21 83 65 28 90 0 91 11 19 51 86 2 39 9 17 42 46 79 68 57 68 5 71 57 86 18 80 80 75 2 28 87 63 22 99 16 61 30 76 88 54 79 66 65 40 67 37 15 96 43 3 61 36 51 86 51 82 92 7 72 13 9 17 
66 27 86 79 93 71 12 57 9 46 82 65 50 38 97 74 85 63 61 86 93 74 39 42 40 70 43 82 46 67 45 37 84 70 84 97 71 46 95 54 26 96 54 60 16 75 9 98 51 71 92 11 27 24 69 52 9 96 75 72 24 4 11 61 71 36 92 32 42 45 98 96 94 96 81 69 76 98 84 76 1 11 3 58 94 59 73 72 32 52 75 93 6 25 51 42 98 91 0 19 56 49 31 6 66 36 50 92 34 43 86 36 16 52 37 9 38 31 86 42 77 64 95 42 56 83 12 23 49 28 73 4 36 49 80 45 45 8 28 54 35 38 45 30 9 97 70 9 65 90 28 63 80 81 69 
78 87 94 34 26 50 4 53 52 59 60 92 83 17 34 77 18 67 61 20 23 64 18 57 59 35 19 59 30 23 24 23 7 70 16 1 70 45 38 78 10 83 44 45 84 6 60 22 78 71 13 20 77 37 27 16 60 45 54 15 84 7 71 23 53 10 99 47 22 87 90 5 20 11 9 54 6 58 23 18 37 56 44 81 72 79 31 29 33 43 25 43 88 33 14 40 80 11 19 0 68 92 82 67 74 10 82 11 57 98 85 75 41 1 45 28 24 69 12 33 48 21 62 69 22 75 91 98 73 72 17 40 38 60 75 75 4 87 94 62 42 71 31 84 82 80 65 20 62 94 65 58 63 66 71 
4 8 37 28 98 51 55 84 34 22 67 21 87 26 52 29 55 34 49 15 40 91 14 42 56 62 59 19 71 3 37 57 19 50 47 83 83 49 87 25 11 29 48 93 87 70 2 27 56 35 95 28 3 25 22 8 94 21 24 83 78 7 41 30 64 38 96 71 44 5 62 58 91 66 8 49 10 72 17 43 37 21 59 53 80 85 31 48 83 90 88 12 61 17 37 39 87 19 56 68 0 36 65 33 33 42 91 60 92 81 48 77 40 84 65 86 69 70 26 68 16 9 93 99 66 40 32 84 26 84 23 99 76 33 62 50 94 97 95 7 24 21 88 90 4 62 49 59 32 59 25 39 73 17 8 
1 54 47 52 2 33 2 77 62 18 16 55 47 47 56 77 36 58 83 14 74 49 43 80 1 33 76 46 15 74 82 99 46 12 39 42 16 21 1 65 37 90 51 30 16 43 10 23 67 63 14 99 86 70 45 72 72 86 19 4 90 88 66 84 50 10 80 30 20 37 50 12 1 91 25 11 44 92 16 53 42 71 17 46 68 85 98 5 99 35 68 35 82 79 43 23 7 51 49 92 36 0 67 20 44 97 90 74 4 11 33 2 98 76 96 96 79 36 54 43 79 39 88 24 13 5 95 1 90 43 56 95 42 76 92 18 1 46 97 54 15 17 97 83 59 93 95 47 23 8 37 55 96 25 92 
78 48 81 78 14 91 14 69 8 57 62 24 14 8 81 54 79 75 9 98 15 45 53 45 39 48 13 66 14 2 90 95 65 13 20 68 96 92 39 20 40 37 48 57 79 4 62 91 37 10 9 7 71 26 43 77 94 92 97 10 10 36 36 30 18 48 98 18 80 11 96 55 79 13 79 47 1 58 82 54 89 26 49 96 70 28 86 62 73 86 53 91 91 53 58 84 69 86 31 82 65 67 0 75 40 17 57 54 29 39 94 95 70 3 42 33 62 59 88 96 17 79 55 17 42 91 24 45 69 92 30 15 16 21 95 22 39 63 83 58 84 24 74 69 86 75 30 68 56 27 9 51 61 75 5 
7 61 28 31 39 21 60 26 60 34 65 7 22 44 55 59 61 73 86 83 48 95 10 95 94 19 29 28 77 34 70 59 54 60 61 86 19 17 26 72 21 18 88 57 36 34 25 52 63 5 70 36 21 73 43 13 98 90 81 45 28 61 73 85 45 30 48 48 74 87 52 24 85 8 9 1 86 96 70 74 17 95 29 22 6 65 14 52 45 85 12 20 58 25 9 32 22 2 6 67 33 20 75 0 20 54 95 27 48 63 60 69 47 29 1 24 96 18 93 73 43 15 52 35 47 6 61 54 62 24 23 98 58 9 32 32 57 38 36 41 30 77 12 28 19 64 3 19 23 13 6 89 20 13 25 
53 35 73 44 86 53 57 70 42 44 20 25 81 1 13 32 51 6 69 23 72 17 39 80 86 92 46 97 82 81 75 22 86 14 7 63 22 36 23 63 83 96 95 68 7 77 38 59 37 63 27 54 48 99 49 22 83 8 19 26 40 30 66 61 29 25 11 38 94 84 73 46 58 60 10 87 89 91 70 88 69 25 63 90 42 1 70 2 27 59 17 18 73 86 68 17 45 39 66 74 33 44 40 20 0 53 54 4 34 75 35 24 61 1 29 71 68 70 10 14 62 23 6 72 18 38 7 29 58 78 55 13 40 93 49 79 81 60 29 83 18 64 8 48 85 90 19 53 30 13 28 60 1 8 82 
86 33 29 47 28 39 82 32 28 76 45 1 82 57 86 95 47 1 40 62 2 60 26 87 96 92 50 84 48 8 86 35 44 90 24 35 10 30 45 54 76 22 55 54 2 21 96 98 14 49 64 9 47 77 54 67 2 19 95 49 91 77 52 40 96 63 63 13 39 23 12 61 67 52 94 62 18 21 66 97 54 88 99 74 61 3 82 91 30 67 70 92 95 9 92 5 50 9 36 10 42 97 17 54 53 0 3 73 58 76 47 9 82 37 88 72 58 53 38 72 73 68 99 59 36 59 47 83 1 2 76 88 42 99 22 20 37 55 49 72 64 18 22 25 8 75 66 16 41 6 16 10 93 8 7 
71 20 3 10 39 66 9 60 52 99 88 49 95 15 11 14 24 3 64 82 34 91 58 34 71 74 95 59 44 64 69 40 51 32 32 25 3 8 94 5 29 11 75 18 9 58 71 71 66 47 4 22 1 79 5 10 67 49 24 88 18 76 40 50 89 10 61 62 39 55 74 7 29 77 81 62 64 95 78 41 22 13 7 8 86 6 78 75 96 59 24 3 29 69 36 44 97 17 50 82 91 90 57 95 54 3 0 51 90 17 65 43 93 15 99 43 44 41 88 87 51 27 92 11 34 67 40 37 47 54 63 40 94 38 2 97 37 97 89 49 20 75 33 84 1 20 55 92 73 29 50 36 78 3 63 
3 68 14 68 85 81 39 63 41 3 62 81 50 56 82 39 66 5 55 12 71 45 82 55 74 82 23 21 76 70 62 55 43 20 92 98 79 29 47 5 99 80 66 13 83 2 52 28 53 49 5 87 53 45 17 37 43 77 92 70 76 42 68 79 50 91 99 61 44 50 43 38 83 23 91 46 27 6 64 7 93 70 75 1 18 19 5 25 33 89 40 88 93 50 62 32 12 42 92 11 60 74 54 27 4 73 51 0 73 70 8 2 14 90 33 49 77 25 5 82 12 4 82 44 31 78 85 34 44 14 40 11 49 85 62 24 12 24 77 81 13 87 73 7 88 50 93 98 17 74 65 26 60 47 73 
77 25 42 4 34 58 5 30 72 97 22 29 52 56 79 92 1 65 14 29 61 86 52 16 56 13 77 97 63 6 44 29 14 26 1 73 79 7 86 72 41 62 4 53 12 67 83 4 27 91 35 31 98 97 50 60 99 37 37 94 63 8 28 67 43 70 64 33 10 85 99 72 6 34 13 55 29 2 56 1 24 19 60 15 39 62 26 41 59 88 38 94 22 12 63 95 43 46 34 57 92 4 29 48 34 58 90 73 0 43 19 72 78 52 26 47 5 43 21 36 79 1 69 20 21 1 9 89 72 79 37 51 60 9 62 8 88 27 77 21 3 4 30 17 17 6 49 71 44 7 54 54 59 2 64 
92 84 37 68 2 53 71 67 46 91 1 89 15 53 72 88 33 58 62 45 20 49 70 28 16 42 57 44 26 43 47 12 8 65 84 13 7 30 14 84 86 40 45 83 79 80 84 32 73 81 60 96 6 12 21 72 47 63 16 78 38 42 52 26 38 55 71 58 2 4 79 44 64 19 67 94 88 27 97 4 92 45 53 34 93 73 60 97 11 47 35 98 2 11 30 81 62 79 43 98 81 11 39 63 75 76 17 70 43 0 29 65 87 16 59 58 24 2 49 74 14 72 73 15 38 71 92 72 33 9 4 6 48 66 31 44 76 73 93 27 25 31 78 51 43 94 2 24 11 12 7 77 4 20 70 
22 95 41 55 32 90 77 33 95 84 64 2 31 79 85 60 13 36 41 3 16 18 54 38 97 58 90 85 26 16 54 60 1 87 72 51 97 98 32 70 84 89 12 94 81 78 74 11 90 11 8 69 17 11 20 46 60 55 15 35 61 32 37 66 23 49 6 33 88 54 98 8 71 37 30 16 2 8 70 80 50 12 9 59 2 65 27 37 28 64 30 68 63 18 60 26 18 68 86 85 48 33 94 60 35 47 65 8 19 29 0 62 46 32 11 84 1 34 53 15 65 87 98 69 53 27 22 49 80 55 68 77 44 33 46 61 33 25 45 96 87 49 20 90 84 25 90 49 99 10 30 10 42 89 76 
76 39 19 98 39 20 74 72 10 27 95 74 11 98 30 47 91 31 74 4 98 52 90 6 50 71 39 12 73 36 75 3 6 67 10 64 60 97 47 80 6 91 53 20 93 62 6 54 93 71 76 13 45 84 34 34 59 31 66 76 44 34 69 60 88 55 88 86 18 27 83 20 5 47 67 64 78 62 52 94 52 47 5 79 16 43 24 52 84 69 73 12 54 12 3 36 18 57 36 75 77 2 95 69 24 9 43 2 72 65 62 0 47 67 77 74 77 99 41 41 9 45 1 14 51 90 98 47 19 14 34 83 37 75 94 93 37 79 70 36 64 96 31 94 1 8 69 37 40 17 39 33 88 58 61 
8 48 98 64 29 95 6 61 89 27 85 22 86 54 13 63 76 5 75 11 99 49 70 65 56 3 87 99 43 47 13 4 14 19 68 65 37 95 82 61 11 72 57 61 40 78 58 44 92 26 41 52 30 94 65 92 58 3 78 40 42 15 8 94 86 85 49 23 15 33 60 44 30 23 25 17 34 4 55 33 70 15 44 68 50 74 62 88 46 45 58 70 12 34 25 44 44 68 16 41 40 98 70 47 61 82 93 14 78 87 46 47 0 30 51 54 74 82 6 85 29 70 85 62 34 93 41 83 74 45 58 97 10 2 83 85 84 24 52 65 39 37 21 10 83 44 69 20 58 86 30 35 31 14 33 
78 6 39 81 76 65 80 94 47 53 2 1 5 61 64 87 26 76 69 32 54 7 30 35 7 35 12 91 62 82 36 87 9 87 66 34 26 3 67 98 49 84 41 58 7 79 19 25 48 20 20 23 49 53 85 78 16 4 31 28 39 89 27 99 20 38 73 10 58 1 67 30 69 33 38 66 81 30 10 35 54 51 75 48 24 89 39 84 3 33 96 60 21 90 75 65 5 5 52 1 84 76 3 29 1 37 15 90 52 16 32 67 30 0 56 91 41 66 68 73 85 33 11 88 67 65 55 82 6 4 81 72 38 95 23 55 54 34 87 41 60 41 35 60 51 3 12 26 41 39 43 56 60 17 33 
73 80 64 29 32 43 85 73 59 56 85 77 8 1 8 62 56 81 25 92 70 77 91 43 33 81 20 47 45 24 18 11 39 92 3 60 6 89 37 54 61 46 15 34 27 86 46 23 99 9 69 21 51 31 46 34 83 7 54 14 17 91 39 80 5 2 79 44 94 16 34 62 38 54 62 40 16 22 17 28 1 76 51 54 41 51 89 68 54 60 4 17 36 40 38 65 20 71 37 45 65 96 42 1 29 88 99 33 26 59 11 77 51 56 0 28 42 84 40 37 83 70 60 77 34 96 17 86 69 9 35 13 39 37 34 93 80 53 31 6 73 67 66 28 72 26 57 26 37 19 27 57 57 82 28 
76 64 47 38 52 48 60 28 22 8 61 33 55 15 71 40 70 15 26 97 21 67 63 88 30 67 89 38 45 21 12 28 67 99 66 36 62 91 53 33 68 13 39 62 74 51 63 88 13 65 28 94 87 31 35 74 44 66 61 46 84 68 9 61 40 49 56 70 20 79 7 67 99 44 86 98 48 89 53 13 61 65 96 23 36 67 83 3 45 23 16 71 29 78 87 98 6 57 9 28 86 96 33 24 71 72 43 49 47 58 84 74 54 91 28 0 73 82 28 79 2 34 82 17 30 9 91 47 16 2 96 1 19 71 88 28 67 24 23 54 33 22 43 59 36 30 86 92 5 8 68 30 53 26 1 
77 88 90 65 67 22 32 98 55 63 77 41 60 61 83 72 6 3 34 30 36 87 77 45 94 88 51 89 54 5 5 2 60 99 48 20 9 61 35 88 60 20 98 89 77 86 87 16 54 3 88 33 18 63 36 98 11 77 68 90 85 11 82 50 24 97 42 98 42 54 39 65 45 95 47 37 78 60 26 84 13 88 22 95 75 48 85 68 78 8 3 4 81 62 31 32 51 86 38 24 69 79 62 96 68 58 44 77 5 24 1 77 74 41 42 73 0 93 37 78 37 88 85 19 41 84 29 29 52 81 8 3 93 85 44 27 75 50 30 55 33 68 42 38 25 57 38 93 69 3 73 44 54 95 82 
44 33 3 38 68 98 91 94 1 32 23 82 85 67 64 3 15 53 19 56 39 36 21 91 79 72 75 41 33 24 88 62 98 37 87 7 7 70 32 7 34 45 14 74 65 17 79 76 43 73 6 91 97 22 89 85 61 11 85 19 89 77 11 72 27 11 98 39 43 29 11 21 54 31 91 85 74 92 22 94 20 30 11 58 41 95 14 65 98 26 4 39 15 67 44 24 33 18 31 69 70 36 59 18 70 53 41 25 43 2 34 99 82 66 84 82 93 0 30 29 69 75 60 50 68 21 25 23 1 7 3 19 26 16 32 63 19 62 55 89 29 63 4 83 80 31 2 62 37 29 73 24 57 12 39 
21 43 99 94 33 2 8 69 20 80 15 84 99 96 65 60 88 55 79 30 50 45 56 43 20 15 92 7 29 26 27 71 67 49 26 24 21 1 14 3 22 20 47 80 35 2 87 68 17 65 1 96 58 23 25 39 59 36 96 2 19 50 64 55 11 27 89 5 79 25 17 36 50 31 49 21 38 99 58 91 28 64 65 18 36 6 89 28 32 81 23 40 48 51 83 61 42 80 86 12 26 54 88 93 10 38 88 5 21 49 53 41 6 68 40 28 37 30 0 65 77 39 88 3 85 41 29 82 22 38 95 64 40 89 31 71 18 34 38 23 87 11 11 21 67 45 4 37 22 43 68 64 43 68 17 
31 75 29 19 75 90 67 39 20 93 25 31 42 40 45 26 3 16 47 34 82 79 89 45 29 27 91 45 6 47 66 13 6 15 20 97 57 87 48 41 77 85 62 33 27 22 67 24 49 94 83 2 33 43 61 71 51 67 85 38 66 20 16 70 20 24 30 38 96 83 33 75 14 16 31 67 25 59 26 6 13 67 67 17 50 41 91 21 80 78 86 64 15 77 71 22 84 80 42 33 68 43 96 73 14 72 87 82 36 74 15 41 85 73 37 79 78 29 65 0 94 31 45 76 80 43 79 3 77 39 83 20 36 13 96 9 10 99 7 57 63 9 19 95 4 69 8 58 11 25 42 57 5 38 19 
37 67 79 79 33 39 33 61 86 77 47 88 36 72 70 58 92 97 79 42 59 99 96 53 79 40 41 31 21 32 17 31 26 41 5 61 14 15 19 6 84 64 6 61 83 58 51 55 21 20 45 38 79 57 13 86 67 66 86 69 10 21 80 43 43 68 38 74 42 16 14 2 27 97 68 46 26 13 50 58 88 8 69 7 29 92 73 28 17 66 14 74 90 84 21 74 13 75 77 48 16 79 17 43 62 73 51 12 79 14 65 9 29 85 83 2 37 69 77 94 0 18 66 25 80 4 38 64 74 96 41 14 39 35 80 45 49 7 29 11 27 45 87 58 69 7 94 69 91 82 90 49 98 46 66 
8 89 76 71 98 13 47 98 28 47 33 54 57 8 76 33 65 89 8 66 13 1 2 89 42 91 60 59 62 26 76 68 89 46 53 19 94 69 26 22 7 42 62 71 39 23 22 59 8 74 54 25 2 96 82 37 65 76 64 21 15 55 59 16 64 69 1 6 81 59 86 97 74 33 20 46 5 17 52 51 17 1 52 34 87 34 48 15 32 89 84 11 58 72 84 25 12 2 64 21 9 39 79 15 23 68 27 4 1 72 87 45 70 33 70 34 88 75 39 31 18 0 54 90 93 84 19 26 7 80 7 4 58 32 26 82 60 10 13 49 5 47 34 38 11 64 97 23 22 25 82 7 56 71 13 
46 99 59 93 6 19 76 10 98 88 81 34 14 17 89 31 99 1 78 50 76 39 63 58 93 59 3 34 8 19 26 80 7 79 71 97 4 74 64 4 22 64 15 19 92 17 94 67 85 67 55 83 22 93 37 95 34 32 69 31 56 74 22 37 90 45 95 34 23 26 39 78 71 85 44 66 16 3 47 35 70 18 91 95 31 80 52 18 51 32 11 80 78 6 90 12 28 28 95 62 93 88 55 52 6 99 92 82 69 73 98 1 85 11 60 82 85 60 88 45 66 54 0 59 10 66 3 44 5 6 51 54 89 42 15 51 79 93 94 73 33 53 85 6 90 27 96 12 43 16 75 27 81 52 30 
69 31 43 53 1 78 83 68 22 71 71 83 12 67 35 53 88 60 9 26 54 19 55 81 25 46 9 66 52 12 64 62 16 64 5 63 79 16 87 12 15 31 78 35 9 68 73 16 24 32 89 1 95 38 39 13 68 56 69 84 31 71 6 39 34 74 1 75 40 67 16 26 96 41 2 78 95 1 95 86 97 46 96 16 40 6 98 77 90 53 57 15 24 33 61 98 60 87 42 69 99 24 17 35 72 59 11 44 20 15 69 14 62 88 77 17 19 50 3 76 25 90 59 0 80 73 99 31 29 59 33 4 33 39 28 68 30 58 55 67 56 86 52 26 10 54 86 14 78 71 14 68 79 59 74 
58 18 27 11 38 78 45 79 95 70 55 23 53 62 15 92 59 63 39 86 25 82 11 3 90 83 76 22 98 54 25 58 75 1 23 10 6 87 6 80 42 52 66 74 19 38 71 92 77 66 68 7 1 44 16 43 53 20 22 97 8 39 2 43 86 92 76 18 88 1 91 49 44 32 88 8 55 72 90 45 90 61 6 49 16 78 64 92 8 3 93 32 79 61 71 25 89 63 56 22 66 13 42 47 18 36 34 31 21 38 53 51 34 67 34 30 41 68 85 80 80 93 10 80 0 16 63 19 85 21 66 8 54 9 33 89 51 41 37 43 4 37 59 49 98 34 69 78 28 40 22 30 76 43 50 
83 69 22 33 73 89 65 64 19 56 25 4 67 70 60 42 25 2 50 49 96 37 32 65 11 85 72 90 51 46 17 8 60 55 63 24 82 90 24 68 66 12 93 39 25 61 77 27 38 65 30 68 77 86 86 69 59 85 27 89 83 36 15 40 64 44 16 9 8 61 2 91 5 35 81 39 26 32 33 96 33 11 37 53 89 67 29 11 60 26 41 97 68 42 53 8 63 22 83 75 40 5 91 6 38 59 67 78 1 71 27 90 93 65 96 9 84 21 41 43 4 84 66 73 16 0 6 70 19 99 97 22 54 33 42 97 28 28 76 97 22 22 81 79 45 81 8 3 46 55 66 60 52 56 13 
97 65 59 47 44 91 38 21 68 93 78 35 22 51 89 79 46 92 15 54 23 49 70 74 70 53 30 58 84 7 80 43 20 21 60 41 91 45 20 7 79 54 48 72 6 79 81 25 16 69 22 82 22 96 90 26 48 71 44 12 4 51 81 52 57 83 51 16 29 86 48 88 12 66 82 20 33 43 38 28 95 39 37 95 40 31 28 90 51 5 40 98 79 79 5 43 74 99 12 91 32 95 24 61 7 47 40 85 9 92 22 98 41 55 17 91 29 25 29 79 38 19 3 99 63 6 0 77 39 13 11 12 47 57 63 99 70 79 19 18 56 65 58 88 59 49 22 77 92 44 43 76 22 91 66 
14 61 17 64 25 84 48 36 36 99 90 50 82 59 34 58 15 68 18 49 34 4 96 96 16 14 96 1 22 21 85 4 51 85 41 77 40 68 31 76 69 32 77 23 56 81 37 6 5 46 37 5 85 73 84 89 91 45 38 42 22 53 35 51 89 58 6 30 32 68 96 95 49 35 32 53 48 59 39 71 91 53 44 18 34 16 60 59 15 67 45 30 29 84 94 90 84 16 23 98 84 1 45 54 29 83 37 34 89 72 49 47 83 82 86 47 29 23 82 3 64 26 44 31 19 70 77 0 83 6 76 16 6 83 79 97 89 28 39 59 7 16 67 11 91 92 21 25 80 77 82 89 13 74 54 
11 79 93 94 17 40 74 56 96 88 36 89 95 80 25 46 78 82 46 1 25 52 48 50 47 10 11 78 10 6 57 54 23 24 70 98 99 16 5 47 39 75 14 16 46 91 69 27 16 92 40 13 92 95 43 95 24 67 5 76 74 42 36 11 26 42 65 53 4 18 63 41 11 75 16 60 8 29 4 90 79 10 66 53 81 45 95 75 90 87 67 21 65 7 95 66 16 61 49 73 26 90 69 62 58 1 47 44 72 33 80 19 74 6 69 16 52 1 22 77 74 7 5 29 85 19 39 83 0 21 35 4 62 73 62 60 45 36 80 64 64 88 79 83 10 32 41 71 15 84 16 24 26 86 32 
24 18 38 19 97 99 91 29 30 86 58 71 35 15 4 86 87 42 58 39 31 49 49 32 30 26 73 68 78 68 20 90 3 56 71 7 8 51 8 17 92 92 6 55 3 1 37 45 9 94 54 15 80 2 90 41 15 56 34 73 23 93 86 13 85 4 4 17 95 50 69 81 51 16 89 33 59 93 3 18 7 13 68 31 23 33 79 8 58 23 75 56 85 38 5 59 49 30 28 72 84 43 92 24 78 2 54 14 79 9 55 14 45 4 9 2 81 7 38 39 96 80 6 59 21 99 13 6 21 0 13 5 4 80 45 31 66 22 36 65 10 82 81 43 13 57 78 76 15 70 21 93 11 8 31 
82 40 12 37 97 16 85 46 23 75 32 38 62 78 42 26 33 84 78 8 88 4 11 32 45 48 64 16 12 12 34 13 76 60 24 80 33 35 52 64 54 69 23 28 25 38 77 94 49 23 64 59 53 17 67 82 8 86 41 6 13 99 39 57 54 73 84 36 77 80 36 44 94 92 71 29 47 41 38 49 43 42 26 3 65 76 60 40 44 31 77 72 44 41 84 79 89 76 73 17 23 56 30 23 55 76 63 40 37 4 68 34 58 81 35 96 8 3 95 83 41 7 51 33 66 97 11 76 35 13 0 48 34 4 4 55 85 89 78 87 39 65 52 89 66 55 20 3 99 54 64 40 47 41 59 
8 36 23 30 42 38 16 93 57 16 40 34 92 13 31 74 92 45 88 22 1 89 41 42 20 65 14 71 68 45 66 75 76 41 77 35 11 53 99 5 81 11 42 24 48 77 45 81 37 98 17 5 57 27 97 87 32 96 45 87 16 13 58 72 35 2 77 66 15 74 2 49 96 9 4 25 76 32 6 66 13 24 28 38 87 45 51 3 43 58 29 99 50 15 15 59 61 88 4 40 99 95 15 98 13 88 40 11 51 6 77 83 97 72 13 1 3 19 64 20 14 4 54 4 8 22 12 16 4 5 48 0 10 6 16 73 77 99 16 22 88 34 13 54 49 76 44 34 34 20 91 34 85 43 78 
25 82 7 40 25 97 66 57 11 15 15 13 86 12 23 75 73 98 27 6 88 58 26 40 84 89 36 4 36 45 30 76 51 38 32 81 69 15 67 20 95 21 7 27 58 81 48 82 67 55 96 85 67 2 75 58 63 60 95 44 91 84 8 75 60 51 50 21 68 19 85 29 2 18 69 39 62 75 7 20 33 71 3 51 77 5 11 68 95 76 67 31 77 38 63 13 67 54 36 38 76 42 16 58 40 42 94 49 60 48 44 37 10 38 39 19 93 26 40 36 39 58 89 33 54 54 47 6 62 4 34 10 0 74 11 21 75 62 86 42 15 26 61 78 90 90 18 1 72 39 80 1 53 2 24 
75 29 97 29 22 37 53 52 43 57 94 38 61 80 54 7 39 7 32 16 36 17 73 15 75 40 62 48 38 27 39 60 42 3 59 7 45 71 65 41 13 88 16 12 40 82 45 68 78 62 72 94 92 98 40 57 78 63 32 38 47 59 57 94 45 65 79 99 56 41 76 59 53 76 49 89 49 35 63 64 90 58 47 57 7 16 92 57 78 38 14 85 55 29 8 18 99 79 49 60 33 76 21 9 93 99 38 85 9 66 33 75 2 95 37 71 85 16 89 13 35 32 42 39 9 33 57 83 73 80 4 6 74 0 17 20 55 99 4 72 87 44 42 15 91 11 87 29 90 27 99 96 65 39 44 
93 23 15 55 28 99 70 5 73 88 49 80 93 96 97 3 84 88 59 78 46 88 88 3 80 86 28 43 42 86 84 35 9 35 28 33 99 31 28 38 90 73 31 61 80 8 52 58 19 48 77 50 89 53 95 82 4 77 57 98 37 29 81 99 22 29 64 39 69 92 38 14 59 61 54 73 68 41 87 27 72 76 27 91 11 11 85 44 29 59 11 97 24 40 8 35 28 66 80 75 62 92 95 32 49 22 2 62 62 31 46 94 83 23 34 88 44 32 31 96 80 26 15 28 33 42 63 79 62 45 4 16 11 17 0 68 93 19 89 37 39 77 79 87 99 50 5 92 99 37 48 41 65 76 51 
21 39 88 30 47 2 67 80 32 2 14 66 99 35 92 31 21 57 24 81 64 64 23 48 45 22 6 2 10 57 54 70 48 70 73 13 82 29 96 63 78 78 47 31 38 61 21 66 45 25 63 22 79 60 1 54 19 81 57 76 30 71 18 91 94 20 20 91 94 78 57 25 68 72 35 91 81 26 90 33 75 24 78 67 80 14 23 98 55 34 65 35 4 80 49 80 8 65 45 75 50 18 22 32 79 20 97 24 8 44 61 93 85 55 93 28 27 63 71 9 45 82 51 68 89 97 99 97 60 31 55 73 21 20 68 0 20 69 37 52 11 92 52 93 85 14 83 87 26 20 74 13 11 14 75 
33 42 76 56 36 33 90 76 13 85 20 7 92 7 92 78 25 50 38 64 9 87 50 36 99 46 49 82 16 81 70 51 84 44 31 71 80 93 56 59 61 1 93 62 52 93 3 1 39 24 73 41 96 54 11 3 9 96 99 40 72 43 45 1 90 35 74 13 52 95 62 36 97 25 75 94 5 57 44 2 91 55 45 66 29 72 38 33 69 57 63 95 79 77 21 9 86 40 45 4 94 1 39 57 81 37 37 12 88 76 33 37 84 54 80 67 75 19 18 10 49 60 79 30 51 28 70 89 45 66 85 77 75 55 93 20 0 79 27 86 79 65 98 51 30 62 45 17 57 51 31 7 15 92 63 
13 75 36 91 63 31 29 32 83 76 16 80 75 70 83 79 72 48 43 98 42 22 56 51 13 45 37 48 94 54 92 98 28 91 19 96 98 73 1 6 58 39 33 98 10 24 47 12 12 27 22 82 57 80 33 13 45 13 85 94 42 25 86 84 59 27 91 5 35 62 27 30 57 90 24 68 58 74 25 85 99 91 79 87 47 54 30 61 39 83 75 6 74 55 83 34 28 67 8 87 97 46 63 38 60 55 97 24 27 73 25 79 24 34 53 24 50 62 34 99 7 10 93 58 41 28 79 28 36 22 89 99 62 99 19 69 79 0 72 88 71 27 31 51 2 39 71 67 74 57 26 24 74 8 94 
66 78 64 28 69 8 20 77 8 77 98 93 9 86 98 92 28 73 94 31 15 34 89 33 87 89 83 17 86 38 65 93 10 41 57 52 20 35 44 80 52 89 19 74 38 13 77 34 30 34 74 18 10 56 2 6 94 81 15 34 41 5 77 26 60 73 58 63 42 81 14 43 58 34 10 79 55 77 95 16 79 2 84 6 24 14 13 25 61 33 3 11 85 77 3 56 9 37 28 94 95 97 83 36 29 49 89 77 77 93 45 70 52 87 31 23 30 55 38 7 29 13 94 55 37 76 19 39 80 36 78 16 86 4 89 37 27 72 0 85 63 66 70 90 48 80 67 58 9 18 42 69 16 21 3 
95 71 33 61 63 51 18 53 88 91 42 4 76 45 37 97 38 60 90 33 63 95 4 33 78 84 68 69 77 47 20 22 71 84 45 46 50 60 44 87 15 48 30 45 9 51 37 19 97 84 19 67 12 76 88 29 90 19 28 15 75 91 72 22 8 87 48 68 28 84 79 8 72 65 10 86 19 2 67 79 36 51 78 15 44 57 21 2 27 74 24 54 55 16 82 21 42 15 54 62 7 54 58 41 83 72 49 81 21 27 96 36 65 41 6 54 55 89 23 57 11 49 73 67 43 97 18 59 64 65 87 22 42 72 37 52 86 88 85 0 36 22 48 49 83 98 45 63 51 29 72 87 12 41 90 
61 26 92 13 33 51 6 39 9 19 36 33 82 71 7 43 96 94 82 73 11 32 29 42 50 69 7 22 30 12 55 86 19 61 37 18 67 15 91 75 68 6 72 81 70 16 46 61 74 95 83 54 85 96 27 22 68 19 19 78 73 25 85 69 71 26 68 54 18 4 27 66 93 80 83 2 98 13 36 83 2 75 47 12 62 23 67 26 98 76 56 94 79 75 76 13 28 96 35 42 24 15 84 30 18 64 20 13 3 25 87 64 39 60 73 33 33 29 87 63 27 5 33 56 4 22 56 7 64 10 39 88 15 87 39 11 79 71 63 36 0 53 41 40 88 74 56 24 66 40 31 59 84 14 81 
25 49 50 18 46 33 80 84 62 63 26 86 28 73 39 19 83 83 97 45 30 69 25 43 32 68 39 62 53 65 76 76 79 46 60 88 62 81 63 45 49 47 4 24 16 64 15 6 6 41 55 47 60 85 36 47 26 9 77 97 60 86 88 41 71 24 66 10 27 2 31 79 71 48 9 43 49 54 88 56 30 9 30 43 44 59 53 64 20 89 50 67 30 43 52 65 41 43 38 71 21 17 24 77 64 18 75 87 4 31 49 96 37 41 67 22 68 63 11 9 45 47 53 86 37 22 65 16 88 82 65 34 26 44 77 92 65 27 66 22 53 0 13 63 8 38 26 84 75 76 73 50 59 71 67 
83 51 1 72 89 44 11 81 24 46 52 45 26 13 99 84 17 81 27 41 31 39 21 96 54 71 19 30 26 57 70 44 70 19 89 87 51 13 65 11 55 75 1 65 57 9 25 6 94 19 75 33 14 29 40 90 88 60 13 18 58 74 53 2 50 62 11 26 65 45 46 43 1 90 72 54 27 85 87 53 92 65 49 79 65 48 16 15 94 40 10 58 49 56 93 36 83 3 45 31 88 97 74 12 8 22 33 73 30 78 20 31 21 35 66 43 42 4 11 19 87 34 85 52 59 81 58 67 79 81 52 13 61 42 79 52 98 31 70 48 41 13 0 91 41 94 37 84 48 18 66 76 44 94 83 
98 63 23 92 43 42 30 75 35 66 35 30 87 47 32 90 55 99 47 68 38 72 66 17 88 36 72 45 87 84 71 4 62 69 57 85 26 87 5 7 10 72 51 72 67 3 85 72 31 15 74 9 49 55 31 94 21 47 25 73 2 29 34 7 13 4 1 22 51 38 72 24 40 34 42 3 27 61 64 57 32 70 64 15 1 64 3 11 60 66 81 87 41 64 98 13 93 61 30 84 90 83 69 28 48 25 84 7 17 51 90 94 10 60 28 59 38 83 21 95 58 38 6 26 49 79 88 11 83 43 89 54 78 15 87 93 51 51 90 49 40 63 91 0 61 73 51 25 15 23 29 46 37 79 29 
3 45 98 8 58 70 18 71 95 53 23 47 37 83 63 89 97 93 19 25 98 70 88 84 93 35 54 97 38 23 94 85 84 27 84 7 41 64 7 33 23 94 70 18 38 43 72 15 45 39 4 33 33 14 7 23 1 72 55 83 21 88 39 15 4 54 95 35 54 63 96 25 3 68 88 12 25 45 17 23 42 76 13 85 75 51 42 59 20 89 12 21 81 61 54 17 21 36 9 82 4 59 86 19 85 8 1 88 17 43 84 1 83 51 72 36 25 80 67 4 69 11 90 10 98 45 59 91 10 13 66 49 90 91 99 85 30 2 48 83 88 8 41 61 0 47 16 71 38 31 76 12 21 91 86 
93 55 71 84 26 2 82 27 4 29 34 68 15 8 48 57 53 39 25 79 40 54 10 29 79 25 16 67 16 57 23 7 36 61 57 58 25 86 25 41 34 58 41 65 23 18 31 81 2 64 31 75 46 8 66 98 38 98 49 97 98 98 80 21 82 22 8 24 84 63 81 27 19 53 47 75 64 40 95 58 42 97 60 1 97 25 58 48 36 74 5 47 87 7 32 49 91 51 97 80 62 93 75 64 90 75 20 50 6 94 25 8 44 3 26 30 57 31 45 69 7 64 27 54 34 81 49 92 32 57 55 76 90 11 50 14 62 39 80 98 74 38 94 73 47 0 73 45 4 31 63 77 44 71 87 
99 1 37 57 33 98 47 58 56 88 62 67 4 30 63 43 74 11 40 68 11 13 12 32 3 62 53 35 23 77 82 2 36 46 2 58 56 79 24 9 99 18 36 13 76 16 94 26 39 7 79 32 20 16 80 51 72 75 48 37 18 57 30 34 3 84 57 21 22 22 15 15 73 94 75 61 33 56 28 76 4 87 46 4 1 48 2 39 90 42 33 33 38 62 59 35 27 86 70 65 49 95 30 3 19 66 55 93 49 2 90 69 69 12 57 86 38 2 4 8 94 97 96 86 69 8 22 21 41 78 20 44 18 87 5 83 45 71 67 45 56 26 37 51 16 73 0 17 3 55 24 2 23 11 33 
11 87 19 52 34 52 8 31 69 39 79 29 93 61 35 5 6 88 76 51 68 97 22 92 70 88 47 89 92 75 29 66 57 59 49 84 3 3 28 67 57 47 52 85 19 51 96 55 5 72 70 60 84 84 55 98 87 65 44 63 33 15 5 74 42 95 12 50 9 25 88 74 41 54 70 92 43 90 44 64 66 14 49 60 1 19 98 14 92 59 88 35 2 46 47 84 93 51 9 20 59 47 68 19 53 16 92 98 71 24 49 37 20 26 26 92 93 62 37 58 69 23 12 14 78 3 77 25 71 76 3 34 1 29 92 87 17 67 58 63 24 84 84 25 71 45 17 0 98 15 34 76 67 37 37 
55 17 28 33 7 31 18 65 16 21 8 58 85 83 72 12 67 66 40 49 55 47 59 12 97 74 98 87 37 72 98 97 54 24 9 73 87 10 31 96 81 38 16 39 7 26 12 19 33 53 99 50 34 35 59 15 74 78 62 13 2 10 60 67 43 30 51 99 10 97 39 47 31 79 98 90 31 68 11 32 63 29 67 72 32 83 63 76 21 76 6 94 9 81 52 72 83 82 65 62 32 23 56 23 30 41 73 17 44 11 99 40 58 41 37 5 69 37 22 11 91 22 43 78 28 46 92 80 15 15 99 34 72 90 99 26 57 74 9 51 66 75 48 15 38 4 3 98 0 27 59 54 40 34 27 
97 20 29 77 66 83 87 39 25 98 33 85 73 74 43 25 81 96 7 36 78 41 88 39 23 21 75 78 46 37 74 19 23 2 55 7 6 76 69 73 15 88 50 77 78 64 51 85 86 15 97 12 84 52 45 82 26 79 8 80 87 20 32 26 19 17 16 53 13 60 57 15 52 68 98 42 3 65 83 44 70 62 13 93 75 15 46 43 69 92 55 56 48 91 5 46 56 92 90 94 59 8 27 13 13 6 29 74 7 12 10 17 86 39 19 8 3 29 43 25 82 25 16 71 40 55 44 77 84 70 54 20 39 27 37 20 51 57 18 29 40 76 18 23 31 31 55 15 27 0 66 30 31 38 3 
83 10 53 63 52 50 62 19 95 52 4 44 44 47 21 23 95 89 69 53 46 18 95 88 43 77 54 98 67 51 58 54 14 41 24 88 10 31 26 58 32 88 9 38 72 52 73 45 71 44 17 12 47 44 82 69 33 47 20 58 82 65 78 48 36 23 32 98 17 8 90 36 58 98 56 11 80 42 45 96 7 78 45 49 41 15 44 43 41 27 94 41 90 15 4 21 21 7 28 65 25 37 9 6 28 16 50 65 54 7 30 39 30 43 27 68 73 73 68 42 90 82 75 14 22 66 43 82 16 21 64 91 80 99 48 74 31 26 42 72 31 73 66 29 76 63 24 34 59 66 0 24 83 24 55 
87 93 95 52 32 82 65 96 63 60 68 95 9 87 91 7 51 60 40 32 74 94 65 17 3 73 4 39 4 32 51 8 49 14 94 19 95 33 94 25 20 74 68 38 35 55 69 59 61 80 33 55 55 91 17 82 91 2 47 84 35 73 9 98 64 17 62 40 74 58 16 22 63 58 60 57 26 96 37 35 69 98 69 10 12 83 4 55 76 93 49 70 77 72 25 55 21 72 63 58 39 55 51 89 60 10 36 26 54 77 10 33 35 56 57 30 44 24 64 57 49 7 27 68 30 60 76 89 24 93 40 34 1 96 41 13 7 24 69 87 59 50 76 46 12 77 2 76 54 30 24 0 65 38 47 
71 52 51 97 8 83 8 42 27 95 96 94 56 85 51 5 3 74 47 2 69 79 79 57 21 59 25 11 59 24 21 71 22 78 54 31 81 20 51 95 43 4 66 84 41 28 95 71 4 84 49 9 73 76 92 22 32 36 20 24 47 1 92 2 60 60 56 3 26 97 76 67 44 81 2 14 11 47 8 76 7 30 64 8 72 20 48 41 79 29 3 14 85 88 3 20 19 13 80 63 73 96 61 20 1 93 78 60 59 4 42 88 31 60 57 53 54 57 43 5 98 56 81 79 76 52 22 13 26 11 47 85 53 65 65 11 15 74 16 12 84 59 44 37 21 44 23 67 40 31 83 65 0 80 76 
67 11 47 31 14 96 30 96 99 65 58 21 18 98 23 80 90 96 22 65 24 62 88 10 57 56 44 22 96 29 30 47 8 63 71 7 26 68 68 34 32 51 35 44 53 45 80 96 13 41 18 10 66 79 62 4 99 83 80 86 41 93 29 22 33 33 13 98 64 79 32 79 14 54 9 78 29 19 77 97 46 64 8 24 60 35 88 97 15 73 52 75 11 10 31 88 44 9 81 66 17 25 75 13 8 8 3 47 2 20 89 58 14 17 82 26 95 12 68 38 46 71 52 59 43 56 91 74 86 8 41 43 2 39 76 14 92 8 21 41 14 71 94 79 91 71 11 37 34 38 24 38 80 0 10 
72 69 8 23 4 72 56 58 48 15 97 53 61 48 3 29 33 92 68 32 82 36 72 65 40 16 26 17 73 1 33 26 7 52 24 88 54 77 3 48 74 64 35 88 25 59 63 49 68 22 24 73 72 52 77 90 64 66 59 32 22 95 94 62 94 43 82 50 12 28 55 25 35 28 64 19 15 46 43 57 50 57 4 23 76 77 5 57 48 8 29 27 31 85 55 27 43 17 69 71 8 92 5 25 82 7 63 73 64 70 76 61 33 33 28 1 82 39 17 19 66 13 30 74 50 13 66 54 32 31 59 78 24 44 51 75 63 94 3 90 81 67 83 29 86 87 33 37 27 3 55 47 76 10 0 
