160
0 38 13 73 10 76 6 80 65 17 2 77 72 7 26 51 21 19 85 12 29 30 15 51 69 88 88 95 97 87 14 10 8 64 62 23 58 2 1 61 82 9 89 14 48 73 31 72 4 71 22 50 58 4 69 25 44 77 27 53 81 42 83 16 65 69 26 99 88 8 27 26 23 10 68 24 28 38 58 84 39 9 33 35 11 24 16 88 26 72 93 75 63 47 33 89 24 56 66 78 4 1 78 7 53 86 71 3 77 92 22 76 8 78 73 76 77 44 21 31 37 8 46 69 58 83 97 14 11 24 82 8 25 75 93 21 33 13 66 95 61 25 83 98 3 93 99 11 55 97 83 87 71 67 72 49 55 16 6 18 
38 0 43 21 49 23 14 98 54 85 11 97 56 62 57 90 22 97 84 26 15 14 85 44 7 78 57 60 16 25 10 67 72 54 70 37 22 41 78 92 50 48 78 41 79 46 88 17 29 46 68 67 79 47 1 30 64 76 36 54 94 34 3 85 84 49 55 33 29 56 83 32 29 95 75 9 33 9 85 78 51 80 42 65 84 25 21 45 16 31 92 15 20 27 87 8 54 48 61 35 33 20 68 25 84 95 39 48 6 80 64 88 33 43 75 67 89 99 31 18 69 65 61 79 18 40 36 82 29 23 39 42 75 78 71 26 49 51 63 45 55 1 87 17 20 10 93 52 11 69 24 15 64 22 47 4 57 89 81 47 
13 43 0 55 80 72 15 78 16 26 54 85 59 86 30 45 38 23 92 55 77 13 60 27 77 72 88 40 44 77 39 92 70 99 34 44 27 57 70 74 53 90 28 44 2 83 95 97 27 85 31 65 23 99 53 4 71 13 40 84 49 62 71 14 37 24 23 67 93 96 54 10 42 58 89 94 77 83 12 37 17 31 85 58 36 42 82 3 86 94 37 47 81 28 73 29 3 14 42 37 41 19 98 39 64 47 90 3 99 29 79 76 59 43 27 22 59 17 93 38 12 23 7 97 15 88 76 36 64 33 92 50 1 23 98 71 37 19 28 29 53 95 51 47 8 86 17 30 12 62 15 31 9 41 49 31 24 67 93 65 
73 21 55 0 13 18 34 11 29 76 6 82 6 43 87 53 58 57 79 88 82 11 73 49 20 13 26 78 17 5 89 28 51 69 4 59 13 3 77 97 97 62 16 75 13 19 31 60 6 17 96 97 61 44 32 45 25 63 80 22 20 78 34 5 40 68 35 35 43 79 83 39 49 82 6 92 9 41 70 6 8 79 38 79 34 28 52 78 31 44 47 10 68 4 68 55 98 64 81 29 38 65 38 94 19 79 71 93 53 11 33 47 64 94 19 37 30 40 29 55 30 56 91 28 61 13 18 72 92 8 84 57 52 33 77 63 52 97 31 23 6 92 96 23 77 23 19 94 30 19 53 32 50 99 84 94 46 52 87 16 
10 49 80 13 0 72 49 29 84 28 44 20 80 71 89 87 12 66 94 16 52 99 87 46 64 43 23 83 41 45 17 18 89 1 98 83 72 15 37 27 33 2 49 89 23 35 95 22 69 68 49 19 98 12 12 53 77 69 46 65 90 41 8 8 34 59 8 35 5 6 62 51 77 46 97 22 93 72 93 26 98 2 14 39 86 28 39 85 34 2 32 39 29 76 32 52 67 68 33 75 33 98 6 1 38 73 44 25 17 97 97 42 25 22 28 47 36 63 69 63 33 46 89 43 58 26 33 34 7 66 52 32 8 14 4 29 16 30 67 62 84 97 59 83 35 31 58 97 50 47 84 42 21 41 51 5 10 1 91 22 
76 23 72 18 72 0 75 22 34 39 38 44 34 96 42 72 70 71 24 87 40 32 38 39 57 88 29 37 67 11 85 1 17 31 4 79 60 54 70 50 75 47 28 34 73 69 40 33 98 8 34 63 15 78 44 62 86 37 13 54 27 83 13 26 2 42 56 56 65 16 93 41 61 71 50 51 33 91 21 53 39 66 81 58 53 90 20 95 65 43 48 22 98 2 90 39 13 19 78 78 89 91 84 40 99 16 38 97 37 99 2 33 31 8 51 51 33 44 42 70 2 98 52 31 83 50 82 83 96 72 22 19 47 45 92 10 5 78 64 24 96 60 65 83 32 2 85 79 69 55 26 84 28 57 93 9 56 77 47 50 
6 14 15 34 49 75 0 12 9 62 75 24 89 90 83 83 6 43 47 22 52 74 43 14 19 24 46 96 53 34 55 15 58 62 41 73 66 23 3 87 2 73 52 72 88 78 63 49 1 43 40 4 58 44 54 44 75 99 98 76 60 67 75 92 6 27 68 32 12 4 55 2 14 60 57 82 9 39 5 71 77 74 6 80 85 60 32 91 8 67 33 47 76 83 45 65 38 48 74 91 85 16 66 53 70 67 90 29 20 18 6 80 11 30 18 82 47 8 18 87 62 65 8 30 56 29 44 99 56 6 51 93 64 53 35 99 84 78 38 90 55 5 44 12 30 77 90 33 51 52 43 24 90 44 89 96 29 65 87 59 
80 98 78 11 29 22 12 0 89 52 23 11 32 10 7 31 68 19 13 74 75 92 66 86 54 43 7 10 37 88 60 9 54 88 19 22 68 15 21 86 10 43 67 21 17 59 78 43 36 76 29 86 35 45 93 83 9 31 65 78 19 39 12 57 53 84 77 69 26 70 32 60 63 30 67 33 72 61 94 73 28 98 94 69 39 61 98 10 68 79 64 21 36 56 29 46 93 57 52 5 80 76 32 77 53 39 84 81 75 71 27 58 31 65 39 19 96 42 96 58 49 43 53 23 65 71 62 61 97 28 1 27 51 21 27 66 78 19 61 83 60 63 39 24 69 70 62 88 67 20 37 18 22 78 27 33 9 9 21 69 
65 54 16 29 84 34 9 89 0 83 55 86 94 75 90 24 95 91 14 12 43 11 89 25 48 69 44 92 14 7 3 68 94 5 29 36 83 78 47 79 7 92 81 21 24 64 72 7 22 65 51 91 10 93 68 86 34 72 9 52 34 62 8 60 42 28 52 41 72 46 95 10 89 47 59 22 55 1 20 20 86 28 98 22 95 19 68 36 96 30 23 57 11 43 73 32 13 83 8 88 9 62 24 35 95 4 56 69 16 25 95 63 27 99 48 88 36 17 88 91 79 88 58 25 56 50 53 25 16 68 74 47 21 67 95 13 26 1 98 99 78 12 91 25 55 48 78 41 60 96 80 90 32 57 34 39 93 21 15 10 
17 85 26 76 28 39 62 52 83 0 68 82 80 4 48 71 43 6 21 58 60 55 78 25 59 80 37 81 59 52 64 74 84 89 83 56 79 71 28 24 54 70 69 24 47 40 67 78 27 25 18 88 2 46 59 22 18 57 34 44 76 99 3 97 91 84 27 27 53 56 8 63 32 80 93 77 47 88 71 70 56 93 99 88 86 75 16 15 57 88 2 85 76 77 91 19 63 46 66 53 29 88 39 21 98 52 60 95 65 15 98 53 45 17 65 31 83 11 46 89 79 60 98 43 65 6 91 77 56 43 21 89 69 19 93 50 84 16 18 62 8 65 56 3 91 5 17 78 69 31 53 85 37 99 60 32 36 33 51 52 
2 11 54 6 44 38 75 23 55 68 0 6 34 1 10 32 36 89 61 39 12 45 44 8 63 57 97 94 53 25 44 52 11 95 50 19 11 62 40 7 8 80 13 1 4 52 16 68 82 60 67 16 62 65 20 45 88 62 22 1 64 95 85 2 85 61 77 23 15 25 47 33 81 71 55 25 78 90 36 58 32 40 15 94 49 14 20 16 98 42 36 26 52 35 23 34 62 79 8 33 4 68 96 58 97 47 90 22 93 85 59 65 41 79 79 63 63 48 28 72 43 15 94 52 19 79 11 36 50 94 80 90 5 6 87 30 54 81 73 30 39 79 55 43 65 69 45 85 74 51 81 51 36 73 16 40 3 36 98 80 
77 97 85 82 20 44 24 11 86 82 6 0 16 16 95 67 35 84 94 19 75 19 26 18 50 38 21 41 53 24 19 80 52 33 38 31 41 51 74 69 81 16 64 65 92 21 55 24 7 25 1 49 81 29 89 2 74 22 1 77 33 41 82 84 31 88 54 34 83 23 4 35 50 89 71 38 34 13 38 80 66 7 80 93 4 33 86 45 30 47 68 67 29 58 85 44 95 94 21 53 32 26 64 53 60 18 23 55 14 31 24 51 22 72 4 24 13 78 8 53 31 27 9 97 85 82 74 40 57 61 26 66 96 28 19 87 2 35 3 18 86 12 94 54 60 83 12 84 4 84 1 94 86 52 92 33 87 85 82 6 
72 56 59 6 80 34 89 32 94 80 34 16 0 12 70 10 47 75 94 33 39 43 64 24 41 64 64 32 19 41 6 93 80 83 75 41 26 69 50 83 87 47 14 22 81 82 95 50 52 15 31 11 86 5 8 55 60 85 99 42 36 57 14 12 53 67 22 82 95 35 62 92 86 61 93 99 92 75 9 76 82 28 26 87 37 15 4 93 85 73 44 9 56 18 61 33 99 84 28 96 53 51 81 92 80 27 38 25 57 41 53 39 20 45 21 64 22 66 69 93 19 69 17 79 60 57 45 36 40 62 33 68 54 63 76 9 35 34 93 26 68 2 99 9 90 28 30 90 78 11 62 17 80 75 77 98 1 31 4 82 
7 62 86 43 71 96 90 10 75 4 1 16 12 0 65 39 68 31 22 27 96 11 70 34 37 10 1 56 70 11 4 40 78 38 17 26 47 8 44 1 57 15 56 56 53 79 98 54 61 1 15 61 67 96 40 72 8 17 67 62 70 51 59 80 15 78 13 12 80 96 35 7 70 86 45 71 73 13 47 83 8 30 61 83 74 47 87 85 98 48 89 74 77 88 46 37 88 40 38 7 44 59 2 84 30 49 56 46 9 35 30 1 80 20 5 72 2 9 27 41 90 33 71 97 8 39 82 30 4 75 51 92 17 50 43 71 9 32 26 35 55 98 97 71 6 64 95 25 47 21 23 1 70 23 28 26 65 46 39 58 
26 57 30 87 89 42 83 7 90 48 10 95 70 65 0 53 53 33 70 80 6 34 65 54 54 54 13 81 97 34 52 56 81 55 13 86 11 82 79 72 85 30 13 64 8 71 83 64 65 45 70 76 89 35 15 60 89 34 25 4 42 31 23 54 97 92 92 83 98 37 7 39 99 32 63 48 63 35 72 43 21 91 51 23 3 64 1 93 6 73 53 10 95 98 12 99 41 92 77 88 62 3 23 83 94 99 48 30 96 99 81 2 76 2 53 93 65 76 79 63 77 49 37 50 15 74 22 33 72 1 47 25 81 38 17 53 69 93 91 8 61 10 35 64 67 69 14 67 92 1 35 71 17 38 18 39 83 15 38 63 
51 90 45 53 87 72 83 31 24 71 32 67 10 39 53 0 1 34 50 78 32 58 59 74 77 29 77 54 59 32 95 14 39 92 88 60 47 63 87 62 40 72 3 60 26 58 33 31 53 92 42 79 58 46 86 26 74 75 7 3 31 78 79 92 97 43 19 84 90 89 57 43 5 12 25 23 7 5 80 29 54 31 22 28 6 36 73 83 49 52 95 25 77 41 86 29 41 48 24 29 85 90 38 6 24 69 21 14 57 30 29 92 55 29 64 82 61 70 84 73 80 49 53 93 93 97 58 95 40 91 79 62 58 6 77 26 80 94 38 45 61 16 93 42 64 8 3 47 76 53 67 26 38 4 26 85 65 1 53 82 
21 22 38 58 12 70 6 68 95 43 36 35 47 68 53 1 0 47 85 18 55 36 79 61 51 47 24 66 1 33 13 91 76 26 56 70 6 15 88 3 92 65 99 88 59 25 46 15 78 87 33 92 73 39 84 21 25 72 28 38 96 83 17 55 97 53 74 6 67 81 95 51 3 90 33 8 90 86 37 67 74 12 36 43 40 53 94 85 21 74 8 53 70 58 63 90 84 17 29 46 83 82 69 68 62 84 70 39 75 64 73 13 35 25 84 35 23 90 41 88 76 78 39 76 22 16 56 69 83 69 12 37 58 28 80 2 13 2 9 90 64 91 16 86 81 85 28 94 8 15 76 13 62 21 38 63 67 34 58 75 
19 97 23 57 66 71 43 19 91 6 89 84 75 31 33 34 47 0 73 6 1 3 5 65 58 36 31 5 76 81 15 3 53 55 16 97 89 1 60 63 2 92 68 82 42 84 45 98 7 88 57 50 48 73 60 94 83 81 99 93 39 11 88 66 96 89 60 74 96 92 35 51 52 83 83 52 92 25 56 69 66 38 58 98 88 45 58 42 33 28 56 64 81 92 77 57 27 63 54 93 23 39 21 59 44 20 46 76 38 85 35 88 59 2 41 86 38 59 8 25 25 84 42 95 28 33 15 26 14 79 37 25 4 57 94 32 29 77 3 61 60 73 41 16 38 8 83 39 48 61 61 49 83 9 86 69 40 64 55 14 
85 84 92 79 94 24 47 13 14 21 61 94 94 22 70 50 85 73 0 62 41 74 75 69 25 26 34 19 79 47 79 8 78 9 39 50 15 18 46 58 78 88 27 32 59 24 38 43 94 90 82 97 27 47 19 25 40 76 40 7 69 40 47 22 68 74 25 72 33 13 87 66 8 3 97 21 4 86 95 36 18 18 56 44 53 96 26 90 30 52 68 48 21 72 80 9 24 61 57 10 47 61 66 63 22 14 23 28 26 18 33 94 15 86 53 26 61 84 69 90 25 58 64 13 19 27 78 26 1 23 15 75 40 76 20 10 72 54 67 28 89 3 72 86 20 15 14 98 83 23 62 82 12 29 45 3 4 11 32 92 
12 26 55 88 16 87 22 74 12 58 39 19 33 27 80 78 18 6 62 0 97 30 56 30 34 42 66 50 26 86 49 54 49 1 39 8 22 6 16 78 81 64 98 31 33 73 45 41 68 25 79 68 51 49 36 53 32 2 65 32 19 67 16 44 40 21 2 1 46 83 30 27 8 53 4 22 84 80 63 70 68 9 73 44 96 90 77 73 59 69 59 82 64 93 53 38 48 52 24 71 1 24 23 88 60 9 3 19 4 15 80 68 35 82 65 45 43 35 79 45 61 68 43 23 42 69 42 40 81 43 68 99 14 26 39 76 6 93 23 40 74 15 48 72 2 34 71 61 20 16 98 99 54 70 21 36 39 50 82 59 
29 15 77 82 52 40 52 75 43 60 12 75 39 96 6 32 55 1 41 97 0 13 76 54 25 96 23 34 25 31 88 1 88 36 46 64 9 42 15 63 11 30 31 38 98 40 11 68 55 78 46 74 69 24 82 65 82 82 33 94 15 31 39 97 88 1 38 67 43 62 19 1 46 83 95 72 71 97 54 1 43 41 40 25 41 93 73 32 5 30 36 36 49 31 48 1 80 8 53 10 25 52 86 92 76 15 82 62 41 13 28 45 1 55 65 17 91 18 60 91 96 38 73 84 82 40 44 71 91 24 31 74 64 91 49 45 95 17 60 91 45 86 49 18 52 49 7 77 67 87 36 45 79 99 1 39 19 82 37 49 
30 14 13 11 99 32 74 92 11 55 45 19 43 11 34 58 36 3 74 30 13 0 4 52 49 4 89 58 17 88 64 87 22 34 95 32 69 39 72 70 54 13 97 47 41 18 94 79 62 36 59 32 31 49 31 97 97 21 7 75 36 37 74 39 72 57 72 68 50 62 83 99 84 86 88 48 1 66 22 22 40 77 61 3 41 78 44 84 60 67 79 86 51 23 38 14 16 85 47 39 90 55 28 30 49 16 74 30 52 50 89 65 14 53 95 60 35 4 65 81 93 58 1 10 91 39 18 14 43 53 10 39 26 58 82 52 70 54 90 70 30 91 63 77 21 56 89 96 2 63 55 11 32 70 96 48 49 11 41 26 
15 85 60 73 87 38 43 66 89 78 44 26 64 70 65 59 79 5 75 56 76 4 0 73 88 23 50 56 89 4 29 25 21 66 88 10 12 22 59 88 95 65 79 88 72 87 83 1 43 35 67 58 93 7 71 3 13 91 5 1 35 77 9 24 62 28 16 12 86 54 91 48 61 89 30 84 51 70 39 84 75 96 48 6 60 12 36 52 85 74 13 36 17 10 85 59 49 22 48 72 57 52 68 4 93 51 54 88 80 93 40 81 83 83 3 31 86 48 66 42 57 42 80 45 95 80 87 34 55 16 28 38 6 65 35 43 88 45 91 43 45 53 89 58 81 3 65 74 96 50 32 32 42 40 15 3 48 36 51 33 
51 44 27 49 46 39 14 86 25 25 8 18 24 34 54 74 61 65 69 30 54 52 73 0 33 42 43 96 17 84 29 32 92 12 39 88 17 57 10 65 84 27 3 39 86 31 87 54 32 31 37 16 22 93 48 74 45 5 67 44 19 60 91 30 78 10 24 91 9 92 15 88 48 73 38 42 90 31 40 6 34 75 20 94 38 90 16 13 98 65 1 70 51 48 19 69 68 67 75 70 56 66 82 51 49 5 51 57 79 39 11 95 25 40 59 56 1 39 94 86 96 71 74 56 16 97 50 56 7 33 30 94 79 20 29 79 42 93 25 90 11 70 16 47 30 45 20 84 75 80 45 99 13 87 78 50 32 54 88 93 
69 7 77 20 64 57 19 54 48 59 63 50 41 37 54 77 51 58 25 34 25 49 88 33 0 79 3 70 97 23 43 3 21 57 40 38 27 22 4 63 29 10 55 2 29 7 45 68 33 30 70 13 91 16 75 93 17 24 16 12 5 72 95 25 81 38 64 61 82 50 79 12 1 48 24 82 91 13 57 82 29 36 81 9 17 7 22 35 48 46 43 26 36 76 27 54 88 75 67 78 61 53 50 37 61 96 48 70 35 62 33 48 19 92 92 74 82 13 42 58 71 3 35 81 67 88 72 15 27 40 91 59 46 83 85 53 14 10 26 48 65 89 40 86 22 46 45 89 84 69 68 71 36 35 25 62 88 74 21 77 
88 78 72 13 43 88 24 43 69 80 57 38 64 10 54 29 47 36 26 42 96 4 23 42 79 0 73 59 56 16 83 42 64 28 97 83 90 72 74 97 61 90 80 89 23 35 56 8 38 99 1 76 74 64 58 65 40 15 23 27 16 82 77 93 27 50 89 33 26 99 53 61 78 6 47 65 11 98 2 57 73 92 57 22 87 38 73 75 93 15 15 50 89 46 87 31 84 78 72 59 63 43 19 59 76 13 29 46 50 95 23 77 57 90 39 87 12 20 89 51 75 92 91 41 60 3 9 76 72 30 96 11 73 64 14 36 62 28 6 49 37 83 68 7 39 19 72 54 16 53 47 98 75 54 4 25 44 26 27 2 
88 57 88 26 23 29 46 7 44 37 97 21 64 1 13 77 24 31 34 66 23 89 50 43 3 73 0 7 19 35 32 97 81 99 44 52 37 83 9 3 20 63 95 76 26 36 80 63 77 77 75 71 48 79 32 34 44 10 57 87 47 38 37 11 51 78 20 46 35 36 8 72 2 4 47 62 7 4 9 37 85 49 82 15 16 49 44 44 58 86 68 47 51 3 1 82 59 19 46 66 28 97 84 59 21 97 44 85 12 99 91 47 38 89 41 7 45 31 59 34 66 22 90 58 1 78 68 16 71 4 48 43 2 82 48 17 69 22 62 30 45 97 67 35 89 87 78 98 39 11 22 17 79 8 54 54 68 78 13 87 
95 60 40 78 83 37 96 10 92 81 94 41 32 56 81 54 66 5 19 50 34 58 56 96 70 59 7 0 86 29 14 62 7 58 46 62 52 94 7 58 41 8 5 93 8 19 52 73 3 83 47 19 87 30 36 12 53 77 38 79 70 25 70 30 78 25 43 11 66 86 54 21 14 27 7 32 84 50 66 55 1 51 82 38 77 71 21 55 16 46 30 71 15 14 77 82 48 44 76 63 26 26 73 43 62 45 45 54 33 29 6 21 62 8 52 98 51 84 22 10 78 12 68 36 38 42 10 16 94 86 77 30 53 26 87 38 16 23 92 37 46 67 4 59 96 73 73 90 17 86 75 33 63 7 74 38 3 46 14 42 
97 16 44 17 41 67 53 37 14 59 53 53 19 70 97 59 1 76 79 26 25 17 89 17 97 56 19 86 0 34 4 5 31 66 70 89 75 37 66 57 78 71 17 43 98 58 94 6 90 88 30 96 70 87 42 82 52 47 59 40 84 16 76 94 94 53 57 26 80 37 5 83 95 12 43 23 85 29 57 33 59 87 69 67 23 3 74 2 34 81 8 64 70 6 43 16 36 47 82 24 21 5 24 26 47 32 26 19 12 54 46 7 21 6 68 12 45 45 27 86 57 81 54 38 47 12 65 57 84 23 57 77 75 72 37 51 32 24 29 1 40 62 33 67 59 47 80 38 54 91 89 34 35 26 79 20 84 53 76 85 
87 25 77 5 45 11 34 88 7 52 25 24 41 11 34 32 33 81 47 86 31 88 4 84 23 16 35 29 34 0 64 97 80 99 42 39 40 7 9 1 88 43 19 45 44 94 6 3 63 37 95 60 84 20 24 31 18 99 40 56 24 17 10 92 31 49 50 38 52 22 1 32 94 19 40 45 50 45 24 37 82 90 70 75 86 69 62 44 47 54 75 13 36 18 12 5 88 27 66 17 76 26 64 25 17 80 85 57 20 34 66 30 39 84 54 70 92 65 20 55 76 70 71 94 23 82 29 98 74 58 51 21 30 33 44 92 48 47 58 80 2 13 40 20 56 60 58 67 89 58 54 56 3 34 45 54 38 63 74 61 
14 10 39 89 17 85 55 60 3 64 44 19 6 4 52 95 13 15 79 49 88 64 29 29 43 83 32 14 4 64 0 70 73 87 83 13 49 9 84 65 27 53 18 28 43 49 54 93 15 85 46 29 16 34 90 71 15 91 80 66 14 27 52 24 94 11 73 52 30 20 3 37 23 57 99 95 59 22 35 40 55 29 12 60 3 4 87 11 28 2 62 71 13 31 68 80 62 58 8 43 4 54 90 13 75 76 60 35 70 51 98 93 22 86 76 44 4 85 7 2 66 97 19 54 8 71 47 26 35 56 72 64 95 12 13 50 80 68 55 70 82 42 32 83 34 74 10 89 75 96 2 20 12 73 42 24 36 59 30 15 
10 67 92 28 18 1 15 9 68 74 52 80 93 40 56 14 91 3 8 54 1 87 25 32 3 42 97 62 5 97 70 0 2 50 95 40 28 58 20 33 12 52 88 86 65 77 61 9 40 85 98 19 4 47 41 32 96 43 63 24 17 89 32 98 76 84 7 19 46 65 54 86 44 51 43 14 8 1 6 14 9 39 67 60 98 67 6 26 89 7 16 75 60 20 51 23 3 76 76 51 42 9 48 84 28 10 71 19 79 70 62 84 36 36 57 54 23 14 49 22 8 7 78 29 44 85 71 98 29 74 90 7 54 14 73 55 90 51 49 39 58 35 69 66 52 25 86 48 39 85 39 32 79 79 9 37 96 73 38 78 
8 72 70 51 89 17 58 54 94 84 11 52 80 78 81 39 76 53 78 49 88 22 21 92 21 64 81 7 31 80 73 2 0 35 40 20 68 32 71 65 56 60 57 27 90 78 31 53 89 32 84 44 1 52 11 73 40 77 14 70 70 50 12 13 60 14 90 32 20 26 65 87 67 19 87 92 99 99 37 49 15 41 46 79 64 1 55 21 85 24 56 60 41 38 3 35 70 44 91 41 84 61 46 19 69 27 61 46 59 24 2 41 14 78 63 52 95 48 62 58 65 98 24 2 3 68 84 5 9 78 15 14 99 7 96 69 98 87 29 74 35 84 59 49 10 15 32 25 25 23 75 26 20 97 75 62 86 8 54 89 
64 54 99 69 1 31 62 88 5 89 95 33 83 38 55 92 26 55 9 1 36 34 66 12 57 28 99 58 66 99 87 50 35 0 62 76 69 18 44 29 18 53 49 92 95 60 22 87 72 93 10 11 21 84 16 47 39 20 61 7 24 32 92 1 84 72 10 68 66 3 66 48 87 26 20 5 53 71 5 23 63 60 41 70 71 24 77 32 59 28 73 31 19 57 45 37 60 89 57 84 57 2 49 9 55 24 94 54 71 24 43 69 62 31 73 27 36 89 95 22 61 33 91 87 19 10 30 75 31 59 40 95 26 74 74 54 76 78 61 27 7 85 68 78 34 92 52 37 34 84 41 14 65 52 74 7 57 22 60 31 
62 70 34 4 98 4 41 19 29 83 50 38 75 17 13 88 56 16 39 39 46 95 88 39 40 97 44 46 70 42 83 95 40 62 0 46 69 58 20 83 32 71 61 76 34 18 79 97 1 83 42 68 86 63 35 25 98 73 13 51 64 65 34 60 36 20 7 24 97 61 19 97 63 10 24 41 77 98 7 80 35 81 7 33 13 71 96 52 46 18 88 87 85 7 58 58 84 73 7 88 19 31 7 88 14 54 62 41 39 17 48 39 98 1 66 49 70 32 66 1 76 77 20 85 83 64 39 55 87 13 22 19 46 60 61 13 29 12 14 61 83 60 88 84 3 34 92 10 3 77 44 82 18 89 54 51 76 7 37 95 
23 37 44 59 83 79 73 22 36 56 19 31 41 26 86 60 70 97 50 8 64 32 10 88 38 83 52 62 89 39 13 40 20 76 46 0 17 77 99 63 23 71 70 83 16 96 19 22 10 3 79 79 7 97 60 37 26 6 62 9 7 21 57 14 94 4 79 6 82 91 40 99 8 33 11 69 45 99 82 80 98 20 50 67 62 51 26 41 25 56 3 87 6 10 95 81 26 54 72 66 56 64 8 69 87 40 58 74 78 39 32 77 60 82 28 90 40 9 4 15 99 10 76 79 82 65 74 84 16 65 53 48 27 54 17 26 8 25 5 10 26 37 90 81 53 70 55 26 42 19 12 81 4 2 18 51 91 19 46 45 
58 22 27 13 72 60 66 68 83 79 11 41 26 47 11 47 6 89 15 22 9 69 12 17 27 90 37 52 75 40 49 28 68 69 69 17 0 49 21 92 17 36 30 8 29 7 30 98 97 95 3 89 91 61 70 1 87 15 69 74 16 87 90 45 68 16 51 35 53 15 71 31 29 93 73 35 60 15 81 13 87 64 86 79 3 10 76 31 33 20 68 77 31 71 9 18 75 67 49 66 17 33 18 78 59 12 67 34 8 7 5 63 1 22 21 38 51 59 82 79 7 47 13 62 50 52 28 60 15 22 88 54 14 75 35 50 71 24 54 52 13 71 11 99 5 97 12 75 38 32 44 95 38 87 1 39 26 23 45 94 
2 41 57 3 15 54 23 15 78 71 62 51 69 8 82 63 15 1 18 6 42 39 22 57 22 72 83 94 37 7 9 58 32 18 58 77 49 0 47 86 14 32 47 82 67 37 53 35 32 14 48 19 26 64 87 6 24 20 31 5 8 52 99 67 65 28 96 56 1 44 44 91 63 65 5 7 25 24 28 31 69 26 94 51 68 3 99 86 57 19 13 25 38 70 65 59 1 65 14 22 38 99 15 18 91 90 23 21 51 73 49 11 24 97 66 13 21 86 22 47 32 27 35 59 91 83 70 15 80 84 79 63 26 68 18 20 55 38 1 81 62 62 4 17 54 78 25 65 20 72 63 54 5 5 72 84 70 80 61 98 
1 78 70 77 37 70 3 21 47 28 40 74 50 44 79 87 88 60 46 16 15 72 59 10 4 74 9 7 66 9 84 20 71 44 20 99 21 47 0 54 33 88 7 3 41 6 22 4 12 80 68 7 76 47 17 64 5 20 41 38 63 59 6 80 87 75 45 11 7 33 41 9 67 96 73 58 25 95 34 48 95 53 92 12 37 7 61 30 50 56 7 41 64 8 76 27 56 32 83 96 55 78 77 7 96 91 79 58 14 84 24 21 66 91 85 55 67 84 88 38 17 8 81 69 16 16 83 21 48 21 59 10 97 56 60 89 8 26 10 11 37 40 21 83 76 29 99 41 86 84 6 11 49 61 68 60 34 22 77 84 
61 92 74 97 27 50 87 86 79 24 7 69 83 1 72 62 3 63 58 78 63 70 88 65 63 97 3 58 57 1 65 33 65 29 83 63 92 86 54 0 7 22 15 42 66 79 69 39 92 54 81 95 13 90 78 61 58 52 15 68 49 55 10 23 34 99 57 81 15 32 20 43 32 74 28 62 15 54 41 91 44 12 74 73 32 52 59 16 49 4 26 65 29 69 60 60 84 78 5 70 67 74 44 88 84 74 79 63 5 73 41 98 13 19 55 36 20 32 10 71 30 33 86 95 87 85 84 12 85 97 96 83 29 90 37 18 96 22 11 80 62 40 89 91 72 84 46 13 20 45 20 85 64 42 64 31 52 12 54 32 
82 50 53 97 33 75 2 10 7 54 8 81 87 57 85 40 92 2 78 81 11 54 95 84 29 61 20 41 78 88 27 12 56 18 32 23 17 14 33 7 0 75 92 69 11 21 88 73 78 1 39 89 48 6 47 75 72 94 58 18 47 38 88 88 74 4 51 64 64 61 53 49 52 7 64 94 2 25 23 89 49 35 23 40 19 64 75 89 18 8 28 87 79 3 51 17 44 80 12 78 14 95 39 1 72 27 93 77 95 89 55 17 63 74 57 54 40 19 65 79 69 59 51 54 44 48 51 48 88 95 55 75 66 4 45 12 53 57 41 15 39 98 14 47 62 6 62 15 78 66 93 48 77 14 6 23 42 7 16 31 
9 48 90 62 2 47 73 43 92 70 80 16 47 15 30 72 65 92 88 64 30 13 65 27 10 90 63 8 71 43 53 52 60 53 71 71 36 32 88 22 75 0 47 93 33 19 30 72 4 1 51 70 41 36 52 16 50 9 68 66 35 35 86 39 3 46 59 18 34 93 9 45 6 10 42 51 74 78 63 8 33 80 67 42 78 77 49 92 14 76 2 33 28 10 37 8 55 12 90 37 81 59 77 64 24 33 66 80 76 74 63 18 87 66 6 77 60 45 93 30 57 57 68 54 18 13 53 83 94 20 61 58 34 62 89 74 80 33 61 71 19 35 74 39 72 23 16 55 28 24 27 12 61 31 62 98 74 45 81 24 
89 78 28 16 49 28 52 67 81 69 13 64 14 56 13 3 99 68 27 98 31 97 79 3 55 80 95 5 17 19 18 88 57 49 61 70 30 47 7 15 92 47 0 65 72 18 65 13 85 39 77 38 38 84 44 88 78 14 44 91 28 47 69 5 99 32 59 90 42 64 97 83 55 88 40 72 37 40 71 17 11 26 48 12 79 64 44 94 42 24 34 89 47 26 46 31 95 87 26 97 38 7 23 30 84 32 88 98 54 16 84 87 16 79 36 7 2 9 83 12 79 81 93 40 7 27 74 77 65 35 27 83 39 92 9 19 25 6 56 46 3 25 48 58 40 80 38 52 10 38 9 70 16 57 67 38 23 76 19 7 
14 41 44 75 89 34 72 21 21 24 1 65 22 56 64 60 88 82 32 31 38 47 88 39 2 89 76 93 43 45 28 86 27 92 76 83 8 82 3 42 69 93 65 0 78 72 35 41 53 25 50 7 33 67 13 59 87 33 49 46 56 33 27 16 60 57 31 67 28 94 21 49 39 23 65 62 85 88 68 70 67 8 16 26 95 63 28 94 19 91 85 74 80 37 1 13 24 98 10 47 87 76 75 6 70 43 4 34 77 21 58 2 67 80 78 62 78 79 86 51 86 17 2 22 58 23 17 68 38 61 79 81 91 1 38 77 81 82 8 61 93 24 13 51 16 64 9 3 43 18 16 51 26 64 52 55 28 45 59 80 
48 79 2 13 23 73 88 17 24 47 4 92 81 53 8 26 59 42 59 33 98 41 72 86 29 23 26 8 98 44 43 65 90 95 34 16 29 67 41 66 11 33 72 78 0 5 12 37 22 93 10 91 22 13 46 98 29 40 3 48 71 51 19 92 93 37 83 74 57 66 5 48 39 80 76 19 50 64 71 55 43 70 42 21 17 1 40 68 36 22 87 52 91 65 4 9 60 2 10 62 25 38 96 71 52 83 84 74 6 58 19 46 63 87 79 87 67 51 22 94 73 71 77 81 37 69 37 77 45 48 45 52 21 3 47 77 37 46 15 25 85 72 31 94 96 12 51 73 69 95 80 63 49 83 36 13 82 32 71 3 
73 46 83 19 35 69 78 59 64 40 52 21 82 79 71 58 25 84 24 73 40 18 87 31 7 35 36 19 58 94 49 77 78 60 18 96 7 37 6 79 21 19 18 72 5 0 71 86 26 25 53 37 2 90 52 96 63 42 68 67 43 55 53 72 31 29 24 10 9 46 94 46 70 21 92 8 18 64 40 62 57 50 43 44 96 86 90 59 98 22 27 23 91 52 59 98 71 28 4 32 11 54 44 25 23 88 16 76 68 24 55 59 67 16 92 27 25 6 27 45 94 81 82 68 58 66 1 12 34 19 61 6 6 72 15 81 26 55 19 85 45 59 71 96 49 11 91 47 73 33 29 76 4 53 34 82 56 91 20 64 
31 88 95 31 95 40 63 78 72 67 16 55 95 98 83 33 46 45 38 45 11 94 83 87 45 56 80 52 94 6 54 61 31 22 79 19 30 53 22 69 88 30 65 35 12 71 0 12 4 40 31 23 78 63 65 57 72 36 53 47 9 81 61 4 23 32 96 96 56 11 79 56 19 95 88 78 16 90 55 63 75 51 78 56 67 37 63 37 14 66 53 27 73 90 93 92 48 99 13 54 43 17 49 21 8 85 24 77 38 16 5 16 9 49 37 67 78 19 45 39 12 30 97 74 6 94 31 45 2 39 5 33 86 71 61 4 13 68 12 14 29 4 98 71 29 75 90 16 42 14 2 52 77 84 72 56 10 81 8 28 
72 17 97 60 22 33 49 43 7 78 68 24 50 54 64 31 15 98 43 41 68 79 1 54 68 8 63 73 6 3 93 9 53 87 97 22 98 35 4 39 73 72 13 41 37 86 12 0 45 6 47 79 96 70 51 65 88 61 33 88 28 45 45 44 25 19 76 80 1 55 47 95 2 20 71 71 35 63 10 5 63 49 47 49 91 81 11 71 26 20 9 65 3 73 65 94 20 74 67 32 66 65 69 46 92 94 23 98 55 62 48 25 24 27 34 84 95 41 19 15 39 64 7 72 53 15 44 80 84 41 22 61 97 23 49 86 72 96 38 85 67 57 51 66 89 21 1 76 15 94 27 72 91 75 27 6 99 76 68 16 
4 29 27 6 69 98 1 36 22 27 82 7 52 61 65 53 78 7 94 68 55 62 43 32 33 38 77 3 90 63 15 40 89 72 1 10 97 32 12 92 78 4 85 53 22 26 4 45 0 78 25 27 57 79 2 22 79 1 91 61 75 53 88 44 64 29 59 92 13 95 14 9 70 27 64 4 5 35 60 8 76 41 20 69 28 88 6 1 83 45 54 55 89 68 30 22 37 40 54 64 17 96 72 77 63 73 22 74 19 83 55 75 74 4 31 79 70 99 97 17 33 49 18 24 76 94 92 65 89 64 71 60 96 28 55 36 30 29 33 54 98 78 81 77 84 4 89 70 58 89 81 48 19 35 70 77 85 33 27 1 
71 46 85 17 68 8 43 76 65 25 60 25 15 1 45 92 87 88 90 25 78 36 35 31 30 99 77 83 88 37 85 85 32 93 83 3 95 14 80 54 1 1 39 25 93 25 40 6 78 0 75 20 45 29 4 53 93 58 9 62 11 20 28 99 7 36 54 9 22 87 31 96 69 13 52 23 21 94 33 91 96 2 38 25 83 1 7 68 82 5 13 15 59 5 85 94 50 22 41 82 18 67 54 47 33 9 33 75 32 60 50 12 12 55 9 10 73 90 96 73 48 74 77 12 70 58 95 45 4 22 65 32 44 37 87 60 16 40 69 2 15 83 78 69 32 57 38 30 48 70 6 35 28 64 63 12 59 9 54 37 
22 68 31 96 49 34 40 29 51 18 67 1 31 15 70 42 33 57 82 79 46 59 67 37 70 1 75 47 30 95 46 98 84 10 42 79 3 48 68 81 39 51 77 50 10 53 31 47 25 75 0 75 13 27 77 3 86 71 21 48 47 1 53 98 6 17 45 30 49 51 87 18 97 58 33 79 2 22 95 1 77 22 85 92 80 53 57 67 92 89 79 96 57 10 12 85 60 14 49 33 46 20 84 34 84 47 55 73 66 72 57 34 54 60 74 69 50 36 69 72 52 97 7 85 5 24 22 36 60 40 67 61 34 9 4 69 7 8 68 30 95 78 98 37 75 30 91 56 50 82 46 11 16 71 24 37 25 70 26 73 
50 67 65 97 19 63 4 86 91 88 16 49 11 61 76 79 92 50 97 68 74 32 58 16 13 76 71 19 96 60 29 19 44 11 68 79 89 19 7 95 89 70 38 7 91 37 23 79 27 20 75 0 99 77 79 45 97 12 11 84 94 53 31 31 63 22 23 43 57 96 93 38 44 86 96 73 95 2 17 27 2 98 53 60 54 80 56 76 96 85 29 55 14 8 16 84 35 52 44 91 76 79 52 58 30 69 61 50 81 3 4 79 88 73 26 40 10 44 57 65 10 2 82 16 87 84 80 64 93 6 82 65 28 19 16 12 71 92 52 6 69 21 53 60 37 3 69 27 22 45 43 43 49 54 5 17 50 21 20 34 
58 79 23 61 98 15 58 35 10 2 62 81 86 67 89 58 73 48 27 51 69 31 93 22 91 74 48 87 70 84 16 4 1 21 86 7 91 26 76 13 48 41 38 33 22 2 78 96 57 45 13 99 0 65 85 46 35 36 89 25 61 13 82 37 39 16 86 90 84 43 90 67 97 75 40 95 1 11 33 2 88 27 36 40 31 7 66 80 55 59 45 82 17 92 62 77 84 85 3 87 35 77 86 44 23 72 22 80 98 48 60 72 64 36 30 54 35 14 70 48 91 6 55 98 33 13 28 92 99 70 18 31 34 58 14 3 74 35 52 16 8 72 77 13 22 67 10 37 60 72 46 34 92 78 34 74 98 85 39 71 
4 47 99 44 12 78 44 45 93 46 65 29 5 96 35 46 39 73 47 49 24 49 7 93 16 64 79 30 87 20 34 47 52 84 63 97 61 64 47 90 6 36 84 67 13 90 63 70 79 29 27 77 65 0 86 37 95 13 43 69 26 89 95 41 82 87 58 57 82 54 3 13 6 29 22 47 90 94 23 98 51 98 15 82 69 82 22 4 90 73 51 52 20 53 20 60 24 59 77 36 73 71 31 81 90 52 63 50 44 13 97 51 33 35 55 84 91 46 46 9 53 79 90 22 64 32 6 72 8 39 9 60 94 72 94 98 83 2 67 43 99 47 60 59 58 16 83 44 11 61 59 51 67 65 34 68 53 59 48 91 
69 1 53 32 12 44 54 93 68 59 20 89 8 40 15 86 84 60 19 36 82 31 71 48 75 58 32 36 42 24 90 41 11 16 35 60 70 87 17 78 47 52 44 13 46 52 65 51 2 4 77 79 85 86 0 24 15 8 32 63 78 4 19 9 45 94 90 68 26 88 21 1 38 72 87 74 26 33 91 32 99 64 10 33 67 69 77 65 35 2 25 65 17 5 87 78 24 72 81 22 94 61 48 99 19 83 15 28 62 27 69 80 85 76 60 9 3 81 25 63 33 61 96 45 21 86 92 90 8 19 49 77 37 63 55 31 3 4 7 66 77 11 36 67 66 76 32 56 20 85 71 45 67 56 86 96 60 63 77 81 
25 30 4 45 53 62 44 83 86 22 45 2 55 72 60 26 21 94 25 53 65 97 3 74 93 65 34 12 82 31 71 32 73 47 25 37 1 6 64 61 75 16 88 59 98 96 57 65 22 53 3 45 46 37 24 0 96 13 81 19 19 9 60 47 72 98 75 65 78 79 47 2 36 83 66 7 49 64 12 87 82 59 95 28 31 18 59 44 72 47 36 7 19 45 41 82 48 41 75 73 58 59 85 4 30 58 45 26 61 9 49 26 29 46 75 54 24 19 97 81 19 95 24 92 37 16 15 66 78 31 54 61 68 85 96 85 86 64 69 69 22 27 44 38 5 34 41 45 95 32 57 57 99 85 15 28 19 77 13 25 
44 64 71 25 77 86 75 9 34 18 88 74 60 8 89 74 25 83 40 32 82 97 13 45 17 40 44 53 52 18 15 96 40 39 98 26 87 24 5 58 72 50 78 87 29 63 72 88 79 93 86 97 35 95 15 96 0 55 49 48 44 62 8 20 47 20 80 59 95 61 54 14 31 29 3 76 93 44 30 91 80 48 35 29 10 53 25 73 89 88 1 24 17 15 90 44 7 76 37 42 22 2 85 35 88 86 72 15 83 4 10 45 26 49 88 70 94 78 35 76 40 28 14 46 90 19 2 38 69 21 31 84 97 89 12 42 76 73 6 87 44 38 98 76 40 94 34 15 78 97 18 73 83 97 37 63 13 80 58 84 
77 76 13 63 69 37 99 31 72 57 62 22 85 17 34 75 72 81 76 2 82 21 91 5 24 15 10 77 47 99 91 43 77 20 73 6 15 20 20 52 94 9 14 33 40 42 36 61 1 58 71 12 36 13 8 13 55 0 24 86 32 20 96 52 69 16 39 55 68 44 33 73 34 93 37 13 55 89 36 92 95 11 97 88 68 31 67 39 31 45 65 90 17 99 76 68 32 1 24 84 78 90 10 28 40 91 18 76 63 38 61 44 42 39 17 84 85 89 19 66 10 15 56 31 8 83 4 22 74 23 13 16 91 47 37 30 72 42 41 75 73 60 58 2 21 98 18 33 2 87 82 35 47 41 22 65 89 19 18 51 
27 36 40 80 46 13 98 65 9 34 22 1 99 67 25 7 28 99 40 65 33 7 5 67 16 23 57 38 59 40 80 63 14 61 13 62 69 31 41 15 58 68 44 49 3 68 53 33 91 9 21 11 89 43 32 81 49 24 0 17 32 20 80 96 41 31 54 66 51 85 4 29 16 74 42 42 52 44 65 75 48 84 30 77 54 2 90 71 36 4 4 7 7 88 36 61 30 77 76 42 8 42 32 34 15 89 91 68 11 77 50 20 21 55 74 71 39 36 51 53 42 93 99 13 84 59 29 71 43 25 5 91 25 86 74 29 88 98 57 15 10 20 65 73 1 93 95 38 42 30 56 50 19 16 58 60 89 86 41 89 
53 54 84 22 65 54 76 78 52 44 1 77 42 62 4 3 38 93 7 32 94 75 1 44 12 27 87 79 40 56 66 24 70 7 51 9 74 5 38 68 18 66 91 46 48 67 47 88 61 62 48 84 25 69 63 19 48 86 17 0 73 97 83 33 61 42 60 62 83 38 23 48 88 14 24 74 28 3 54 9 6 81 11 71 41 66 36 73 66 52 40 68 28 52 37 69 8 27 39 9 82 11 64 16 80 59 22 6 2 15 81 35 36 86 39 58 8 57 81 18 45 86 77 72 85 88 53 34 39 80 30 5 60 32 78 9 92 29 94 88 82 6 68 94 52 94 48 88 41 18 37 48 52 26 76 87 66 12 91 17 
81 94 49 20 90 27 60 19 34 76 64 33 36 70 42 31 96 39 69 19 15 36 35 19 5 16 47 70 84 24 14 17 70 24 64 7 16 8 63 49 47 35 28 56 71 43 9 28 75 11 47 94 61 26 78 19 44 32 32 73 0 90 73 67 32 7 14 39 86 5 30 21 93 55 61 23 30 84 30 85 61 40 50 79 67 26 66 60 94 99 80 61 50 72 55 70 43 16 37 39 43 40 52 51 11 13 57 72 75 94 99 91 1 84 26 22 69 41 2 7 15 21 34 74 67 26 48 98 2 22 62 62 20 10 20 44 13 79 79 38 75 8 7 64 98 90 83 88 92 1 16 72 31 82 88 53 48 54 49 63 
42 34 62 78 41 83 67 39 62 99 95 41 57 51 31 78 83 11 40 67 31 37 77 60 72 82 38 25 16 17 27 89 50 32 65 21 87 52 59 55 38 35 47 33 51 55 81 45 53 20 1 53 13 89 4 9 62 20 20 97 90 0 12 11 54 51 71 53 64 50 18 45 29 96 89 50 43 38 23 88 86 20 5 40 24 27 11 20 43 64 90 34 86 64 57 89 26 85 54 35 60 45 22 94 90 59 60 8 71 71 50 13 4 82 3 42 43 19 36 64 60 33 94 58 28 77 89 8 6 88 43 65 78 74 46 4 70 77 97 99 27 54 78 8 31 65 71 72 23 48 65 92 97 98 75 36 10 38 10 48 
83 3 71 34 8 13 75 12 8 3 85 82 14 59 23 79 17 88 47 16 39 74 9 91 95 77 37 70 76 10 52 32 12 92 34 57 90 99 6 10 88 86 69 27 19 53 61 45 88 28 53 31 82 95 19 60 8 96 80 83 73 12 0 30 25 63 10 91 70 55 49 55 85 38 2 49 97 11 27 24 68 69 45 74 92 44 83 58 42 4 73 2 51 65 29 20 35 27 73 87 26 24 62 4 54 22 84 95 30 17 23 17 60 33 43 30 17 44 16 18 69 5 21 77 31 95 67 72 3 97 23 26 55 29 30 19 98 36 61 78 26 69 52 42 26 55 92 99 96 80 98 48 11 63 61 99 64 71 6 88 
16 85 14 5 8 26 92 57 60 97 2 84 12 80 54 92 55 66 22 44 97 39 24 30 25 93 11 30 94 92 24 98 13 1 60 14 45 67 80 23 88 39 5 16 92 72 4 44 44 99 98 31 37 41 9 47 20 52 96 33 67 11 30 0 49 73 79 56 42 98 89 30 38 1 95 1 76 16 51 6 65 4 84 77 50 79 64 20 74 91 58 48 68 66 11 1 95 8 57 12 51 16 32 62 56 13 82 62 48 72 36 37 96 98 65 24 93 1 66 97 90 75 78 89 88 49 5 57 4 74 73 72 14 76 63 43 81 32 47 71 30 18 48 38 13 62 61 33 58 33 86 23 10 44 70 98 39 5 38 74 
65 84 37 40 34 2 6 53 42 91 85 31 53 15 97 97 97 96 68 40 88 72 62 78 81 27 51 78 94 31 94 76 60 84 36 94 68 65 87 34 74 3 99 60 93 31 23 25 64 7 6 63 39 82 45 72 47 69 41 61 32 54 25 49 0 6 34 75 18 9 16 30 53 17 36 66 21 99 39 91 13 5 63 68 54 10 26 22 35 24 21 50 99 53 98 40 3 98 50 99 21 7 70 32 4 96 32 12 22 42 2 59 86 99 23 43 9 21 71 55 52 15 77 3 63 76 28 8 42 22 44 20 80 74 94 39 39 44 10 2 88 18 15 58 94 20 42 43 79 96 42 81 23 40 88 8 29 32 4 95 
69 49 24 68 59 42 27 84 28 84 61 88 67 78 92 43 53 89 74 21 1 57 28 10 38 50 78 25 53 49 11 84 14 72 20 4 16 28 75 99 4 46 32 57 37 29 32 19 29 36 17 22 16 87 94 98 20 16 31 42 7 51 63 73 6 0 77 15 68 56 69 94 52 35 42 28 18 27 65 51 54 84 22 9 10 13 17 74 26 64 12 48 20 75 26 43 44 98 81 55 83 39 20 7 5 94 58 4 91 91 10 6 93 57 99 71 92 30 53 45 87 5 37 11 87 84 23 55 50 85 4 54 27 33 1 16 79 54 29 25 83 16 59 26 67 1 61 86 68 18 50 80 74 19 41 92 78 95 62 81 
26 55 23 35 8 56 68 77 52 27 77 54 22 13 92 19 74 60 25 2 38 72 16 24 64 89 20 43 57 50 73 7 90 10 7 79 51 96 45 57 51 59 59 31 83 24 96 76 59 54 45 23 86 58 90 75 80 39 54 60 14 71 10 79 34 77 0 84 4 2 45 38 63 63 22 25 97 60 8 58 97 79 28 32 97 46 38 59 43 29 96 21 23 40 2 1 13 28 6 55 66 26 8 6 59 99 20 68 62 30 98 90 62 50 96 52 73 12 74 43 99 79 98 83 60 67 34 7 39 11 17 33 14 86 39 16 91 2 48 96 63 69 36 2 85 76 38 57 62 27 14 79 27 31 46 72 96 81 15 88 
99 33 67 35 35 56 32 69 41 27 23 34 82 12 83 84 6 74 72 1 67 68 12 91 61 33 46 11 26 38 52 19 32 68 24 6 35 56 11 81 64 18 90 67 74 10 96 80 92 9 30 43 90 57 68 65 59 55 66 62 39 53 91 56 75 15 84 0 39 57 90 16 76 32 55 59 41 35 70 31 3 14 89 17 33 17 91 60 64 30 94 74 35 29 56 72 46 50 42 41 45 96 5 58 12 55 24 46 61 7 38 72 44 8 20 44 30 62 67 65 21 36 75 2 97 78 26 49 91 88 95 41 81 44 49 29 59 14 25 36 30 43 8 66 79 43 24 25 27 15 74 47 15 36 22 67 79 25 85 24 
88 29 93 43 5 65 12 26 72 53 15 83 95 80 98 90 67 96 33 46 43 50 86 9 82 26 35 66 80 52 30 46 20 66 97 82 53 1 7 15 64 34 42 28 57 9 56 1 13 22 49 57 84 82 26 78 95 68 51 83 86 64 70 42 18 68 4 39 0 10 95 47 97 90 1 24 64 24 8 29 65 49 15 77 71 30 50 73 35 20 97 25 94 20 91 1 79 85 58 67 29 83 6 64 71 5 30 69 38 99 45 54 50 14 27 74 71 96 44 5 12 49 11 51 94 96 2 53 59 68 97 57 58 72 93 71 1 40 3 19 73 41 31 52 58 63 44 14 35 36 17 63 96 86 97 66 66 67 85 70 
8 56 96 79 6 16 4 70 46 56 25 23 35 96 37 89 81 92 13 83 62 62 54 92 50 99 36 86 37 22 20 65 26 3 61 91 15 44 33 32 61 93 64 94 66 46 11 55 95 87 51 96 43 54 88 79 61 44 85 38 5 50 55 98 9 56 2 57 10 0 79 65 43 29 1 95 56 25 27 4 19 12 86 96 11 66 91 13 8 60 52 77 23 34 19 37 47 23 33 54 44 95 31 31 16 97 33 85 41 32 35 66 35 75 16 92 9 18 76 61 72 25 90 34 65 80 48 90 34 68 53 94 54 79 68 98 58 81 54 28 99 47 54 56 70 20 73 91 90 10 16 93 36 67 9 89 96 80 70 85 
27 83 54 83 62 93 55 32 95 8 47 4 62 35 7 57 95 35 87 30 19 83 91 15 79 53 8 54 5 1 3 54 65 66 19 40 71 44 41 20 53 9 97 21 5 94 79 47 14 31 87 93 90 3 21 47 54 33 4 23 30 18 49 89 16 69 45 90 95 79 0 55 37 85 81 9 8 25 79 9 10 94 81 91 13 67 30 67 25 38 62 86 47 91 49 31 68 20 44 2 88 81 82 32 16 89 71 4 69 49 54 35 75 24 10 10 83 9 72 42 88 47 75 70 98 98 56 60 2 9 64 80 79 48 93 62 13 36 35 17 99 12 16 82 89 75 46 76 78 95 6 49 69 69 54 49 11 47 1 87 
26 32 10 39 51 41 2 60 10 63 33 35 92 7 39 43 51 51 66 27 1 99 48 88 12 61 72 21 83 32 37 86 87 48 97 99 31 91 9 43 49 45 83 49 48 46 56 95 9 96 18 38 67 13 1 2 14 73 29 48 21 45 55 30 30 94 38 16 47 65 55 0 62 62 46 55 94 16 64 17 66 40 98 37 85 21 67 46 46 66 78 8 39 20 53 60 33 29 25 39 89 73 91 94 68 79 86 2 43 54 3 12 75 61 92 90 42 11 57 14 78 19 26 3 97 1 98 87 29 91 3 2 85 94 57 7 66 6 10 18 88 18 13 76 6 10 44 1 86 89 18 64 27 29 88 2 78 34 81 16 
23 29 42 49 77 61 14 63 89 32 81 50 86 70 99 5 3 52 8 8 46 84 61 48 1 78 2 14 95 94 23 44 67 87 63 8 29 63 67 32 52 6 55 39 39 70 19 2 70 69 97 44 97 6 38 36 31 34 16 88 93 29 85 38 53 52 63 76 97 43 37 62 0 48 78 74 38 25 26 5 16 95 55 26 33 48 8 59 47 76 62 49 68 81 5 58 55 19 98 49 27 27 25 64 33 43 31 3 80 26 11 29 15 33 7 72 96 44 36 46 93 29 28 16 10 95 32 54 71 22 67 61 38 98 58 72 92 58 96 91 21 95 6 2 27 8 62 4 30 22 89 60 92 99 59 13 17 3 1 72 
10 95 58 82 46 71 60 30 47 80 71 89 61 86 32 12 90 83 3 53 83 86 89 73 48 6 4 27 12 19 57 51 19 26 10 33 93 65 96 74 7 10 88 23 80 21 95 20 27 13 58 86 75 29 72 83 29 93 74 14 55 96 38 1 17 35 63 32 90 29 85 62 48 0 32 43 59 29 93 41 32 75 35 41 26 57 74 77 2 13 54 85 61 45 40 56 90 68 65 42 96 47 19 46 87 94 11 34 57 32 4 21 35 67 96 25 75 40 73 88 7 34 52 84 23 17 16 82 70 70 66 78 64 56 97 70 52 55 10 17 53 26 22 58 26 50 52 47 95 90 33 38 39 4 3 38 6 7 63 87 
68 75 89 6 97 50 57 67 59 93 55 71 93 45 63 25 33 83 97 4 95 88 30 38 24 47 47 7 43 40 99 43 87 20 24 11 73 5 73 28 64 42 40 65 76 92 88 71 64 52 33 96 40 22 87 66 3 37 42 24 61 89 2 95 36 42 22 55 1 1 81 46 78 32 0 90 44 25 95 67 36 88 87 64 17 95 28 44 11 83 45 37 8 77 43 44 16 75 32 49 87 11 22 92 24 45 25 27 86 27 43 97 18 76 18 43 53 54 74 88 97 41 7 1 4 80 94 33 35 28 13 84 94 91 6 58 51 35 86 45 96 28 71 90 18 49 66 20 64 27 33 2 85 16 79 83 56 53 57 23 
24 9 94 92 22 51 82 33 22 77 25 38 99 71 48 23 8 52 21 22 72 48 84 42 82 65 62 32 23 45 95 14 92 5 41 69 35 7 58 62 94 51 72 62 19 8 78 71 4 23 79 73 95 47 74 7 76 13 42 74 23 50 49 1 66 28 25 59 24 95 9 55 74 43 90 0 58 76 64 32 44 96 35 76 97 57 2 50 86 41 65 51 57 33 63 85 24 71 89 42 39 27 2 1 37 37 42 89 17 69 54 22 93 24 92 50 52 70 54 1 61 13 20 28 13 88 17 70 97 90 33 95 91 79 7 43 13 33 90 72 75 91 99 79 36 2 30 92 32 42 42 4 66 63 70 7 69 7 46 50 
28 33 77 9 93 33 9 72 55 47 78 34 92 73 63 7 90 92 4 84 71 1 51 90 91 11 7 84 85 50 59 8 99 53 77 45 60 25 25 15 2 74 37 85 50 18 16 35 5 21 2 95 1 90 26 49 93 55 52 28 30 43 97 76 21 18 97 41 64 56 8 94 38 59 44 58 0 41 52 89 14 24 42 36 19 70 15 61 88 67 23 73 28 11 56 21 71 26 95 25 88 13 70 19 45 12 47 15 51 76 65 88 30 64 67 8 1 18 46 61 11 39 53 10 13 42 24 71 58 76 24 55 91 2 51 75 9 65 70 76 97 87 14 29 62 78 98 30 64 57 86 63 97 8 28 63 74 18 86 86 
38 9 83 41 72 91 39 61 1 88 90 13 75 13 35 5 86 25 86 80 97 66 70 31 13 98 4 50 29 45 22 1 99 71 98 99 15 24 95 54 25 78 40 88 64 64 90 63 35 94 22 2 11 94 33 64 44 89 44 3 84 38 11 16 99 27 60 35 24 25 25 16 25 29 25 76 41 0 93 61 31 20 8 3 44 59 17 49 29 63 99 7 75 60 53 9 5 44 75 51 96 22 11 65 67 69 52 91 96 6 37 37 44 66 68 26 28 3 47 27 78 45 79 84 78 47 30 49 64 13 60 46 49 67 13 45 69 64 8 4 30 87 63 63 36 8 43 56 76 97 66 88 49 2 58 81 53 46 96 22 
58 85 12 70 93 21 5 94 20 71 36 38 9 47 72 80 37 56 95 63 54 22 39 40 57 2 9 66 57 24 35 6 37 5 7 82 81 28 34 41 23 63 71 68 71 40 55 10 60 33 95 17 33 23 91 12 30 36 65 54 30 23 27 51 39 65 8 70 8 27 79 64 26 93 95 64 52 93 0 90 74 8 1 15 34 59 79 68 48 54 23 95 58 18 17 7 34 95 16 49 53 95 18 53 31 3 38 51 57 91 67 66 87 6 15 12 43 79 15 85 1 4 60 72 93 49 10 8 24 23 99 7 33 88 69 83 97 12 26 89 94 96 16 94 72 80 68 70 6 42 61 86 18 39 93 2 16 50 24 41 
84 78 37 6 26 53 71 73 20 70 58 80 76 83 43 29 67 69 36 70 1 22 84 6 82 57 37 55 33 37 40 14 49 23 80 80 13 31 48 91 89 8 17 70 55 62 63 5 8 91 1 27 2 98 32 87 91 92 75 9 85 88 24 6 91 51 58 31 29 4 9 17 5 41 67 32 89 61 90 0 36 75 41 36 50 29 87 31 40 16 89 40 34 81 23 65 87 77 7 11 80 29 47 24 44 62 44 65 1 75 97 1 1 32 75 41 12 72 60 76 6 20 31 95 45 26 70 32 75 30 91 5 59 79 85 85 28 65 1 3 6 19 62 73 65 43 74 89 51 67 48 95 6 41 92 34 80 6 78 67 
39 51 17 8 98 39 77 28 86 56 32 66 82 8 21 54 74 66 18 68 43 40 75 34 29 73 85 1 59 82 55 9 15 63 35 98 87 69 95 44 49 33 11 67 43 57 75 63 76 96 77 2 88 51 99 82 80 95 48 6 61 86 68 65 13 54 97 3 65 19 10 66 16 32 36 44 14 31 74 36 0 31 16 45 33 76 45 5 16 11 14 72 54 14 57 23 59 48 64 51 25 48 19 83 15 15 83 20 35 77 67 39 72 54 12 64 41 15 25 80 68 73 31 31 98 86 14 70 82 78 5 26 60 27 24 62 39 89 83 85 14 89 91 73 48 52 98 64 29 28 60 95 79 60 51 11 92 85 23 38 
9 80 31 79 2 66 74 98 28 93 40 7 28 30 91 31 12 38 18 9 41 77 96 75 36 92 49 51 87 90 29 39 41 60 81 20 64 26 53 12 35 80 26 8 70 50 51 49 41 2 22 98 27 98 64 59 48 11 84 81 40 20 69 4 5 84 79 14 49 12 94 40 95 75 88 96 24 20 8 75 31 0 30 13 21 67 53 16 3 42 58 2 98 63 46 44 4 48 88 5 40 69 6 72 60 8 34 58 90 58 72 29 48 5 62 52 2 91 75 25 41 97 37 52 88 84 68 3 68 65 28 21 28 15 18 77 92 11 90 59 75 8 40 3 68 57 44 98 33 61 25 2 26 64 15 11 59 48 39 14 
33 42 85 38 14 81 6 94 98 99 15 80 26 61 51 22 36 58 56 73 40 61 48 20 81 57 82 82 69 70 12 67 46 41 7 50 86 94 92 74 23 67 48 16 42 43 78 47 20 38 85 53 36 15 10 95 35 97 30 11 50 5 45 84 63 22 28 89 15 86 81 98 55 35 87 35 42 8 1 41 16 30 0 76 43 43 55 41 97 57 99 70 1 17 51 49 12 79 15 32 33 83 99 73 45 27 30 96 33 59 11 28 84 46 3 54 45 78 98 32 80 17 32 51 90 8 60 51 15 90 58 44 43 95 78 29 55 69 39 61 27 98 20 94 60 20 36 90 92 21 69 41 76 79 15 48 74 15 1 65 
35 65 58 79 39 58 80 69 22 88 94 93 87 83 23 28 43 98 44 44 25 3 6 94 9 22 15 38 67 75 60 60 79 70 33 67 79 51 12 73 40 42 12 26 21 44 56 49 69 25 92 60 40 82 33 28 29 88 77 71 79 40 74 77 68 9 32 17 77 96 91 37 26 41 64 76 36 3 15 36 45 13 76 0 24 89 69 46 52 43 90 35 86 85 59 67 59 89 88 47 64 69 45 33 60 23 8 26 81 78 66 89 32 53 3 26 5 67 87 23 31 58 76 38 59 34 57 83 33 74 76 89 40 66 89 74 42 59 76 92 27 93 29 73 8 76 55 16 62 87 24 20 75 25 88 68 53 12 17 70 
11 84 36 34 86 53 85 39 95 86 49 4 37 74 3 6 40 88 53 96 41 41 60 38 17 87 16 77 23 86 3 98 64 71 13 62 3 68 37 32 19 78 79 95 17 96 67 91 28 83 80 54 31 69 67 31 10 68 54 41 67 24 92 50 54 10 97 33 71 11 13 85 33 26 17 97 19 44 34 50 33 21 43 24 0 24 40 38 35 30 73 58 96 4 16 3 4 23 86 14 84 11 57 93 41 40 45 67 75 77 29 67 14 11 65 63 75 3 24 56 50 10 81 12 5 33 88 6 55 94 49 3 52 29 86 30 61 47 18 49 93 43 12 35 91 20 18 92 3 88 94 98 68 12 70 60 17 71 4 39 
24 25 42 28 28 90 60 61 19 75 14 33 15 47 64 36 53 45 96 90 93 78 12 90 7 38 49 71 3 69 4 67 1 24 71 51 10 3 7 52 64 77 64 63 1 86 37 81 88 1 53 80 7 82 69 18 53 31 2 66 26 27 44 79 10 13 46 17 30 66 67 21 48 57 95 57 70 59 59 29 76 67 43 89 24 0 40 64 74 11 80 15 32 97 98 30 21 56 72 99 31 85 97 35 95 6 11 54 94 67 58 87 21 47 33 35 94 56 41 70 14 75 27 56 69 86 72 21 6 88 61 82 91 58 73 95 29 93 22 2 63 54 12 21 36 29 81 15 48 15 90 58 78 24 79 68 79 29 65 85 
16 21 82 52 39 20 32 98 68 16 20 86 4 87 1 73 94 58 26 77 73 44 36 16 22 73 44 21 74 62 87 6 55 77 96 26 76 99 61 59 75 49 44 28 40 90 63 11 6 7 57 56 66 22 77 59 25 67 90 36 66 11 83 64 26 17 38 91 50 91 30 67 8 74 28 2 15 17 79 87 45 53 55 69 40 40 0 44 50 77 55 24 4 79 74 85 55 79 30 49 41 81 87 38 2 9 48 90 77 85 11 31 95 15 14 83 25 33 17 79 53 25 86 9 69 50 12 11 18 12 34 90 40 78 62 67 51 77 84 72 6 33 61 42 79 84 7 38 41 15 38 29 40 80 77 55 77 16 75 43 
88 45 3 78 85 95 91 10 36 15 16 45 93 85 93 83 85 42 90 73 32 84 52 13 35 75 44 55 2 44 11 26 21 32 52 41 31 86 30 16 89 92 94 94 68 59 37 71 1 68 67 76 80 4 65 44 73 39 71 73 60 20 58 20 22 74 59 60 73 13 67 46 59 77 44 50 61 49 68 31 5 16 41 46 38 64 44 0 56 64 61 7 62 46 81 91 15 72 88 10 85 72 64 65 51 14 37 43 58 9 68 92 36 62 63 30 60 3 25 75 38 87 31 44 83 71 21 84 90 61 71 53 5 94 95 5 84 15 63 8 8 49 21 83 3 82 76 52 93 98 54 32 59 47 52 5 4 25 3 31 
26 16 86 31 34 65 8 68 96 57 98 30 85 98 6 49 21 33 30 59 5 60 85 98 48 93 58 16 34 47 28 89 85 59 46 25 33 57 50 49 18 14 42 19 36 98 14 26 83 82 92 96 55 90 35 72 89 31 36 66 94 43 42 74 35 26 43 64 35 8 25 46 47 2 11 86 88 29 48 40 16 3 97 52 35 74 50 56 0 55 29 28 42 40 39 23 84 32 17 5 44 32 95 81 26 36 44 65 65 98 32 24 61 22 74 25 12 98 25 8 43 90 66 59 79 59 13 18 35 80 9 34 56 21 13 65 36 13 17 49 35 84 72 46 21 55 20 88 27 90 98 80 87 7 69 22 45 50 97 12 
72 31 94 44 2 43 67 79 30 88 42 47 73 48 73 52 74 28 52 69 30 67 74 65 46 15 86 46 81 54 2 7 24 28 18 56 20 19 56 4 8 76 24 91 22 22 66 20 45 5 89 85 59 73 2 47 88 45 4 52 99 64 4 91 24 64 29 30 20 60 38 66 76 13 83 41 67 63 54 16 11 42 57 43 30 11 77 64 55 0 43 62 18 18 44 5 20 6 51 33 42 84 13 12 28 60 89 63 74 84 16 49 89 61 67 99 28 8 86 28 9 42 28 41 83 93 21 91 27 93 83 56 21 21 19 44 43 91 11 19 51 86 2 39 9 17 42 46 79 68 57 68 5 71 57 86 18 80 80 75 
93 92 37 47 32 48 33 64 23 2 36 68 44 89 53 95 8 56 68 59 36 79 13 1 43 15 68 30 8 75 62 16 56 73 88 3 68 13 7 26 28 2 34 85 87 27 53 9 54 13 79 29 45 51 25 36 1 65 4 40 80 90 73 58 21 12 96 94 97 52 62 78 62 54 45 65 23 99 23 89 14 58 99 90 73 80 55 61 29 43 0 2 28 87 63 22 99 16 61 30 76 88 54 79 66 65 40 67 37 15 96 43 3 61 36 51 86 51 82 92 7 72 13 9 17 19 56 49 31 6 66 36 50 92 34 43 86 36 16 52 37 9 38 31 86 42 77 64 95 42 56 83 12 23 49 28 73 4 36 49 
75 15 47 10 39 22 47 21 57 85 26 67 9 74 10 25 53 64 48 82 36 86 36 70 26 50 47 71 64 13 71 75 60 31 87 87 77 25 41 65 87 33 89 74 52 23 27 65 55 15 96 55 82 52 65 7 24 90 7 68 61 34 2 48 50 48 21 74 25 77 86 8 49 85 37 51 73 7 95 40 72 2 70 35 58 15 24 7 28 62 2 0 80 45 45 8 28 54 35 38 45 30 9 97 70 9 65 90 28 63 80 81 69 68 92 82 67 74 10 82 11 57 98 85 75 41 1 45 28 24 69 12 33 48 21 62 69 22 75 91 98 73 72 17 40 38 60 75 75 4 87 94 62 42 71 31 84 82 80 65 
63 20 81 68 29 98 76 36 11 76 52 29 56 77 95 77 70 81 21 64 49 51 17 51 36 89 51 15 70 36 13 60 41 19 85 6 31 38 64 29 79 28 47 80 91 91 73 3 89 59 57 14 17 20 17 19 17 17 7 28 50 86 51 68 99 20 23 35 94 23 47 39 68 61 8 57 28 75 58 34 54 98 1 86 96 32 4 62 42 18 28 80 0 20 62 94 65 58 63 66 71 36 65 33 33 42 91 60 92 81 48 77 40 84 65 86 69 70 26 68 16 9 93 99 66 40 32 84 26 84 23 99 76 33 62 50 94 97 95 7 24 21 88 90 4 62 49 59 32 59 25 39 73 17 8 67 20 44 97 90 
47 27 28 4 76 2 83 56 43 77 35 58 18 88 98 41 58 92 72 93 31 23 10 48 76 46 3 14 6 18 31 20 38 57 7 10 71 70 8 69 3 10 26 37 65 52 90 73 68 5 10 8 92 53 5 45 15 99 88 52 72 64 65 66 53 75 40 29 20 34 91 20 81 45 77 33 11 60 18 81 14 63 17 85 4 97 79 46 40 18 87 45 20 0 74 4 11 33 2 98 76 96 96 79 36 54 43 79 39 88 24 13 5 95 1 90 43 56 95 42 76 92 18 1 46 97 54 15 17 97 83 59 93 95 47 23 8 37 55 96 25 92 75 40 17 57 54 29 39 94 95 70 3 42 33 62 59 88 96 17 
33 87 73 68 32 90 45 29 73 91 23 85 61 46 12 86 63 77 80 53 48 38 85 19 27 87 1 77 43 12 68 51 3 45 58 95 9 65 76 60 51 37 46 1 4 59 93 65 30 85 12 16 62 20 87 41 90 76 36 37 55 57 29 11 98 26 2 56 91 19 49 53 5 40 43 63 56 53 17 23 57 46 51 59 16 98 74 81 39 44 63 45 62 74 0 79 55 17 42 91 24 45 69 92 30 15 16 21 95 22 39 63 83 58 84 24 74 69 86 75 30 68 56 27 9 51 61 75 5 20 54 95 27 48 63 60 69 47 29 1 24 96 18 93 73 43 15 52 35 47 6 61 54 62 24 23 98 58 9 32 
89 8 29 55 52 39 65 46 32 19 34 44 33 37 99 29 90 57 9 38 1 14 59 69 54 31 82 82 16 5 80 23 35 37 58 81 18 59 27 60 17 8 31 13 9 98 92 94 22 94 85 84 77 60 78 82 44 68 61 69 70 89 20 1 40 43 1 72 1 37 31 60 58 56 44 85 21 9 7 65 23 44 49 67 3 30 85 91 23 5 22 8 94 4 79 0 32 57 38 36 41 30 77 12 28 19 64 3 19 23 13 6 89 20 13 25 53 54 4 34 75 35 24 61 1 29 71 68 70 10 14 62 23 6 72 18 38 7 29 58 78 55 13 40 93 49 79 81 60 29 83 18 64 8 48 85 90 19 53 30 
24 54 3 98 67 13 38 93 13 63 62 95 99 88 41 41 84 27 24 48 80 16 49 68 88 84 59 48 36 88 62 3 70 60 84 26 75 1 56 84 44 55 95 24 60 71 48 20 37 50 60 35 84 24 24 48 7 32 30 8 43 26 35 95 3 44 13 46 79 47 68 33 55 90 16 24 71 5 34 87 59 4 12 59 4 21 55 15 84 20 99 28 65 11 55 32 0 13 28 60 1 8 82 3 73 58 76 47 9 82 37 88 72 58 53 38 72 73 68 99 59 36 59 47 83 1 2 76 88 42 99 22 20 37 55 49 72 64 18 22 25 8 75 66 16 41 6 16 10 93 8 7 51 90 17 65 43 93 15 99 
56 48 14 64 68 19 48 57 83 46 79 94 84 40 92 48 17 63 61 52 8 85 22 67 75 78 19 44 47 27 58 76 44 89 73 54 67 65 32 78 80 12 87 98 2 28 99 74 40 22 14 52 85 59 72 41 76 1 77 27 16 85 27 8 98 98 28 50 85 23 20 29 19 68 75 71 26 44 95 77 48 48 79 89 23 56 79 72 32 6 16 54 58 33 17 57 13 0 43 44 41 88 87 51 27 92 11 34 67 40 37 47 54 63 40 94 38 2 97 37 97 89 49 20 75 33 84 1 20 55 92 73 29 50 36 78 3 63 73 70 8 2 14 90 33 49 77 25 5 82 12 4 82 44 31 78 85 34 44 14 
66 61 42 81 33 78 74 52 8 66 8 21 28 38 77 24 29 54 57 24 53 47 48 75 67 72 46 76 82 66 8 76 91 57 7 72 49 14 83 5 12 90 26 10 10 4 13 67 54 41 49 44 3 77 81 75 37 24 76 39 37 54 73 57 50 81 6 42 58 33 44 25 98 65 32 89 95 75 16 7 64 88 15 88 86 72 30 88 17 51 61 35 63 2 42 38 28 43 0 40 11 49 85 62 24 12 24 77 81 13 87 73 7 88 50 93 98 17 74 65 26 60 47 73 43 19 72 78 52 26 47 5 43 21 36 79 1 69 20 21 1 9 89 72 79 37 51 60 9 62 8 88 27 77 21 3 4 30 17 17 
78 35 37 29 75 78 91 5 88 53 33 53 96 7 88 29 46 93 10 71 10 39 72 70 78 59 66 63 24 17 43 51 41 84 88 66 66 22 96 70 78 37 97 47 62 32 54 32 64 82 33 91 87 36 22 73 42 84 42 9 39 35 87 12 99 55 55 41 67 54 2 39 49 42 49 42 25 51 49 11 51 5 32 47 14 99 49 10 5 33 30 38 66 98 91 36 60 44 40 0 6 49 71 44 7 54 54 59 2 64 29 65 87 16 59 58 24 2 49 74 14 72 73 15 38 71 92 72 33 9 4 6 48 66 31 44 76 73 93 27 25 31 78 51 43 94 2 24 11 12 7 77 4 20 70 62 46 32 11 84 
4 33 41 38 33 89 85 80 9 29 4 32 53 44 62 85 83 23 47 1 25 90 57 56 61 63 28 26 21 76 4 42 84 57 19 56 17 38 55 67 14 81 38 87 25 11 43 66 17 18 46 76 35 73 94 58 22 78 8 82 43 60 26 51 21 83 66 45 29 44 88 89 27 96 87 39 88 96 53 80 25 40 33 64 84 31 41 85 44 42 76 45 71 76 24 41 1 41 11 6 0 1 34 53 15 65 87 98 69 53 27 22 49 80 55 68 77 44 33 46 61 33 25 45 96 87 49 20 90 84 25 90 49 99 10 30 10 42 89 76 47 67 77 74 77 99 41 41 9 45 1 14 51 90 98 47 19 14 34 83 
1 20 19 65 98 91 16 76 62 88 68 26 51 59 3 90 82 39 61 24 52 55 52 66 53 43 97 26 5 26 54 9 61 2 31 64 33 99 78 74 95 59 7 76 38 54 17 65 96 67 20 79 77 71 61 59 2 90 42 11 40 45 24 16 7 39 26 96 83 95 81 73 27 47 11 27 13 22 95 29 48 69 83 69 11 85 81 72 32 84 88 30 36 96 45 30 8 88 49 49 1 0 37 75 94 93 37 79 70 36 64 96 31 94 1 8 69 37 40 17 39 33 88 58 61 30 51 54 74 82 6 85 29 70 85 62 34 93 41 83 74 45 58 97 10 2 83 85 84 24 52 65 39 37 21 10 83 44 69 20 
78 68 98 38 6 84 66 32 24 39 96 64 81 2 23 38 69 21 66 23 86 28 68 82 50 19 84 73 24 64 90 48 46 49 7 8 18 15 77 44 39 77 23 75 96 44 49 69 72 54 84 52 86 31 48 85 85 10 32 64 52 22 62 32 70 20 8 5 6 31 82 91 25 19 22 2 70 11 18 47 19 6 99 45 57 97 87 64 95 13 54 9 65 96 69 77 82 87 85 71 34 37 0 58 86 30 35 31 14 33 56 91 41 66 68 73 85 33 11 88 67 65 55 82 6 4 81 72 38 95 23 55 54 34 87 41 60 41 35 60 51 3 12 26 41 39 43 56 60 17 33 28 42 84 40 37 83 70 60 77 
7 25 39 94 1 40 53 77 35 21 58 53 92 84 83 6 68 59 63 88 92 30 4 51 37 59 59 43 26 25 13 84 19 9 88 69 78 18 7 88 1 64 30 6 71 25 21 46 77 47 34 58 44 81 99 4 35 28 34 16 51 94 4 62 32 7 6 58 64 31 32 94 64 46 92 1 19 65 53 24 83 72 73 33 93 35 38 65 81 12 79 97 33 79 92 12 3 51 62 44 53 75 58 0 34 96 17 86 69 9 35 13 39 37 34 93 80 53 31 6 73 67 66 28 72 26 57 26 37 19 27 57 57 82 28 73 82 28 79 2 34 82 17 30 9 91 47 16 2 96 1 19 71 88 28 67 24 23 54 33 
53 84 64 19 38 99 70 53 95 98 97 60 80 30 94 24 62 44 22 60 76 49 93 49 61 76 21 62 47 17 75 28 69 55 14 87 59 91 96 84 72 24 84 70 52 23 8 92 63 33 84 30 23 90 19 30 88 40 15 80 11 90 54 56 4 5 59 12 71 16 16 68 33 87 24 37 45 67 31 44 15 60 45 60 41 95 2 51 26 28 66 70 33 36 30 28 73 27 24 7 15 94 86 34 0 22 43 59 36 30 86 92 5 8 68 30 53 26 1 93 37 78 37 88 85 19 41 84 29 29 52 81 8 3 93 85 44 27 75 50 30 55 33 68 42 38 25 57 38 93 69 3 73 44 54 95 82 30 29 69 
86 95 47 79 73 16 67 39 4 52 47 18 27 49 99 69 84 20 14 9 15 16 51 5 96 13 97 45 32 80 76 10 27 24 54 40 12 90 91 74 27 33 32 43 83 88 85 94 73 9 47 69 72 52 83 58 86 91 89 59 13 59 22 13 96 94 99 55 5 97 89 79 43 94 45 37 12 69 3 62 15 8 27 23 40 6 9 14 36 60 65 9 42 54 15 19 58 92 12 54 65 93 30 96 22 0 75 60 50 68 21 25 23 1 7 3 19 26 16 32 63 19 62 55 89 29 63 4 83 80 31 2 62 37 29 73 24 57 12 39 65 77 39 88 3 85 41 29 82 22 38 95 64 40 89 31 71 18 34 38 
71 39 90 71 44 38 90 84 56 60 90 23 38 56 48 21 70 46 23 3 82 74 54 51 48 29 44 45 26 85 60 71 61 94 62 58 67 23 79 79 93 66 88 4 84 16 24 23 22 33 55 61 22 63 15 45 72 18 91 22 57 60 84 82 32 58 20 24 30 33 71 86 31 11 25 42 47 52 38 44 83 34 30 8 45 11 48 37 44 89 40 65 91 43 16 64 76 11 24 54 87 37 35 17 43 75 0 23 87 11 11 21 67 45 4 37 22 43 68 64 43 68 17 94 31 45 76 80 43 79 3 77 39 83 20 36 13 96 9 10 99 7 57 63 9 19 95 4 69 8 58 11 25 42 57 5 38 19 18 66 
3 48 3 93 25 97 29 81 69 95 22 55 25 46 30 14 39 76 28 19 62 30 88 57 70 46 85 54 19 57 35 19 46 54 41 74 34 21 58 63 77 80 98 34 74 76 77 98 74 75 73 50 80 50 28 26 15 76 68 6 72 8 95 62 12 4 68 46 69 85 4 2 3 34 27 89 15 91 51 65 20 58 96 26 67 54 90 43 65 63 67 90 60 79 21 3 47 34 77 59 98 79 31 86 59 60 23 0 25 80 4 38 64 74 96 41 14 39 35 80 45 49 7 29 11 27 45 87 58 69 7 94 69 91 82 90 49 98 46 66 54 90 93 84 19 26 7 80 7 4 58 32 26 82 60 10 13 49 5 47 
77 6 99 53 17 37 20 75 16 65 93 14 57 9 96 57 75 38 26 4 41 52 80 79 35 50 12 33 12 20 70 79 59 71 39 78 8 51 14 5 95 76 54 77 6 68 38 55 19 32 66 81 98 44 62 61 83 63 11 2 75 71 30 48 22 91 62 61 38 41 69 43 80 57 86 17 51 96 57 1 35 90 33 81 75 94 77 58 65 74 37 28 92 39 95 19 9 67 81 2 69 70 14 69 36 50 87 25 0 34 38 11 64 97 23 22 25 82 7 56 71 13 59 10 66 3 44 5 6 51 54 89 42 15 51 79 93 94 73 33 53 85 6 90 27 96 12 43 16 75 27 81 52 30 80 73 99 31 29 59 
92 80 29 11 97 99 18 71 25 15 85 31 41 35 99 30 64 85 18 15 13 50 93 39 62 95 99 29 54 34 51 70 24 24 17 39 7 73 84 73 89 74 16 21 58 24 16 62 83 60 72 3 48 13 27 9 4 38 77 15 94 71 17 72 42 91 30 7 99 32 49 54 26 32 27 69 76 6 91 75 77 58 59 78 77 67 85 9 98 84 15 63 81 88 22 23 82 40 13 64 53 36 33 9 30 68 11 80 34 0 33 4 33 39 28 68 30 58 55 67 56 86 52 26 10 54 86 14 78 71 14 68 79 59 74 16 63 19 85 21 66 8 54 9 33 89 51 41 37 43 4 37 59 49 98 34 69 78 28 40 
22 64 79 33 97 2 6 27 95 98 59 24 53 30 81 29 73 35 33 80 28 89 40 11 33 23 91 6 46 66 98 62 2 43 48 32 5 49 24 41 55 63 84 58 19 55 5 48 55 50 57 4 60 97 69 49 10 61 50 81 99 50 23 36 2 10 98 38 45 35 54 3 11 4 43 54 65 37 67 97 67 72 11 66 29 58 11 68 32 16 96 80 48 24 39 13 37 37 87 29 27 64 56 35 86 21 11 4 38 33 0 22 30 76 43 50 6 70 19 99 97 22 54 33 42 97 28 28 76 97 22 22 81 79 45 81 8 3 46 55 66 60 52 56 13 77 39 13 11 12 47 57 63 99 70 79 19 18 56 65 
76 88 76 47 42 33 80 58 63 53 65 51 39 1 2 92 13 88 94 68 45 65 81 95 48 77 47 21 7 30 93 84 41 69 39 77 63 11 21 98 17 18 87 2 46 59 16 25 75 12 34 79 72 51 80 26 45 44 20 35 91 13 17 37 59 6 90 72 54 66 35 12 29 21 97 22 88 37 66 1 39 29 28 89 67 87 31 92 24 49 43 81 77 13 63 6 88 47 73 65 22 96 91 13 92 25 21 38 11 4 22 0 58 88 59 49 22 77 92 44 43 76 22 91 66 83 6 76 16 6 83 79 97 89 28 39 59 7 16 67 11 91 92 21 25 80 77 82 89 13 74 54 21 35 4 62 73 62 60 45 
8 33 59 64 25 31 11 31 27 45 41 22 20 80 76 55 35 59 15 35 1 14 83 25 19 57 38 62 21 39 22 36 14 62 98 60 1 24 66 13 63 87 16 67 63 67 9 24 74 12 54 88 64 33 85 29 26 42 21 36 1 4 60 96 86 93 62 44 50 35 75 75 15 35 18 93 30 44 87 1 72 48 84 32 14 21 95 36 61 89 3 69 40 5 83 89 72 54 7 87 49 31 41 39 5 23 67 64 64 33 30 58 0 36 80 64 64 88 79 83 10 32 41 71 15 84 16 24 26 86 32 13 5 4 80 45 31 66 22 36 65 10 82 81 43 13 57 78 76 15 70 21 93 11 8 31 48 34 4 4 
78 43 43 94 22 8 30 65 99 17 79 72 45 20 2 29 25 2 86 82 55 53 83 40 92 90 89 8 6 84 86 36 78 31 1 82 22 97 91 19 74 66 79 80 87 16 49 27 4 55 60 73 36 35 76 46 49 39 55 86 84 82 33 98 99 57 50 8 14 75 24 61 33 67 76 24 64 66 6 32 54 5 46 53 11 47 15 62 22 61 61 68 84 95 58 20 58 63 88 16 80 94 66 37 8 1 45 74 97 39 76 88 36 0 55 85 89 78 87 39 65 52 89 66 55 20 3 99 54 64 40 47 41 59 10 6 16 73 77 99 16 22 88 34 13 54 49 76 44 34 34 20 91 34 85 43 78 74 11 21 
73 75 27 19 28 51 18 39 48 65 79 4 21 5 53 64 84 41 53 65 65 95 3 59 92 39 41 52 68 54 76 57 63 73 66 28 21 66 85 55 57 6 36 78 79 92 37 34 31 9 74 26 30 55 60 75 88 17 74 39 26 3 43 65 23 99 96 20 27 16 10 92 7 96 18 92 67 68 15 75 12 62 3 3 65 33 14 63 74 67 36 92 65 1 84 13 53 40 50 59 55 1 68 34 68 7 4 96 23 28 43 59 80 55 0 75 62 86 42 15 26 61 78 90 90 18 1 72 39 80 1 53 2 24 17 20 55 99 4 72 87 44 42 15 91 11 87 29 90 27 99 96 65 39 44 68 93 19 89 37 
76 67 22 37 47 51 82 19 88 31 63 24 64 72 93 82 35 86 26 45 17 60 31 56 74 87 7 98 12 70 44 54 52 27 49 90 38 13 55 36 54 77 7 62 87 27 67 84 79 10 69 40 54 84 9 54 70 84 71 58 22 42 30 24 43 71 52 44 74 92 10 90 72 25 43 50 8 26 12 41 64 52 54 26 63 35 83 30 25 99 51 82 86 90 24 25 38 94 93 58 68 8 73 93 30 3 37 41 22 68 50 49 64 85 75 0 39 77 79 87 99 50 5 92 99 37 48 41 65 76 51 20 69 37 52 11 92 52 93 85 14 83 87 26 20 74 13 11 14 75 79 27 86 79 65 98 51 30 62 45 
77 89 59 30 36 33 47 96 36 83 63 13 22 2 65 61 23 38 61 43 91 35 86 1 82 12 45 51 45 92 4 23 95 36 70 40 51 21 67 20 40 60 2 78 67 25 78 95 70 73 50 10 35 91 3 24 94 85 39 8 69 43 17 93 9 92 73 30 71 9 83 42 96 75 53 52 1 28 43 12 41 2 45 5 75 94 25 60 12 28 86 67 69 43 74 53 72 38 98 24 77 69 85 80 53 19 22 14 25 30 6 22 64 89 62 39 0 17 57 51 31 7 15 92 63 72 88 71 27 31 51 2 39 71 67 74 57 26 24 74 8 94 85 63 66 70 90 48 80 67 58 9 18 42 69 16 21 3 36 22 
44 99 17 40 63 44 8 42 17 11 48 78 66 9 76 70 90 59 84 35 18 4 48 39 13 20 31 84 45 65 85 14 48 89 32 9 59 86 84 32 19 45 9 79 51 6 19 41 99 90 36 44 14 46 81 19 78 89 36 57 41 19 44 1 21 30 12 62 96 18 9 11 44 40 54 70 18 3 79 72 15 91 78 67 3 56 33 3 98 8 51 74 70 56 69 54 73 2 17 2 44 37 33 53 26 26 43 39 82 58 70 77 88 78 86 77 17 0 48 49 83 98 45 63 51 29 72 87 12 41 90 53 41 40 88 74 56 24 66 40 31 59 84 14 81 13 63 8 38 26 84 75 76 73 50 59 71 67 91 41 
21 31 93 29 69 42 18 96 88 46 28 8 69 27 79 84 41 8 69 79 60 65 66 94 42 89 59 22 27 20 7 49 62 95 66 4 82 22 88 10 65 93 83 86 22 27 45 19 97 96 69 57 70 46 25 97 35 19 51 81 2 36 16 66 71 53 74 67 44 76 72 57 36 73 74 54 46 47 15 60 25 75 98 87 24 41 17 25 25 86 82 10 26 95 86 4 68 97 74 49 33 40 11 31 1 16 68 35 7 55 19 92 79 87 42 79 57 48 0 94 37 84 48 18 66 76 44 94 83 61 73 51 25 15 23 29 46 37 79 29 47 16 71 38 31 76 12 21 91 86 73 45 4 31 63 77 44 71 87 17 
31 18 38 55 63 70 87 58 91 89 72 53 93 41 63 73 88 25 90 45 91 81 42 86 58 51 34 10 86 55 2 22 58 22 1 15 79 47 38 71 79 30 12 51 94 45 39 15 17 73 72 65 48 9 63 81 76 66 53 18 7 64 18 97 55 45 43 65 5 61 42 14 46 88 88 1 61 27 85 76 80 25 32 23 56 70 79 75 8 28 92 82 68 42 75 34 99 37 65 74 46 17 88 6 93 32 64 80 56 67 99 44 83 39 15 87 51 49 94 0 3 55 24 2 23 11 33 98 15 34 76 67 37 37 27 59 54 40 34 27 66 30 31 38 3 24 83 24 55 65 38 47 80 76 10 9 69 87 86 53 
37 69 12 30 33 2 62 49 79 79 43 31 19 90 77 80 76 25 25 61 96 93 57 96 71 75 66 78 57 76 66 8 65 61 76 99 7 32 17 30 69 57 79 86 73 94 12 39 33 48 52 10 91 53 33 19 40 10 42 45 15 60 69 90 52 87 99 21 12 72 88 78 93 7 97 61 11 78 1 6 68 41 80 31 50 14 53 38 43 9 7 11 16 76 30 75 59 97 26 14 61 39 67 73 37 63 43 45 71 56 97 43 10 65 26 99 31 83 37 3 0 59 49 15 8 86 6 90 36 42 48 86 64 88 4 71 41 42 86 42 19 33 28 86 36 61 68 12 44 13 64 21 93 63 71 14 19 92 25 8 
8 65 23 56 46 98 65 43 88 60 15 27 69 33 49 49 78 84 58 68 38 58 42 71 3 92 22 12 81 70 97 7 98 33 77 10 47 27 8 33 59 57 81 17 71 81 30 64 49 74 97 2 6 79 61 95 28 15 93 86 21 33 5 75 15 5 79 36 49 25 47 19 29 34 41 13 39 45 4 20 73 97 17 58 10 75 25 87 90 42 72 57 9 92 68 35 36 89 60 72 33 33 65 67 78 19 68 49 13 86 22 76 32 52 61 50 7 98 84 55 59 0 82 13 29 57 32 91 53 82 78 34 72 23 81 66 66 72 32 31 99 25 15 47 60 84 99 32 54 45 95 43 85 98 31 48 71 70 18 55 
46 61 7 91 89 52 8 53 58 98 94 9 17 71 37 53 39 42 64 43 73 1 80 74 35 91 90 68 54 71 19 78 24 91 20 76 13 35 81 86 51 68 93 2 77 82 97 7 18 77 7 82 55 90 96 24 14 56 99 77 34 94 21 78 77 37 98 75 11 90 75 26 28 52 7 20 53 79 60 31 31 37 32 76 81 27 86 31 66 28 13 98 93 18 56 24 59 49 47 73 25 88 55 66 37 62 17 7 59 52 54 22 41 89 78 5 15 45 48 24 49 82 0 52 30 96 11 84 28 41 60 56 80 30 32 29 62 58 23 45 92 88 79 43 86 44 80 62 48 84 58 34 37 74 80 50 66 12 47 48 
69 79 97 28 43 31 30 23 25 43 52 97 79 97 50 93 76 95 13 23 84 10 45 56 81 41 58 36 38 94 54 29 2 87 85 79 62 59 69 95 54 54 40 22 81 68 74 72 24 12 85 16 98 22 45 92 46 31 13 72 74 58 77 89 3 11 83 2 51 34 70 3 16 84 1 28 10 84 72 95 31 52 51 38 12 56 9 44 59 41 9 85 99 1 27 61 47 20 73 15 45 58 82 28 88 55 94 29 10 26 33 91 71 66 90 92 92 63 18 2 15 13 52 0 68 79 49 1 9 43 70 65 37 63 53 92 69 77 11 92 47 38 36 92 92 65 83 35 48 62 81 28 1 88 70 69 42 30 42 63 
58 18 15 61 58 83 56 65 56 65 19 85 60 8 15 93 22 28 19 42 82 91 95 16 67 60 1 38 47 23 8 44 3 19 83 82 50 91 16 87 44 18 7 58 37 58 6 53 76 70 5 87 33 64 21 37 90 8 84 85 67 28 31 88 63 87 60 97 94 65 98 97 10 23 4 13 13 78 93 45 98 88 90 59 5 69 69 83 79 83 17 75 66 46 9 1 83 75 43 38 96 61 6 72 85 89 31 11 66 10 42 66 15 55 90 99 63 51 66 23 8 29 30 68 0 37 59 53 94 77 41 27 75 63 12 85 42 1 62 70 7 31 55 40 99 95 47 78 38 49 27 4 48 82 88 1 71 46 4 1 
83 40 88 13 26 50 29 71 50 6 79 82 57 39 74 97 16 33 27 69 40 39 80 97 88 3 78 42 12 82 71 85 68 10 64 65 52 83 16 85 48 13 27 23 69 66 94 15 94 58 24 84 13 32 86 16 19 83 59 88 26 77 95 49 76 84 67 78 96 80 98 1 95 17 80 88 42 47 49 26 86 84 8 34 33 86 50 71 59 93 19 41 40 97 51 29 1 33 19 71 87 30 4 26 19 29 45 27 3 54 97 83 84 20 18 37 72 29 76 11 86 57 96 79 37 0 55 5 46 47 73 47 94 4 98 23 47 16 40 58 72 68 53 52 18 68 20 57 35 6 33 35 82 89 73 19 14 6 6 30 
97 36 76 18 33 82 44 62 53 91 11 74 45 82 22 58 56 15 78 42 44 18 87 50 72 9 68 10 65 29 47 71 84 30 39 74 28 70 83 84 51 53 74 17 37 1 31 44 92 95 22 80 28 6 92 15 2 4 29 53 48 89 67 5 28 23 34 26 2 48 56 98 32 16 94 17 24 30 10 70 14 68 60 57 88 72 12 21 13 21 56 1 32 54 61 71 2 84 72 92 49 51 81 57 41 63 76 45 44 86 28 6 16 3 1 48 88 72 44 33 6 32 11 49 59 55 0 33 31 66 57 73 13 35 16 9 25 82 22 13 27 78 76 72 9 59 3 17 70 19 91 68 98 76 14 87 74 23 72 81 
14 82 36 72 34 83 99 61 25 77 36 40 36 30 33 95 69 26 26 40 71 14 34 56 15 76 16 16 57 98 26 98 5 75 55 84 60 15 21 12 48 83 77 68 77 12 45 80 65 45 36 64 92 72 90 66 38 22 71 34 98 8 72 57 8 55 7 49 53 90 60 87 54 82 33 70 71 49 8 32 70 3 51 83 6 21 11 84 18 91 49 45 84 15 75 68 76 1 78 72 20 54 72 26 84 4 80 87 5 14 28 76 24 99 72 41 71 87 94 98 90 91 84 1 53 5 33 0 24 26 4 2 54 11 22 18 88 70 66 39 17 11 98 19 47 29 55 91 94 79 45 65 27 76 19 17 73 41 83 55 
11 29 64 92 7 96 56 97 16 56 50 57 40 4 72 40 83 14 1 81 91 43 55 7 27 72 71 94 84 74 35 29 9 31 87 16 15 80 48 85 88 94 65 38 45 34 2 84 89 4 60 93 99 8 8 78 69 74 43 39 2 6 3 4 42 50 39 91 59 34 2 29 71 70 35 97 58 64 24 75 82 68 15 33 55 6 18 90 35 27 31 28 26 17 5 70 88 20 52 33 90 74 38 37 29 83 43 58 6 78 76 16 26 54 39 65 27 12 83 15 36 53 28 9 94 46 31 24 0 52 5 87 32 15 73 98 1 96 44 61 71 15 35 9 29 37 79 6 30 12 15 57 20 3 97 55 60 30 7 97 
24 23 33 8 66 72 6 28 68 43 94 61 62 75 1 91 69 79 23 43 24 53 16 33 40 30 4 86 23 58 56 74 78 59 13 65 22 84 21 97 95 20 35 61 48 19 39 41 64 22 40 6 70 39 19 31 21 23 25 80 22 88 97 74 22 85 11 88 68 68 9 91 22 70 28 90 76 13 23 30 78 65 90 74 94 88 12 61 80 93 6 24 84 97 20 10 42 55 26 9 84 82 95 19 29 80 79 69 51 71 97 6 86 64 80 76 31 41 61 34 42 82 41 43 77 47 66 26 52 0 73 2 46 43 82 5 56 76 29 70 56 21 86 83 42 36 77 33 5 92 78 76 41 27 31 81 76 41 84 65 
82 39 92 84 52 22 51 1 74 21 80 26 33 51 47 79 12 37 15 68 31 10 28 30 91 96 48 77 57 51 72 90 15 40 22 53 88 79 59 96 55 61 27 79 45 61 5 22 71 65 67 82 18 9 49 54 31 13 5 30 62 43 23 73 44 4 17 95 97 53 64 3 67 66 13 33 24 60 99 91 5 28 58 76 49 61 34 71 9 83 66 69 23 83 54 14 99 92 47 4 25 6 23 27 52 31 3 7 54 14 22 83 32 40 1 51 51 90 73 76 48 78 60 70 41 73 57 4 5 73 0 8 53 66 55 82 89 54 70 92 60 59 61 83 90 9 82 25 57 31 60 77 88 97 10 82 45 56 68 86 
8 42 50 57 32 19 93 27 47 89 90 66 68 92 25 62 37 25 75 99 74 39 38 94 59 11 43 30 77 21 64 7 14 95 19 48 54 63 10 83 75 58 83 81 52 6 33 61 60 32 61 65 31 60 77 61 84 16 91 5 62 65 26 72 20 54 33 41 57 94 80 2 61 78 84 95 55 46 7 5 26 21 44 89 3 82 90 53 34 56 36 12 99 59 95 62 22 73 5 6 90 85 55 57 81 2 77 94 89 68 22 79 13 47 53 20 2 53 51 67 86 34 56 65 27 47 73 2 87 2 8 0 61 37 91 25 16 41 73 89 24 9 92 22 97 71 39 21 93 32 32 63 33 68 86 79 34 70 18 85 
25 75 1 52 8 47 64 51 21 69 5 96 54 17 81 58 58 4 40 14 64 26 6 79 46 73 2 53 75 30 95 54 99 26 46 27 14 26 97 29 66 34 39 91 21 6 86 97 96 44 34 28 34 94 37 68 97 91 25 60 20 78 55 14 80 27 14 81 58 54 79 85 38 64 94 91 91 49 33 59 60 28 43 40 52 91 40 5 56 21 50 33 76 93 27 23 20 29 43 48 49 29 54 57 8 62 39 69 42 79 81 97 5 41 2 69 39 41 25 37 64 72 80 37 75 94 13 54 32 46 53 61 0 78 75 46 7 30 49 61 20 10 97 55 63 27 74 81 44 9 66 85 83 46 22 60 70 13 18 99 
75 78 23 33 14 45 53 21 67 19 6 28 63 50 38 6 28 57 76 26 91 58 65 20 83 64 82 26 72 33 12 14 7 74 60 54 75 68 56 90 4 62 92 1 3 72 71 23 28 37 9 19 58 72 63 85 89 47 86 32 10 74 29 76 74 33 86 44 72 79 48 94 98 56 91 79 2 67 88 79 27 15 95 66 29 58 78 94 21 21 92 48 33 95 48 6 37 50 21 66 99 70 34 82 3 37 83 91 15 59 79 89 4 59 24 37 71 40 15 37 88 23 30 63 63 4 35 11 15 43 66 37 78 0 8 63 46 17 95 29 35 47 76 55 94 17 73 53 37 18 71 45 44 62 95 38 27 60 48 86 
93 71 98 77 4 92 35 27 95 93 87 19 76 43 17 77 80 94 20 39 49 82 35 29 85 14 48 87 37 44 13 73 96 74 61 17 35 18 60 37 45 89 9 38 47 15 61 49 55 87 4 16 14 94 55 96 12 37 74 78 20 46 30 63 94 1 39 49 93 68 93 57 58 97 6 7 51 13 69 85 24 18 78 89 86 73 62 95 13 19 34 21 62 47 63 72 55 36 36 31 10 85 87 28 93 29 20 82 51 74 45 28 80 10 17 52 67 88 23 27 4 81 32 53 12 98 16 22 73 82 55 91 75 8 0 36 88 61 59 48 97 97 35 25 23 94 97 23 5 23 15 16 53 2 36 20 36 60 81 98 
21 26 71 63 29 10 99 66 13 50 30 87 9 71 53 26 2 32 10 76 45 52 43 79 53 36 17 38 51 92 50 55 69 54 13 26 50 20 89 18 12 74 19 77 77 81 4 86 36 60 69 12 3 98 31 85 42 30 29 9 44 4 19 43 39 16 16 29 71 98 62 7 72 70 58 43 75 45 83 85 62 77 29 74 30 95 67 5 65 44 43 62 50 23 60 18 49 78 79 44 30 62 41 73 85 73 36 90 79 16 81 39 45 6 20 11 74 74 29 59 71 66 29 92 85 23 9 18 98 5 82 25 46 63 36 0 10 76 58 25 38 27 85 55 43 27 84 67 49 61 13 88 23 37 94 10 62 49 97 75 
33 49 37 52 16 5 84 78 26 84 54 2 35 9 69 80 13 29 72 6 95 70 88 42 14 62 69 16 32 48 80 90 98 76 29 8 71 55 8 96 53 80 25 81 37 26 13 72 30 16 7 71 74 83 3 86 76 72 88 92 13 70 98 81 39 79 91 59 1 58 13 66 92 52 51 13 9 69 97 28 39 92 55 42 61 29 51 84 36 43 86 69 94 8 69 38 72 3 1 76 10 34 60 82 44 24 13 49 93 63 8 59 31 16 55 92 57 56 46 54 41 66 62 69 42 47 25 88 1 56 89 16 7 46 88 10 0 83 26 6 79 37 15 95 47 83 18 71 68 36 74 13 69 65 37 55 83 62 59 66 
13 51 19 97 30 78 78 19 1 16 81 35 34 32 93 94 2 77 54 93 17 54 45 93 10 28 22 23 24 47 68 51 87 78 12 25 24 38 26 22 57 33 6 82 46 55 68 96 29 40 8 92 35 2 4 64 73 42 98 29 79 77 36 32 44 54 2 14 40 81 36 6 58 55 35 33 65 64 12 65 89 11 69 59 47 93 77 15 13 91 36 22 97 37 47 7 64 63 69 73 42 93 41 28 27 57 96 98 94 19 3 7 66 73 99 52 26 24 37 40 42 72 58 77 1 16 82 70 96 76 54 41 30 17 61 76 83 0 69 85 92 82 35 5 39 37 88 27 21 12 69 40 95 57 24 52 70 26 6 5 
66 63 28 31 67 64 38 61 98 18 73 3 93 26 91 38 9 3 67 23 60 90 91 25 26 6 62 92 29 58 55 49 29 61 14 5 54 1 10 11 41 61 56 8 15 19 12 38 33 69 68 52 52 67 7 69 6 41 57 94 79 97 61 47 10 29 48 25 3 54 35 10 96 10 86 90 70 8 26 1 83 90 39 76 18 22 84 63 17 11 16 75 95 55 29 29 18 73 20 93 89 41 35 79 75 12 9 46 73 85 46 16 22 77 4 93 24 66 79 34 86 32 23 11 62 40 22 66 44 29 70 73 49 95 59 58 26 69 0 7 84 2 82 48 25 2 67 22 72 3 80 55 4 23 59 29 54 58 35 64 
95 45 29 23 62 24 90 83 99 62 30 18 26 35 8 45 90 61 28 40 91 70 43 90 48 49 30 37 1 80 70 39 74 27 61 10 52 81 11 80 15 71 46 61 25 85 14 85 54 2 30 6 16 43 66 69 87 75 15 88 38 99 78 71 2 25 96 36 19 28 17 18 91 17 45 72 76 4 89 3 85 59 61 92 49 2 72 8 49 19 52 91 7 96 1 58 22 70 21 27 76 83 60 2 50 39 10 66 33 21 55 67 36 99 72 85 74 40 29 27 42 31 45 92 70 58 13 39 61 70 92 89 61 29 48 25 6 85 7 0 85 15 14 21 19 32 25 65 4 81 70 5 80 58 2 47 56 13 41 88 
61 55 53 6 84 96 55 60 78 8 39 86 68 55 61 61 64 60 89 74 45 30 45 11 65 37 45 46 40 2 82 58 35 7 83 26 13 62 37 62 39 19 3 93 85 45 29 67 98 15 95 69 8 99 77 22 44 73 10 82 75 27 26 30 88 83 63 30 73 99 99 88 21 53 96 75 97 30 94 6 14 75 27 27 93 63 6 8 35 51 37 98 24 25 24 78 25 8 1 25 47 74 51 34 30 65 99 54 53 66 66 11 65 16 87 14 8 31 47 66 19 99 92 47 7 72 27 17 71 56 60 24 20 35 97 38 79 92 84 85 0 42 97 59 40 77 56 47 68 61 99 30 84 94 45 48 64 81 95 29 
25 1 95 92 97 60 5 63 12 65 79 12 2 98 10 16 91 73 3 15 86 91 53 70 89 83 97 67 62 13 42 35 84 85 60 37 71 62 40 40 98 35 25 24 72 59 4 57 78 83 78 21 72 47 11 27 38 60 20 6 8 54 69 18 18 16 69 43 41 47 12 18 95 26 28 91 87 87 96 19 89 8 98 93 43 54 33 49 84 86 9 73 21 92 96 55 8 2 9 31 67 45 3 82 55 77 7 90 85 8 60 91 10 22 44 83 94 59 16 30 33 25 88 38 31 68 78 11 15 21 59 9 10 47 97 27 37 82 2 15 42 0 42 20 53 37 47 73 73 97 62 56 23 11 8 59 21 70 48 70 
83 87 51 96 59 65 44 39 91 56 55 94 99 97 35 93 16 41 72 48 49 63 89 16 40 68 67 4 33 40 32 69 59 68 88 90 11 4 21 89 14 74 48 13 31 71 98 51 81 78 98 53 77 60 36 44 98 58 65 68 7 78 52 48 15 59 36 8 31 54 16 13 6 22 71 99 14 63 16 62 91 40 20 29 12 12 61 21 72 2 38 72 88 75 18 13 75 14 89 78 77 58 12 17 33 39 57 93 6 54 52 92 82 88 42 87 85 84 71 31 28 15 79 36 55 53 76 98 35 86 61 92 97 76 35 85 15 35 82 14 97 42 0 8 97 72 3 26 6 23 66 85 94 50 60 41 61 38 19 61 
98 17 47 23 83 83 12 24 25 3 43 54 9 71 64 42 86 16 86 72 18 77 58 47 86 7 35 59 67 20 83 66 49 78 84 81 99 17 83 91 47 39 58 51 94 96 71 66 77 69 37 60 13 59 67 38 76 2 73 94 64 8 42 38 58 26 2 66 52 56 82 76 2 58 90 79 29 63 94 73 73 3 94 73 35 21 42 83 46 39 31 17 90 40 93 40 66 90 72 51 74 97 26 30 68 88 63 84 90 9 56 21 81 34 15 26 63 14 38 38 86 47 43 92 40 52 72 19 9 83 83 22 55 55 25 55 95 5 48 21 59 20 8 0 12 86 41 21 79 3 56 92 77 75 90 83 37 78 13 26 
3 20 8 77 35 32 30 69 55 91 65 60 90 6 67 64 81 38 20 2 52 21 81 30 22 39 89 96 59 56 34 52 10 34 3 53 5 54 76 72 62 72 40 16 96 49 29 89 84 32 75 37 22 58 66 5 40 21 1 52 98 31 26 13 94 67 85 79 58 70 89 6 27 26 18 36 62 36 72 65 48 68 60 8 91 36 79 3 21 9 86 40 4 17 73 93 16 33 79 43 77 10 41 9 42 3 9 19 27 33 13 25 43 13 91 20 66 81 31 3 36 60 86 92 99 18 9 47 29 42 90 97 63 94 23 43 47 39 25 19 40 53 97 12 0 93 64 5 95 55 7 34 12 43 12 55 93 45 59 21 
93 10 86 23 31 2 77 70 48 5 69 83 28 64 69 8 85 8 15 34 49 56 3 45 46 19 87 73 47 60 74 25 15 92 34 70 97 78 29 84 6 23 80 64 12 11 75 21 4 57 30 3 67 16 76 34 94 98 93 94 90 65 55 62 20 1 76 43 63 20 75 10 8 50 49 2 78 8 80 43 52 57 20 76 20 29 84 82 55 17 42 38 62 57 43 49 41 49 37 94 99 2 39 91 38 85 19 26 96 89 77 80 13 54 11 74 70 13 76 24 61 84 44 65 95 68 59 29 37 36 9 71 27 17 94 27 83 37 2 32 77 37 72 86 93 0 51 35 72 4 68 79 18 63 17 87 55 65 91 23 
99 93 17 19 58 85 90 62 78 17 45 12 30 95 14 3 28 83 14 71 7 89 65 20 45 72 78 73 80 58 10 86 32 52 92 55 12 25 99 46 62 16 38 9 51 91 90 1 89 38 91 69 10 83 32 41 34 18 95 48 83 71 92 61 42 61 38 24 44 73 46 44 62 52 66 30 98 43 68 74 98 44 36 55 18 81 7 76 20 42 77 60 49 54 15 79 6 77 51 2 41 83 43 47 25 41 95 7 12 51 39 77 57 49 87 13 90 63 12 83 68 99 80 83 47 20 3 55 79 77 82 39 74 73 97 84 18 88 67 25 56 47 3 41 64 51 0 34 83 52 13 26 78 3 50 71 23 43 23 21 
11 52 30 94 97 79 33 88 41 78 85 84 90 25 67 47 94 39 98 61 77 96 74 84 89 54 98 90 38 67 89 48 25 37 10 26 75 65 41 13 15 55 52 3 73 47 16 76 70 30 56 27 37 44 56 45 15 33 38 88 88 72 99 33 43 86 57 25 14 91 76 1 4 47 20 92 30 56 70 89 64 98 90 16 92 15 38 52 88 46 64 75 59 29 52 81 16 25 60 24 41 85 56 16 57 29 4 80 43 41 13 82 78 76 29 11 48 8 21 24 12 32 62 35 78 57 17 91 6 33 25 21 81 53 23 67 71 27 22 65 47 73 26 21 5 35 34 0 64 87 76 30 19 23 20 85 7 83 12 70 
55 11 12 30 50 69 51 67 60 69 74 4 78 47 92 76 8 48 83 20 67 2 96 75 84 16 39 17 54 89 75 39 25 34 3 42 38 20 86 20 78 28 10 43 69 73 42 15 58 48 50 22 60 11 20 95 78 2 42 41 92 23 96 58 79 68 62 27 35 90 78 86 30 95 64 32 64 76 6 51 29 33 92 62 3 48 41 93 27 79 95 75 32 39 35 60 10 5 9 11 9 84 60 2 38 82 69 7 16 37 11 89 76 44 90 14 80 38 91 55 44 54 48 48 38 35 70 94 30 5 57 93 44 37 5 49 68 21 72 4 68 73 6 79 95 72 83 64 0 2 83 49 5 5 84 84 36 77 88 7 
97 69 62 19 47 55 52 20 96 31 51 84 11 21 1 53 15 61 23 16 87 63 50 80 69 53 11 86 91 58 96 85 23 84 77 19 32 72 84 45 66 24 38 18 95 33 14 94 89 70 82 45 72 61 85 32 97 87 30 18 1 48 80 33 96 18 27 15 36 10 95 89 22 90 27 42 57 97 42 67 28 61 21 87 88 15 15 98 90 68 42 4 59 94 47 29 93 82 62 12 45 24 17 96 93 22 8 4 75 43 12 13 15 34 27 75 67 26 86 65 13 45 84 62 49 6 19 79 12 92 31 32 9 18 23 61 36 12 3 81 61 97 23 3 55 4 52 87 2 0 10 58 4 37 40 32 43 63 31 88 
83 24 15 53 84 26 43 37 80 53 81 1 62 23 35 67 76 61 62 98 36 55 32 45 68 47 22 75 89 54 2 39 75 41 44 12 44 63 6 20 93 27 9 16 80 29 2 27 81 6 46 43 46 59 71 57 18 82 56 37 16 65 98 86 42 50 14 74 17 16 6 18 89 33 33 42 86 66 61 48 60 25 69 24 94 90 38 54 98 57 56 87 25 95 6 83 8 12 8 7 1 52 33 1 69 38 58 58 27 4 47 74 70 34 99 79 58 84 73 38 64 95 58 81 27 33 91 45 15 78 60 32 66 71 15 13 74 69 80 70 99 62 66 56 7 68 13 76 83 10 0 58 66 86 1 2 53 5 7 94 
87 15 31 32 42 84 24 18 90 85 51 94 17 1 71 26 13 49 82 99 45 11 32 99 71 98 17 33 34 56 20 32 26 14 82 81 95 54 11 85 48 12 70 51 63 76 52 72 48 35 11 43 34 51 45 57 73 35 50 48 72 92 48 23 81 80 79 47 63 93 49 64 60 38 2 4 63 88 86 95 95 2 41 20 98 58 29 32 80 68 83 94 39 70 61 18 7 4 88 77 14 65 28 19 3 95 11 32 81 37 57 54 21 20 96 27 9 75 45 47 21 43 34 28 4 35 68 65 57 76 77 63 85 45 16 88 13 40 55 5 30 56 85 92 34 79 26 30 49 58 58 0 45 67 5 48 48 48 37 26 
71 64 9 50 21 28 90 22 32 37 36 86 80 70 17 38 62 83 12 54 79 32 42 13 36 75 79 63 35 3 12 79 20 65 18 4 38 5 49 64 77 61 16 26 49 4 77 91 19 28 16 49 92 67 67 99 83 47 19 52 31 97 11 10 23 74 27 15 96 36 69 27 92 39 85 66 97 49 18 6 79 26 76 75 68 78 40 59 87 5 12 62 73 3 54 64 51 82 27 4 51 39 42 71 73 64 25 26 52 59 63 21 93 91 65 86 18 76 4 80 93 85 37 1 48 82 98 27 20 41 88 33 83 44 53 23 69 95 4 80 84 23 94 77 12 18 78 19 5 4 66 45 0 20 39 76 86 95 2 56 
67 22 41 99 41 57 44 78 57 99 73 52 75 23 38 4 21 9 29 70 99 70 40 87 35 54 8 7 26 34 73 79 97 52 89 2 87 5 61 42 14 31 57 64 83 53 84 75 35 64 71 54 78 65 56 85 97 41 16 26 82 98 63 44 40 19 31 36 86 67 69 29 99 4 16 63 8 2 39 41 60 64 79 25 12 24 80 47 7 71 23 42 17 42 62 8 90 44 77 20 90 37 84 88 44 40 42 82 30 49 99 35 11 34 39 79 42 73 31 76 63 98 74 88 82 89 76 76 3 27 97 68 46 62 2 37 65 57 23 58 94 11 50 75 43 63 3 23 5 37 86 67 20 0 84 98 68 18 19 87 
72 47 49 84 51 93 89 27 34 60 16 92 77 28 18 26 38 86 45 21 1 96 15 78 25 4 54 74 79 45 42 9 75 74 54 18 1 72 68 64 6 62 67 52 36 34 72 27 70 63 24 5 34 34 86 15 37 22 58 76 88 75 61 70 88 41 46 22 97 9 54 88 59 3 79 70 28 58 93 92 51 15 15 88 70 79 77 52 69 57 49 71 8 33 24 48 17 31 21 70 98 21 40 28 54 89 57 60 80 98 70 4 8 85 44 65 69 50 63 10 71 31 80 70 88 73 14 19 97 31 10 86 22 95 36 94 37 24 59 2 45 8 60 90 12 17 50 20 84 40 1 5 39 84 0 3 63 91 10 98 
49 4 31 94 5 9 96 33 39 32 40 33 98 26 39 85 63 69 3 36 39 48 3 50 62 25 54 38 20 54 24 37 62 7 51 51 39 84 60 31 23 98 38 55 13 82 56 6 77 12 37 17 74 68 96 28 63 65 60 87 53 36 99 98 8 92 72 67 66 89 49 2 13 38 83 7 63 81 2 34 11 11 48 68 60 68 55 5 22 86 28 31 67 62 23 85 65 78 3 62 47 10 37 67 95 31 5 10 73 34 79 62 31 43 68 98 16 59 77 9 14 48 50 69 1 19 87 17 55 81 82 79 60 38 20 10 55 52 29 47 48 59 41 83 55 87 71 85 84 32 2 48 76 98 3 0 78 50 46 8 
55 57 24 46 10 56 29 9 93 36 3 87 1 65 83 65 67 40 4 39 19 49 48 32 88 44 68 3 84 38 36 96 86 57 76 91 26 70 34 52 42 74 23 28 82 56 10 99 85 59 25 50 98 53 60 19 13 89 89 66 48 10 64 39 29 78 96 79 66 96 11 78 17 6 56 69 74 53 16 80 92 59 74 53 17 79 77 4 45 18 73 84 20 59 98 90 43 85 4 46 19 83 83 24 82 71 38 13 99 69 19 73 48 78 93 51 21 71 44 69 19 71 66 42 71 14 74 73 60 76 45 34 70 27 36 62 83 70 54 56 64 21 61 37 93 55 23 7 36 43 53 48 86 68 63 78 0 91 87 97 
16 89 67 52 1 77 65 9 21 33 36 85 31 46 15 1 34 64 11 50 82 11 36 54 74 26 78 46 53 63 59 73 8 22 7 19 23 80 22 12 7 45 76 45 32 91 81 76 33 9 70 21 85 59 63 77 80 19 86 12 54 38 71 5 32 95 81 25 67 80 47 34 3 7 53 7 18 46 50 6 85 48 15 12 71 29 16 25 50 80 4 82 44 88 58 19 93 34 30 32 14 44 70 23 30 18 19 49 31 78 18 62 34 74 19 30 3 67 71 87 92 70 12 30 46 6 23 41 30 41 56 70 13 60 60 49 62 26 58 13 81 70 38 78 45 65 43 83 77 63 5 48 95 18 91 50 91 0 68 50 
6 81 93 87 91 47 87 21 15 51 98 82 4 39 38 53 58 55 32 82 37 41 51 88 21 27 13 14 76 74 30 38 54 60 37 46 45 61 77 54 16 81 19 59 71 20 8 68 27 54 26 20 39 48 77 13 58 18 41 91 49 10 6 38 4 62 15 85 85 70 1 81 1 63 57 46 86 96 24 78 23 39 1 17 4 65 75 3 97 80 36 80 97 96 9 53 15 44 17 11 34 69 60 54 29 34 18 5 29 28 56 60 4 11 89 62 36 91 87 86 25 18 47 42 4 6 72 83 7 84 68 18 18 48 81 97 59 6 35 41 95 48 19 13 59 91 23 12 88 31 7 37 2 19 10 46 87 68 0 6 
18 47 65 16 22 50 59 69 10 52 80 6 82 58 63 82 75 14 92 59 49 26 33 93 77 2 87 42 85 61 15 78 89 31 95 45 94 98 84 32 31 24 7 80 3 64 28 16 1 37 73 34 71 91 81 25 84 51 89 17 63 48 88 74 95 81 88 24 70 85 87 16 72 87 23 50 86 22 41 67 38 14 65 70 39 85 43 31 12 75 49 65 90 17 32 30 99 14 17 84 83 20 77 33 69 38 66 47 59 40 65 45 4 21 37 45 22 41 17 53 8 55 48 63 1 30 81 55 97 65 86 85 99 86 98 75 66 5 64 88 29 70 61 26 21 23 21 70 7 88 94 26 56 87 98 8 97 50 6 0 
