161
0 38 13 73 10 76 6 80 65 17 2 77 72 7 26 51 21 19 85 12 29 30 15 51 69 88 88 95 97 87 14 10 8 64 62 23 58 2 1 61 82 9 89 14 48 73 31 72 4 71 22 50 58 4 69 25 44 77 27 53 81 42 83 16 65 69 26 99 88 8 27 26 23 10 68 24 28 38 58 84 39 9 33 35 11 24 16 88 26 72 93 75 63 47 33 89 24 56 66 78 4 1 78 7 53 86 71 3 77 92 22 76 8 78 73 76 77 44 21 31 37 8 46 69 58 83 97 14 11 24 82 8 25 75 93 21 33 13 66 95 61 25 83 98 3 93 99 11 55 97 83 87 71 67 72 49 55 16 6 18 43 
38 0 21 49 23 14 98 54 85 11 97 56 62 57 90 22 97 84 26 15 14 85 44 7 78 57 60 16 25 10 67 72 54 70 37 22 41 78 92 50 48 78 41 79 46 88 17 29 46 68 67 79 47 1 30 64 76 36 54 94 34 3 85 84 49 55 33 29 56 83 32 29 95 75 9 33 9 85 78 51 80 42 65 84 25 21 45 16 31 92 15 20 27 87 8 54 48 61 35 33 20 68 25 84 95 39 48 6 80 64 88 33 43 75 67 89 99 31 18 69 65 61 79 18 40 36 82 29 23 39 42 75 78 71 26 49 51 63 45 55 1 87 17 20 10 93 52 11 69 24 15 64 22 47 4 57 89 81 47 55 80 
13 21 0 72 15 78 16 26 54 85 59 86 30 45 38 23 92 55 77 13 60 27 77 72 88 40 44 77 39 92 70 99 34 44 27 57 70 74 53 90 28 44 2 83 95 97 27 85 31 65 23 99 53 4 71 13 40 84 49 62 71 14 37 24 23 67 93 96 54 10 42 58 89 94 77 83 12 37 17 31 85 58 36 42 82 3 86 94 37 47 81 28 73 29 3 14 42 37 41 19 98 39 64 47 90 3 99 29 79 76 59 43 27 22 59 17 93 38 12 23 7 97 15 88 76 36 64 33 92 50 1 23 98 71 37 19 28 29 53 95 51 47 8 86 17 30 12 62 15 31 9 41 49 31 24 67 93 65 13 18 34 
73 49 72 0 11 29 76 6 82 6 43 87 53 58 57 79 88 82 11 73 49 20 13 26 78 17 5 89 28 51 69 4 59 13 3 77 97 97 62 16 75 13 19 31 60 6 17 96 97 61 44 32 45 25 63 80 22 20 78 34 5 40 68 35 35 43 79 83 39 49 82 6 92 9 41 70 6 8 79 38 79 34 28 52 78 31 44 47 10 68 4 68 55 98 64 81 29 38 65 38 94 19 79 71 93 53 11 33 47 64 94 19 37 30 40 29 55 30 56 91 28 61 13 18 72 92 8 84 57 52 33 77 63 52 97 31 23 6 92 96 23 77 23 19 94 30 19 53 32 50 99 84 94 46 52 87 16 72 49 29 84 
10 23 15 11 0 28 44 20 80 71 89 87 12 66 94 16 52 99 87 46 64 43 23 83 41 45 17 18 89 1 98 83 72 15 37 27 33 2 49 89 23 35 95 22 69 68 49 19 98 12 12 53 77 69 46 65 90 41 8 8 34 59 8 35 5 6 62 51 77 46 97 22 93 72 93 26 98 2 14 39 86 28 39 85 34 2 32 39 29 76 32 52 67 68 33 75 33 98 6 1 38 73 44 25 17 97 97 42 25 22 28 47 36 63 69 63 33 46 89 43 58 26 33 34 7 66 52 32 8 14 4 29 16 30 67 62 84 97 59 83 35 31 58 97 50 47 84 42 21 41 51 5 10 1 91 22 75 22 34 39 38 
76 14 78 29 28 0 44 34 96 42 72 70 71 24 87 40 32 38 39 57 88 29 37 67 11 85 1 17 31 4 79 60 54 70 50 75 47 28 34 73 69 40 33 98 8 34 63 15 78 44 62 86 37 13 54 27 83 13 26 2 42 56 56 65 16 93 41 61 71 50 51 33 91 21 53 39 66 81 58 53 90 20 95 65 43 48 22 98 2 90 39 13 19 78 78 89 91 84 40 99 16 38 97 37 99 2 33 31 8 51 51 33 44 42 70 2 98 52 31 83 50 82 83 96 72 22 19 47 45 92 10 5 78 64 24 96 60 65 83 32 2 85 79 69 55 26 84 28 57 93 9 56 77 47 50 12 9 62 75 24 89 
6 98 16 76 44 44 0 90 83 83 6 43 47 22 52 74 43 14 19 24 46 96 53 34 55 15 58 62 41 73 66 23 3 87 2 73 52 72 88 78 63 49 1 43 40 4 58 44 54 44 75 99 98 76 60 67 75 92 6 27 68 32 12 4 55 2 14 60 57 82 9 39 5 71 77 74 6 80 85 60 32 91 8 67 33 47 76 83 45 65 38 48 74 91 85 16 66 53 70 67 90 29 20 18 6 80 11 30 18 82 47 8 18 87 62 65 8 30 56 29 44 99 56 6 51 93 64 53 35 99 84 78 38 90 55 5 44 12 30 77 90 33 51 52 43 24 90 44 89 96 29 65 87 59 89 52 23 11 32 10 7 
80 54 26 6 20 34 90 0 31 68 19 13 74 75 92 66 86 54 43 7 10 37 88 60 9 54 88 19 22 68 15 21 86 10 43 67 21 17 59 78 43 36 76 29 86 35 45 93 83 9 31 65 78 19 39 12 57 53 84 77 69 26 70 32 60 63 30 67 33 72 61 94 73 28 98 94 69 39 61 98 10 68 79 64 21 36 56 29 46 93 57 52 5 80 76 32 77 53 39 84 81 75 71 27 58 31 65 39 19 96 42 96 58 49 43 53 23 65 71 62 61 97 28 1 27 51 21 27 66 78 19 61 83 60 63 39 24 69 70 62 88 67 20 37 18 22 78 27 33 9 9 21 69 83 55 86 94 75 90 24 95 
65 85 54 82 80 96 83 31 0 91 14 12 43 11 89 25 48 69 44 92 14 7 3 68 94 5 29 36 83 78 47 79 7 92 81 21 24 64 72 7 22 65 51 91 10 93 68 86 34 72 9 52 34 62 8 60 42 28 52 41 72 46 95 10 89 47 59 22 55 1 20 20 86 28 98 22 95 19 68 36 96 30 23 57 11 43 73 32 13 83 8 88 9 62 24 35 95 4 56 69 16 25 95 63 27 99 48 88 36 17 88 91 79 88 58 25 56 50 53 25 16 68 74 47 21 67 95 13 26 1 98 99 78 12 91 25 55 48 78 41 60 96 80 90 32 57 34 39 93 21 15 10 68 82 80 4 48 71 43 6 21 
17 11 85 6 71 42 83 68 91 0 58 60 55 78 25 59 80 37 81 59 52 64 74 84 89 83 56 79 71 28 24 54 70 69 24 47 40 67 78 27 25 18 88 2 46 59 22 18 57 34 44 76 99 3 97 91 84 27 27 53 56 8 63 32 80 93 77 47 88 71 70 56 93 99 88 86 75 16 15 57 88 2 85 76 77 91 19 63 46 66 53 29 88 39 21 98 52 60 95 65 15 98 53 45 17 65 31 83 11 46 89 79 60 98 43 65 6 91 77 56 43 21 89 69 19 93 50 84 16 18 62 8 65 56 3 91 5 17 78 69 31 53 85 37 99 60 32 36 33 51 52 6 34 1 10 32 36 89 61 39 12 
2 97 59 43 89 72 6 19 14 58 0 45 44 8 63 57 97 94 53 25 44 52 11 95 50 19 11 62 40 7 8 80 13 1 4 52 16 68 82 60 67 16 62 65 20 45 88 62 22 1 64 95 85 2 85 61 77 23 15 25 47 33 81 71 55 25 78 90 36 58 32 40 15 94 49 14 20 16 98 42 36 26 52 35 23 34 62 79 8 33 4 68 96 58 97 47 90 22 93 85 59 65 41 79 79 63 63 48 28 72 43 15 94 52 19 79 11 36 50 94 80 90 5 6 87 30 54 81 73 30 39 79 55 43 65 69 45 85 74 51 81 51 36 73 16 40 3 36 98 80 16 16 95 67 35 84 94 19 75 19 26 
77 56 86 87 87 70 43 13 12 60 45 0 18 50 38 21 41 53 24 19 80 52 33 38 31 41 51 74 69 81 16 64 65 92 21 55 24 7 25 1 49 81 29 89 2 74 22 1 77 33 41 82 84 31 88 54 34 83 23 4 35 50 89 71 38 34 13 38 80 66 7 80 93 4 33 86 45 30 47 68 67 29 58 85 44 95 94 21 53 32 26 64 53 60 18 23 55 14 31 24 51 22 72 4 24 13 78 8 53 31 27 9 97 85 82 74 40 57 61 26 66 96 28 19 87 2 35 3 18 86 12 94 54 60 83 12 84 4 84 1 94 86 52 92 33 87 85 82 6 12 70 10 47 75 94 33 39 43 64 24 41 
72 62 30 53 12 71 47 74 43 55 44 18 0 64 64 32 19 41 6 93 80 83 75 41 26 69 50 83 87 47 14 22 81 82 95 50 52 15 31 11 86 5 8 55 60 85 99 42 36 57 14 12 53 67 22 82 95 35 62 92 86 61 93 99 92 75 9 76 82 28 26 87 37 15 4 93 85 73 44 9 56 18 61 33 99 84 28 96 53 51 81 92 80 27 38 25 57 41 53 39 20 45 21 64 22 66 69 93 19 69 17 79 60 57 45 36 40 62 33 68 54 63 76 9 35 34 93 26 68 2 99 9 90 28 30 90 78 11 62 17 80 75 77 98 1 31 4 82 65 39 68 31 22 27 96 11 70 34 37 10 1 
7 57 45 58 66 24 22 75 11 78 8 50 64 0 56 70 11 4 40 78 38 17 26 47 8 44 1 57 15 56 56 53 79 98 54 61 1 15 61 67 96 40 72 8 17 67 62 70 51 59 80 15 78 13 12 80 96 35 7 70 86 45 71 73 13 47 83 8 30 61 83 74 47 87 85 98 48 89 74 77 88 46 37 88 40 38 7 44 59 2 84 30 49 56 46 9 35 30 1 80 20 5 72 2 9 27 41 90 33 71 97 8 39 82 30 4 75 51 92 17 50 43 71 9 32 26 35 55 98 97 71 6 64 95 25 47 21 23 1 70 23 28 26 65 46 39 58 53 53 33 70 80 6 34 65 54 54 54 13 81 97 
26 90 38 57 94 87 52 92 89 25 63 38 64 56 0 34 52 56 81 55 13 86 11 82 79 72 85 30 13 64 8 71 83 64 65 45 70 76 89 35 15 60 89 34 25 4 42 31 23 54 97 92 92 83 98 37 7 39 99 32 63 48 63 35 72 43 21 91 51 23 3 64 1 93 6 73 53 10 95 98 12 99 41 92 77 88 62 3 23 83 94 99 48 30 96 99 81 2 76 2 53 93 65 76 79 63 77 49 37 50 15 74 22 33 72 1 47 25 81 38 17 53 69 93 91 8 61 10 35 64 67 69 14 67 92 1 35 71 17 38 18 39 83 15 38 63 1 34 50 78 32 58 59 74 77 29 77 54 59 32 95 
51 22 23 79 16 40 74 66 25 59 57 21 32 70 34 0 14 39 92 88 60 47 63 87 62 40 72 3 60 26 58 33 31 53 92 42 79 58 46 86 26 74 75 7 3 31 78 79 92 97 43 19 84 90 89 57 43 5 12 25 23 7 5 80 29 54 31 22 28 6 36 73 83 49 52 95 25 77 41 86 29 41 48 24 29 85 90 38 6 24 69 21 14 57 30 29 92 55 29 64 82 61 70 84 73 80 49 53 93 93 97 58 95 40 91 79 62 58 6 77 26 80 94 38 45 61 16 93 42 64 8 3 47 76 53 67 26 38 4 26 85 65 1 53 82 47 85 18 55 36 79 61 51 47 24 66 1 33 13 91 76 
21 97 92 88 52 32 43 86 48 80 97 41 19 11 52 14 0 26 56 70 6 15 88 3 92 65 99 88 59 25 46 15 78 87 33 92 73 39 84 21 25 72 28 38 96 83 17 55 97 53 74 6 67 81 95 51 3 90 33 8 90 86 37 67 74 12 36 43 40 53 94 85 21 74 8 53 70 58 63 90 84 17 29 46 83 82 69 68 62 84 70 39 75 64 73 13 35 25 84 35 23 90 41 88 76 78 39 76 22 16 56 69 83 69 12 37 58 28 80 2 13 2 9 90 64 91 16 86 81 85 28 94 8 15 76 13 62 21 38 63 67 34 58 75 73 6 1 3 5 65 58 36 31 5 76 81 15 3 53 55 16 
19 84 55 82 99 38 14 54 69 37 94 53 41 4 56 39 26 0 97 89 1 60 63 2 92 68 82 42 84 45 98 7 88 57 50 48 73 60 94 83 81 99 93 39 11 88 66 96 89 60 74 96 92 35 51 52 83 83 52 92 25 56 69 66 38 58 98 88 45 58 42 33 28 56 64 81 92 77 57 27 63 54 93 23 39 21 59 44 20 46 76 38 85 35 88 59 2 41 86 38 59 8 25 25 84 42 95 28 33 15 26 14 79 37 25 4 57 94 32 29 77 3 61 60 73 41 16 38 8 83 39 48 61 61 49 83 9 86 69 40 64 55 14 62 41 74 75 69 25 26 34 19 79 47 79 8 78 9 39 50 15 
85 26 77 11 87 39 19 43 44 81 53 24 6 40 81 92 56 97 0 18 46 58 78 88 27 32 59 24 38 43 94 90 82 97 27 47 19 25 40 76 40 7 69 40 47 22 68 74 25 72 33 13 87 66 8 3 97 21 4 86 95 36 18 18 56 44 53 96 26 90 30 52 68 48 21 72 80 9 24 61 57 10 47 61 66 63 22 14 23 28 26 18 33 94 15 86 53 26 61 84 69 90 25 58 64 13 19 27 78 26 1 23 15 75 40 76 20 10 72 54 67 28 89 3 72 86 20 15 14 98 83 23 62 82 12 29 45 3 4 11 32 92 97 30 56 30 34 42 66 50 26 86 49 54 49 1 39 8 22 6 16 
12 15 13 73 46 57 24 7 92 59 25 19 93 78 55 88 70 89 18 0 78 81 64 98 31 33 73 45 41 68 25 79 68 51 49 36 53 32 2 65 32 19 67 16 44 40 21 2 1 46 83 30 27 8 53 4 22 84 80 63 70 68 9 73 44 96 90 77 73 59 69 59 82 64 93 53 38 48 52 24 71 1 24 23 88 60 9 3 19 4 15 80 68 35 82 65 45 43 35 79 45 61 68 43 23 42 69 42 40 81 43 68 99 14 26 39 76 6 93 23 40 74 15 48 72 2 34 71 61 20 16 98 99 54 70 21 36 39 50 82 59 13 76 54 25 96 23 34 25 31 88 1 88 36 46 64 9 42 15 63 11 
29 14 60 49 64 88 46 10 14 52 44 80 80 38 13 60 6 1 46 78 0 30 31 38 98 40 11 68 55 78 46 74 69 24 82 65 82 82 33 94 15 31 39 97 88 1 38 67 43 62 19 1 46 83 95 72 71 97 54 1 43 41 40 25 41 93 73 32 5 30 36 36 49 31 48 1 80 8 53 10 25 52 86 92 76 15 82 62 41 13 28 45 1 55 65 17 91 18 60 91 96 38 73 84 82 40 44 71 91 24 31 74 64 91 49 45 95 17 60 91 45 86 49 18 52 49 7 77 67 87 36 45 79 99 1 39 19 82 37 49 4 52 49 4 89 58 17 88 64 87 22 34 95 32 69 39 72 70 54 13 97 
30 85 27 20 43 29 96 37 7 64 52 52 83 17 86 47 15 60 58 81 30 0 47 41 18 94 79 62 36 59 32 31 49 31 97 97 21 7 75 36 37 74 39 72 57 72 68 50 62 83 99 84 86 88 48 1 66 22 22 40 77 61 3 41 78 44 84 60 67 79 86 51 23 38 14 16 85 47 39 90 55 28 30 49 16 74 30 52 50 89 65 14 53 95 60 35 4 65 81 93 58 1 10 91 39 18 14 43 53 10 39 26 58 82 52 70 54 90 70 30 91 63 77 21 56 89 96 2 63 55 11 32 70 96 48 49 11 41 26 73 88 23 50 56 89 4 29 25 21 66 88 10 12 22 59 88 95 65 79 88 72 
15 44 77 13 23 37 53 88 3 74 11 33 75 26 11 63 88 63 78 64 31 47 0 87 83 1 43 35 67 58 93 7 71 3 13 91 5 1 35 77 9 24 62 28 16 12 86 54 91 48 61 89 30 84 51 70 39 84 75 96 48 6 60 12 36 52 85 74 13 36 17 10 85 59 49 22 48 72 57 52 68 4 93 51 54 88 80 93 40 81 83 83 3 31 86 48 66 42 57 42 80 45 95 80 87 34 55 16 28 38 6 65 35 43 88 45 91 43 45 53 89 58 81 3 65 74 96 50 32 32 42 40 15 3 48 36 51 33 33 42 43 96 17 84 29 32 92 12 39 88 17 57 10 65 84 27 3 39 86 31 87 
51 7 72 26 83 67 34 60 68 84 95 38 41 47 82 87 3 2 88 98 38 41 87 0 54 32 31 37 16 22 93 48 74 45 5 67 44 19 60 91 30 78 10 24 91 9 92 15 88 48 73 38 42 90 31 40 6 34 75 20 94 38 90 16 13 98 65 1 70 51 48 19 69 68 67 75 70 56 66 82 51 49 5 51 57 79 39 11 95 25 40 59 56 1 39 94 86 96 71 74 56 16 97 50 56 7 33 30 94 79 20 29 79 42 93 25 90 11 70 16 47 30 45 20 84 75 80 45 99 13 87 78 50 32 54 88 93 79 3 70 97 23 43 3 21 57 40 38 27 22 4 63 29 10 55 2 29 7 45 68 33 
69 78 88 78 41 11 55 9 94 89 50 31 26 8 79 62 92 92 27 31 98 18 83 54 0 30 70 13 91 16 75 93 17 24 16 12 5 72 95 25 81 38 64 61 82 50 79 12 1 48 24 82 91 13 57 82 29 36 81 9 17 7 22 35 48 46 43 26 36 76 27 54 88 75 67 78 61 53 50 37 61 96 48 70 35 62 33 48 19 92 92 74 82 13 42 58 71 3 35 81 67 88 72 15 27 40 91 59 46 83 85 53 14 10 26 48 65 89 40 86 22 46 45 89 84 69 68 71 36 35 25 62 88 74 21 77 73 59 56 16 83 42 64 28 97 83 90 72 74 97 61 90 80 89 23 35 56 8 38 99 1 
88 57 40 17 45 85 15 54 5 83 19 41 69 44 72 40 65 68 32 33 40 94 1 32 30 0 76 74 64 58 65 40 15 23 27 16 82 77 93 27 50 89 33 26 99 53 61 78 6 47 65 11 98 2 57 73 92 57 22 87 38 73 75 93 15 15 50 89 46 87 31 84 78 72 59 63 43 19 59 76 13 29 46 50 95 23 77 57 90 39 87 12 20 89 51 75 92 91 41 60 3 9 76 72 30 96 11 73 64 14 36 62 28 6 49 37 83 68 7 39 19 72 54 16 53 47 98 75 54 4 25 44 26 27 2 7 19 35 32 97 81 99 44 52 37 83 9 3 20 63 95 76 26 36 80 63 77 77 75 71 48 
88 60 44 5 17 1 58 88 29 56 11 51 50 1 85 72 99 82 59 73 11 79 43 31 70 76 0 79 32 34 44 10 57 87 47 38 37 11 51 78 20 46 35 36 8 72 2 4 47 62 7 4 9 37 85 49 82 15 16 49 44 44 58 86 68 47 51 3 1 82 59 19 46 66 28 97 84 59 21 97 44 85 12 99 91 47 38 89 41 7 45 31 59 34 66 22 90 58 1 78 68 16 71 4 48 43 2 82 48 17 69 22 62 30 45 97 67 35 89 87 78 98 39 11 22 17 79 8 54 54 68 78 13 87 86 29 14 62 7 58 46 62 52 94 7 58 41 8 5 93 8 19 52 73 3 83 47 19 87 30 36 
95 16 77 89 18 17 62 19 36 79 62 74 83 57 30 3 88 42 24 45 68 62 35 37 13 74 79 0 12 53 77 38 79 70 25 70 30 78 25 43 11 66 86 54 21 14 27 7 32 84 50 66 55 1 51 82 38 77 71 21 55 16 46 30 71 15 14 77 82 48 44 76 63 26 26 73 43 62 45 45 54 33 29 6 21 62 8 52 98 51 84 22 10 78 12 68 36 38 42 10 16 94 86 77 30 53 26 87 38 16 23 92 37 46 67 4 59 96 73 73 90 17 86 75 33 63 7 74 38 3 46 14 42 34 4 5 31 66 70 89 75 37 66 57 78 71 17 43 98 58 94 6 90 88 30 96 70 87 42 82 52 
97 25 39 28 89 31 41 22 83 71 40 69 87 15 13 60 59 84 38 41 55 36 67 16 91 64 32 12 0 47 59 40 84 16 76 94 94 53 57 26 80 37 5 83 95 12 43 23 85 29 57 33 59 87 69 67 23 3 74 2 34 81 8 64 70 6 43 16 36 47 82 24 21 5 24 26 47 32 26 19 12 54 46 7 21 6 68 12 45 45 27 86 57 81 54 38 47 12 65 57 84 23 57 77 75 72 37 51 32 24 29 1 40 62 33 67 59 47 80 38 54 91 89 34 35 26 79 20 84 53 76 85 64 97 80 99 42 39 40 7 9 1 88 43 19 45 44 94 6 3 63 37 95 60 84 20 24 31 18 99 40 
87 10 92 51 1 4 73 68 78 28 7 81 47 56 64 26 25 45 43 68 78 59 58 22 16 58 34 53 47 0 56 24 17 10 92 31 49 50 38 52 22 1 32 94 19 40 45 50 45 24 37 82 90 70 75 86 69 62 44 47 54 75 13 36 18 12 5 88 27 66 17 76 26 64 25 17 80 85 57 20 34 66 30 39 84 54 70 92 65 20 55 76 70 71 94 23 82 29 98 74 58 51 21 30 33 44 92 48 47 58 80 2 13 40 20 56 60 58 67 89 58 54 56 3 34 45 54 38 63 74 61 70 73 87 83 13 49 9 84 65 27 53 18 28 43 49 54 93 15 85 46 29 16 34 90 71 15 91 80 66 14 
14 67 70 69 98 79 66 15 47 24 8 16 14 56 8 58 46 98 94 25 46 32 93 93 75 65 44 77 59 56 0 27 52 24 94 11 73 52 30 20 3 37 23 57 99 95 59 22 35 40 55 29 12 60 3 4 87 11 28 2 62 71 13 31 68 80 62 58 8 43 4 54 90 13 75 76 60 35 70 51 98 93 22 86 76 44 4 85 7 2 66 97 19 54 8 71 47 26 35 56 72 64 95 12 13 50 80 68 55 70 82 42 32 83 34 74 10 89 75 96 2 20 12 73 42 24 36 59 30 15 2 50 95 40 28 58 20 33 12 52 88 86 65 77 61 9 40 85 98 19 4 47 41 32 96 43 63 24 17 89 32 
10 72 99 4 83 60 23 21 79 54 80 64 22 53 71 33 15 7 90 79 74 31 7 48 93 40 10 38 40 24 27 0 98 76 84 7 19 46 65 54 86 44 51 43 14 8 1 6 14 9 39 67 60 98 67 6 26 89 7 16 75 60 20 51 23 3 76 76 51 42 9 48 84 28 10 71 19 79 70 62 84 36 36 57 54 23 14 49 22 8 7 78 29 44 85 71 98 29 74 90 7 54 14 73 55 90 51 49 39 58 35 69 66 52 25 86 48 39 85 39 32 79 79 9 37 96 73 38 78 35 40 20 68 32 71 65 56 60 57 27 90 78 31 53 89 32 84 44 1 52 11 73 40 77 14 70 70 50 12 13 60 
8 54 34 59 72 54 3 86 7 70 13 65 81 79 83 31 78 88 82 68 69 49 71 74 17 15 57 79 84 17 52 98 0 14 90 32 20 26 65 87 67 19 87 92 99 99 37 49 15 41 46 79 64 1 55 21 85 24 56 60 41 38 3 35 70 44 91 41 84 61 46 19 69 27 61 46 59 24 2 41 14 78 63 52 95 48 62 58 65 98 24 2 3 68 84 5 9 78 15 14 99 7 96 69 98 87 29 74 35 84 59 49 10 15 32 25 25 23 75 26 20 97 75 62 86 8 54 89 62 76 69 18 44 29 18 53 49 92 95 60 22 87 72 93 10 11 21 84 16 47 39 20 61 7 24 32 92 1 84 72 10 
64 70 44 13 15 70 87 10 92 69 1 92 82 98 64 53 87 57 97 51 24 31 3 45 24 23 87 70 16 10 24 76 14 0 68 66 3 66 48 87 26 20 5 53 71 5 23 63 60 41 70 71 24 77 32 59 28 73 31 19 57 45 37 60 89 57 84 57 2 49 9 55 24 94 54 71 24 43 69 62 31 73 27 36 89 95 22 61 33 91 87 19 10 30 75 31 59 40 95 26 74 74 54 76 78 61 27 7 85 68 78 34 92 52 37 34 84 41 14 65 52 74 7 57 22 60 31 46 69 58 20 83 32 71 61 76 34 18 79 97 1 83 42 68 86 63 35 25 98 73 13 51 64 65 34 60 36 20 7 24 97 
62 37 27 3 37 50 2 43 81 24 4 21 95 54 65 92 33 50 27 49 82 97 13 5 16 27 47 25 76 92 94 84 90 68 0 61 19 97 63 10 24 41 77 98 7 80 35 81 7 33 13 71 96 52 46 18 88 87 85 7 58 58 84 73 7 88 19 31 7 88 14 54 62 41 39 17 48 39 98 1 66 49 70 32 66 1 76 77 20 85 83 64 39 55 87 13 22 19 46 60 61 13 29 12 14 61 83 60 88 84 3 34 92 10 3 77 44 82 18 89 54 51 76 7 37 95 17 77 99 63 23 71 70 83 16 96 19 22 10 3 79 79 7 97 60 37 26 6 62 9 7 21 57 14 94 4 79 6 82 91 40 
23 22 57 77 27 75 73 67 21 47 52 55 50 61 45 42 92 48 47 36 65 97 91 67 12 16 38 70 94 31 11 7 32 66 61 0 99 8 33 11 69 45 99 82 80 98 20 50 67 62 51 26 41 25 56 3 87 6 10 95 81 26 54 72 66 56 64 8 69 87 40 58 74 78 39 32 77 60 82 28 90 40 9 4 15 99 10 76 79 82 65 74 84 16 65 53 48 27 54 17 26 8 25 5 10 26 37 90 81 53 70 55 26 42 19 12 81 4 2 18 51 91 19 46 45 49 21 92 17 36 30 8 29 7 30 98 97 95 3 89 91 61 70 1 87 15 69 74 16 87 90 45 68 16 51 35 53 15 71 31 29 
58 41 70 97 33 47 52 21 24 40 16 24 52 1 70 79 73 73 19 53 82 21 5 44 5 82 37 30 94 49 73 19 20 3 19 99 0 93 73 35 60 15 81 13 87 64 86 79 3 10 76 31 33 20 68 77 31 71 9 18 75 67 49 66 17 33 18 78 59 12 67 34 8 7 5 63 1 22 21 38 51 59 82 79 7 47 13 62 50 52 28 60 15 22 88 54 14 75 35 50 71 24 54 52 13 71 11 99 5 97 12 75 38 32 44 95 38 87 1 39 26 23 45 94 47 86 14 32 47 82 67 37 53 35 32 14 48 19 26 64 87 6 24 20 31 5 8 52 99 67 65 28 96 56 1 44 44 91 63 65 5 
2 78 74 97 2 28 72 17 64 67 68 7 15 15 76 58 39 60 25 32 82 7 1 19 72 77 11 78 53 50 52 46 26 66 97 8 93 0 7 25 24 28 31 69 26 94 51 68 3 99 86 57 19 13 25 38 70 65 59 1 65 14 22 38 99 15 18 91 90 23 21 51 73 49 11 24 97 66 13 21 86 22 47 32 27 35 59 91 83 70 15 80 84 79 63 26 68 18 20 55 38 1 81 62 62 4 17 54 78 25 65 20 72 63 54 5 5 72 84 70 80 61 98 54 33 88 7 3 41 6 22 4 12 80 68 7 76 47 17 64 5 20 41 38 63 59 6 80 87 75 45 11 7 33 41 9 67 96 73 58 25 
1 92 53 62 49 34 88 59 72 78 82 25 31 61 89 46 84 94 40 2 33 75 35 60 95 93 51 25 57 38 30 65 65 48 63 33 73 7 0 95 34 48 95 53 92 12 37 7 61 30 50 56 7 41 64 8 76 27 56 32 83 96 55 78 77 7 96 91 79 58 14 84 24 21 66 91 85 55 67 84 88 38 17 8 81 69 16 16 83 21 48 21 59 10 97 56 60 89 8 26 10 11 37 40 21 83 76 29 99 41 86 84 6 11 49 61 68 60 34 22 77 84 7 22 15 42 66 79 69 39 92 54 81 95 13 90 78 61 58 52 15 68 49 55 10 23 34 99 57 81 15 32 20 43 32 74 28 62 15 54 41 
61 50 90 16 89 73 78 78 7 27 60 1 11 67 35 86 21 83 76 65 94 36 77 91 25 27 78 43 26 52 20 54 87 87 10 11 35 25 95 0 91 44 12 74 73 32 52 59 16 49 4 26 65 29 69 60 60 84 78 5 70 67 74 44 88 84 74 79 63 5 73 41 98 13 19 55 36 20 32 10 71 30 33 86 95 87 85 84 12 85 97 96 83 29 90 37 18 96 22 11 80 62 40 89 91 72 84 46 13 20 45 20 85 64 42 64 31 52 12 54 32 75 92 69 11 21 88 73 78 1 39 89 48 6 47 75 72 94 58 18 47 38 88 88 74 4 51 64 64 61 53 49 52 7 64 94 2 25 23 89 49 
82 48 28 75 23 69 63 43 22 25 67 49 86 96 15 26 25 81 40 32 15 37 9 30 81 50 20 11 80 22 3 86 67 26 24 69 60 24 34 91 0 35 23 40 19 64 75 89 18 8 28 87 79 3 51 17 44 80 12 78 14 95 39 1 72 27 93 77 95 89 55 17 63 74 57 54 40 19 65 79 69 59 51 54 44 48 51 48 88 95 55 75 66 4 45 12 53 57 41 15 39 98 14 47 62 6 62 15 78 66 93 48 77 14 6 23 42 7 16 31 47 93 33 19 30 72 4 1 51 70 41 36 52 16 50 9 68 66 35 35 86 39 3 46 59 18 34 93 9 45 6 10 42 51 74 78 63 8 33 80 67 
9 78 44 13 35 40 49 36 65 18 16 81 5 40 60 74 72 99 7 19 31 74 24 78 38 89 46 66 37 1 37 44 19 20 41 45 15 28 48 44 35 0 42 78 77 49 92 14 76 2 33 28 10 37 8 55 12 90 37 81 59 77 64 24 33 66 80 76 74 63 18 87 66 6 77 60 45 93 30 57 57 68 54 18 13 53 83 94 20 61 58 34 62 89 74 80 33 61 71 19 35 74 39 72 23 16 55 28 24 27 12 61 31 62 98 74 45 81 24 65 72 18 65 13 85 39 77 38 38 84 44 88 78 14 44 91 28 47 69 5 99 32 59 90 42 64 97 83 55 88 40 72 37 40 71 17 11 26 48 12 79 
89 41 2 19 95 33 1 76 51 88 62 29 8 72 89 75 28 93 69 67 39 39 62 10 64 33 35 86 5 32 23 51 87 5 77 99 81 31 95 12 23 42 0 64 44 94 42 24 34 89 47 26 46 31 95 87 26 97 38 7 23 30 84 32 88 98 54 16 84 87 16 79 36 7 2 9 83 12 79 81 93 40 7 27 74 77 65 35 27 83 39 92 9 19 25 6 56 46 3 25 48 58 40 80 38 52 10 38 9 70 16 57 67 38 23 76 19 7 78 72 35 41 53 25 50 7 33 67 13 59 87 33 49 46 56 33 27 16 60 57 31 67 28 94 21 49 39 23 65 62 85 88 68 70 67 8 16 26 95 63 28 
14 79 83 31 22 98 43 29 91 2 65 89 55 8 34 7 38 39 40 16 97 72 28 24 61 26 36 54 83 94 57 43 92 53 98 82 13 69 53 74 40 78 64 0 94 19 91 85 74 80 37 1 13 24 98 10 47 87 76 75 6 70 43 4 34 77 21 58 2 67 80 78 62 78 79 86 51 86 17 2 22 58 23 17 68 38 61 79 81 91 1 38 77 81 82 8 61 93 24 13 51 16 64 9 3 43 18 16 51 26 64 52 55 28 45 59 80 5 12 37 22 93 10 91 22 13 46 98 29 40 3 48 71 51 19 92 93 37 83 74 57 66 5 48 39 80 76 19 50 64 71 55 43 70 42 21 17 1 40 68 36 
48 46 95 60 69 8 40 86 10 46 20 2 60 17 25 3 96 11 47 44 88 57 16 91 82 99 8 21 95 19 99 14 99 71 7 80 87 26 92 73 19 77 44 94 0 22 87 52 91 65 4 9 60 2 10 62 25 38 96 71 52 83 84 74 6 58 19 46 63 87 79 87 67 51 22 94 73 71 77 81 37 69 37 77 45 48 45 52 21 3 47 77 37 46 15 25 85 72 31 94 96 12 51 73 69 95 80 63 49 83 36 13 82 32 71 3 71 86 26 25 53 37 2 90 52 96 63 42 68 67 43 55 53 72 31 29 24 10 9 46 94 46 70 21 92 8 18 64 40 62 57 50 43 44 96 86 90 59 98 22 27 
73 88 97 6 68 34 4 35 93 59 45 74 85 67 4 31 83 88 22 40 1 72 12 9 50 53 72 14 12 40 95 8 99 5 80 98 64 94 12 32 64 49 94 19 22 0 23 91 52 59 98 71 28 4 32 11 54 44 25 23 88 16 76 68 24 55 59 67 16 92 27 25 6 27 45 94 81 82 68 58 66 1 12 34 19 61 6 6 72 15 81 26 55 19 85 45 59 71 96 49 11 91 47 73 33 29 76 4 53 34 82 56 91 20 64 12 4 40 31 23 78 63 65 57 72 36 53 47 9 81 61 4 23 32 96 96 56 11 79 56 19 95 88 78 16 90 55 63 75 51 78 56 67 37 63 37 14 66 53 27 73 
31 17 27 17 49 63 58 45 68 22 88 22 99 62 42 78 17 66 68 21 38 68 86 92 79 61 2 27 43 45 59 1 37 23 35 20 86 51 37 52 75 92 42 91 87 23 0 90 93 92 48 99 13 54 43 17 49 21 8 85 24 77 38 16 5 16 9 49 37 67 78 19 45 39 12 30 97 74 6 94 31 45 2 39 5 33 86 71 61 4 13 68 12 14 29 4 98 71 29 75 90 16 42 14 2 52 77 84 72 56 10 81 8 28 45 6 47 79 96 70 51 65 88 61 33 88 28 45 45 44 25 19 76 80 1 55 47 95 2 20 71 71 35 63 10 5 63 49 47 49 91 81 11 71 26 20 9 65 3 73 65 
72 29 85 96 19 15 44 93 86 18 62 1 42 70 31 79 55 96 74 2 67 50 54 15 12 78 4 7 23 50 22 6 49 63 81 50 79 68 7 59 89 14 24 85 52 91 90 0 94 20 74 67 32 66 65 69 46 92 94 23 98 55 62 48 25 24 27 34 84 95 41 19 15 39 64 7 72 53 15 44 80 84 41 22 61 97 23 49 86 72 96 38 85 67 57 51 66 89 21 1 76 15 94 27 72 91 75 27 6 99 76 68 16 78 25 27 57 79 2 22 79 1 91 61 75 53 88 44 64 29 59 92 13 95 14 9 70 27 64 4 5 35 60 8 76 41 20 69 28 88 6 1 83 45 54 55 89 68 30 22 37 
4 46 31 97 98 78 54 83 34 57 22 77 36 51 23 92 97 89 25 1 43 62 91 88 1 6 47 32 85 45 35 14 15 60 7 67 3 3 61 16 18 76 34 74 91 52 93 94 0 40 54 64 17 96 72 77 63 73 22 74 19 83 55 75 74 4 31 79 70 99 97 17 33 49 18 24 76 94 92 65 89 64 71 60 96 28 55 36 30 29 33 54 98 78 81 77 84 4 89 70 58 89 81 48 19 35 70 77 85 33 27 1 75 20 45 29 4 53 93 58 9 62 11 20 28 99 7 36 54 9 22 87 31 96 69 13 52 23 21 94 33 91 96 2 38 25 83 1 7 68 82 5 13 15 59 5 85 94 50 22 41 
71 68 65 61 12 44 44 9 72 34 1 33 57 59 54 97 53 60 72 46 62 83 48 48 48 47 62 84 29 24 40 9 41 41 33 62 10 99 30 49 8 2 89 80 65 59 92 20 40 0 82 18 67 54 47 33 9 33 75 32 60 50 12 12 55 9 10 73 90 96 73 48 74 77 12 70 58 95 45 4 22 65 32 44 37 87 60 16 40 69 2 15 83 78 69 32 57 38 30 48 70 6 35 28 64 63 12 59 9 54 37 75 13 27 77 3 86 71 21 48 47 1 53 98 6 17 45 30 49 51 87 18 97 58 33 79 2 22 95 1 77 22 85 92 80 53 57 67 92 89 79 96 57 10 12 85 60 14 49 33 46 
22 67 23 44 12 62 75 31 9 44 64 41 14 80 97 43 74 74 33 83 19 99 61 73 24 65 7 50 57 37 55 39 46 70 13 51 76 86 50 4 28 33 47 37 4 98 48 74 54 82 0 20 84 34 84 47 55 73 66 72 57 34 54 60 74 69 50 36 69 72 52 97 7 85 5 24 22 36 60 40 67 61 34 9 4 69 7 8 68 30 95 78 98 37 75 30 91 56 50 82 46 11 16 71 24 37 25 70 26 73 99 77 79 45 97 12 11 84 94 53 31 31 63 22 23 43 57 96 93 38 44 86 96 73 95 2 17 27 2 98 53 60 54 80 56 76 96 85 29 55 14 8 16 84 35 52 44 91 76 79 52 
50 79 99 32 53 86 99 65 52 76 95 82 12 15 92 19 6 96 13 30 1 84 89 38 82 11 4 66 33 82 29 67 79 71 71 26 31 57 56 26 87 28 26 1 9 71 99 67 64 18 20 0 58 30 69 61 50 81 3 4 79 88 73 26 40 10 44 57 65 10 2 82 16 87 84 80 64 93 6 82 65 28 19 16 12 71 92 52 6 69 21 53 60 37 3 69 27 22 45 43 43 49 54 5 17 50 21 20 34 65 85 46 35 36 89 25 61 13 82 37 39 16 86 90 84 43 90 67 97 75 40 95 1 11 33 2 88 27 36 40 31 7 66 80 55 59 45 82 17 92 62 77 84 85 3 87 35 77 86 44 23 
58 47 53 45 77 37 98 78 34 99 85 84 53 78 92 84 67 92 87 27 46 86 30 42 91 98 9 55 59 90 12 60 64 24 96 41 33 19 7 65 79 10 46 13 60 28 13 32 17 67 84 58 0 72 22 80 98 48 60 72 64 36 30 54 35 14 70 48 91 6 55 98 33 13 28 92 99 70 18 31 34 58 14 3 74 35 52 16 8 72 77 13 22 67 10 37 60 72 46 34 92 78 34 74 98 85 39 71 86 37 95 13 43 69 26 89 95 41 82 87 58 57 82 54 3 13 6 29 22 47 90 94 23 98 51 98 15 82 69 82 22 4 90 73 51 52 20 53 20 60 24 59 77 36 73 71 31 81 90 52 63 
4 1 4 25 69 13 76 19 62 3 2 31 67 13 83 90 81 35 66 8 83 88 84 90 13 2 37 1 87 70 60 98 1 77 52 25 20 13 41 29 3 37 31 24 2 4 54 66 96 54 34 30 72 0 50 44 13 97 51 33 35 55 84 91 46 46 9 53 79 90 22 64 32 6 72 8 39 9 60 94 72 94 98 83 2 67 43 99 47 60 59 58 16 83 44 11 61 59 51 67 65 34 68 53 59 48 91 24 15 8 32 63 78 4 19 9 45 94 90 68 26 88 21 1 38 72 87 74 26 33 91 32 99 64 10 33 67 69 77 65 35 2 25 65 17 5 87 78 24 72 81 22 94 61 48 99 19 83 15 28 62 
69 30 71 63 46 54 60 39 8 97 85 88 22 12 98 89 95 51 8 53 95 48 51 31 57 57 85 51 69 75 3 67 55 32 46 56 68 25 64 69 51 8 95 98 10 32 43 65 72 47 84 69 22 50 0 27 69 80 85 76 60 9 3 81 25 63 33 61 96 45 21 86 92 90 8 19 49 77 37 63 55 31 3 4 7 66 77 11 36 67 66 76 32 56 20 85 71 45 67 56 86 96 60 63 77 81 96 13 81 19 19 9 60 47 72 98 75 65 78 79 47 2 36 83 66 7 49 64 12 87 82 59 95 28 31 18 59 44 72 47 36 7 19 45 41 82 48 41 75 73 58 59 85 4 30 58 45 26 61 9 49 
25 64 13 80 65 27 67 12 60 91 61 54 82 80 37 57 51 52 3 4 72 1 70 40 82 73 49 82 67 86 4 6 21 59 18 3 77 38 8 60 17 55 87 10 62 11 17 69 77 33 47 61 80 44 27 0 26 29 46 75 54 24 19 97 81 19 95 24 92 37 16 15 66 78 31 54 61 68 85 96 85 86 64 69 69 22 27 44 38 5 34 41 45 95 32 57 57 99 85 15 28 19 77 13 25 55 49 48 44 62 8 20 47 20 80 59 95 61 54 14 31 29 3 76 93 44 30 91 80 48 35 29 10 53 25 73 89 88 1 24 17 15 90 44 7 76 37 42 22 2 85 35 88 86 72 15 83 4 10 45 26 
44 76 40 22 90 83 75 57 42 84 77 34 95 96 7 43 3 83 97 22 71 66 39 6 29 92 82 38 23 69 87 26 85 28 88 87 31 70 76 60 44 12 26 47 25 54 49 46 63 9 55 50 98 13 69 26 0 49 88 70 94 78 35 76 40 28 14 46 90 19 2 38 69 21 31 84 97 89 12 42 76 73 6 87 44 38 98 76 40 94 34 15 78 97 18 73 83 97 37 63 13 80 58 84 24 86 32 20 96 52 69 16 39 55 68 44 33 73 34 93 37 13 55 89 36 92 95 11 97 88 68 31 67 39 31 45 65 90 17 99 76 68 32 1 24 84 78 90 10 28 40 91 18 76 63 38 61 44 42 39 17 
77 36 84 20 41 13 92 53 28 27 23 83 35 35 39 5 90 83 21 84 97 22 84 34 36 57 15 77 3 62 11 89 24 73 87 6 71 65 27 84 80 90 97 87 38 44 21 92 73 33 73 81 48 97 80 29 49 0 84 85 89 19 66 10 15 56 31 8 83 4 22 74 23 13 16 91 47 37 30 72 42 41 75 73 60 58 2 21 98 18 33 2 87 82 35 47 41 22 65 89 19 18 51 17 32 20 80 96 41 31 54 66 51 85 4 29 16 74 42 42 52 44 65 75 48 84 30 77 54 2 90 71 36 4 4 7 7 88 36 61 30 77 76 42 8 42 32 34 15 89 91 68 11 77 50 20 21 55 74 71 39 
27 54 49 78 8 26 6 84 52 27 15 23 62 7 99 12 33 52 4 80 54 22 75 75 81 22 16 71 74 44 28 7 56 31 85 10 9 59 56 78 12 37 38 76 96 25 8 94 22 75 66 3 60 51 85 46 88 84 0 36 51 53 42 93 99 13 84 59 29 71 43 25 5 91 25 86 74 29 88 98 57 15 10 20 65 73 1 93 95 38 42 30 56 50 19 16 58 60 89 86 41 89 73 97 83 33 61 42 60 62 83 38 23 48 88 14 24 74 28 3 54 9 6 81 11 71 41 66 36 73 66 52 40 68 28 52 37 69 8 27 39 9 82 11 64 16 80 59 22 6 2 15 81 35 36 86 39 58 8 57 81 
53 94 62 34 8 2 27 77 41 53 25 4 92 70 32 25 8 92 86 63 1 40 96 20 9 87 49 21 2 47 2 16 60 19 7 95 18 1 32 5 78 81 7 75 71 23 85 23 74 32 72 4 72 33 76 75 70 85 36 0 18 45 86 77 72 85 88 53 34 39 80 30 5 60 32 78 9 92 29 94 88 82 6 68 94 52 94 48 88 41 18 37 48 52 26 76 87 66 12 91 17 90 73 67 32 7 14 39 86 5 30 21 93 55 61 23 30 84 30 85 61 40 50 79 67 26 66 60 94 99 80 61 50 72 55 70 43 16 37 39 43 40 52 51 11 13 57 72 75 94 99 91 1 84 26 22 69 41 2 7 15 
81 34 71 5 34 42 68 69 72 56 47 35 86 86 63 23 90 25 95 70 43 77 48 94 17 38 44 55 34 54 62 75 41 57 58 81 75 65 83 70 14 59 23 6 52 88 24 98 19 60 57 79 64 35 60 54 94 89 51 18 0 21 34 74 67 26 48 98 2 22 62 62 20 10 20 44 13 79 79 38 75 8 7 64 98 90 83 88 92 1 16 72 31 82 88 53 48 54 49 63 12 11 54 51 71 53 64 50 18 45 29 96 89 50 43 38 23 88 86 20 5 40 24 27 11 20 43 64 90 34 86 64 57 89 26 85 54 35 60 45 22 94 90 59 60 8 71 71 50 13 4 82 3 42 43 19 36 64 60 33 94 
42 3 14 40 59 56 32 26 46 8 33 50 61 45 48 7 86 56 36 68 41 61 6 38 7 73 44 16 81 75 71 60 38 45 58 26 67 14 96 67 95 77 30 70 83 16 77 55 83 50 34 88 36 55 9 24 78 19 53 45 21 0 58 28 77 89 8 6 88 43 65 78 74 46 4 70 77 97 99 27 54 78 8 31 65 71 72 23 48 65 92 97 98 75 36 10 38 10 48 30 25 63 10 91 70 55 49 55 85 38 2 49 97 11 27 24 68 69 45 74 92 44 83 58 42 4 73 2 51 65 29 20 35 27 73 87 26 24 62 4 54 22 84 95 30 17 23 17 60 33 43 30 17 44 16 18 69 5 21 77 31 
83 85 37 68 8 56 12 70 95 63 81 89 93 71 63 5 37 69 18 9 40 3 60 90 22 75 58 46 8 13 13 20 3 37 84 54 49 22 55 74 39 64 84 43 84 76 38 62 55 12 54 73 30 84 3 19 35 66 42 86 34 58 0 95 67 72 3 97 23 26 55 29 30 19 98 36 61 78 26 69 52 42 26 55 92 99 96 80 98 48 11 63 61 99 64 71 6 88 49 73 79 56 42 98 89 30 38 1 95 1 76 16 51 6 65 4 84 77 50 79 64 20 74 91 58 48 68 66 11 1 95 8 57 12 51 16 32 62 56 13 82 62 48 72 36 37 96 98 65 24 93 1 66 97 90 75 78 89 88 49 5 
16 84 24 35 35 65 4 32 10 32 71 71 99 73 35 80 67 66 18 73 25 41 12 16 35 93 86 30 64 36 31 51 35 60 73 72 66 38 78 44 1 24 32 4 74 68 16 48 75 12 60 26 54 91 81 97 76 10 93 77 74 28 95 0 57 4 74 73 72 14 76 63 43 81 32 47 71 30 18 48 38 13 62 61 33 58 33 86 23 10 44 70 98 39 5 38 74 6 34 75 18 9 16 30 53 17 36 66 21 99 39 91 13 5 63 68 54 10 26 22 35 24 21 50 99 53 98 40 3 98 50 99 21 7 70 32 4 96 32 12 22 42 2 59 86 99 23 43 9 21 71 55 52 15 77 3 63 76 28 8 42 
65 49 23 35 5 16 55 60 89 80 55 38 92 13 72 29 74 38 56 44 41 78 36 13 48 15 68 71 70 18 68 23 70 89 7 66 17 99 77 88 72 33 88 34 6 24 5 25 74 55 74 40 35 46 25 81 40 15 99 72 67 77 67 57 0 22 44 20 80 74 94 39 39 44 10 2 88 18 15 58 94 20 42 43 79 96 42 81 23 40 88 8 29 32 4 95 77 15 68 56 69 94 52 35 42 28 18 27 65 51 54 84 22 9 10 13 17 74 26 64 12 48 20 75 26 43 44 98 81 55 83 39 20 7 5 94 58 4 91 91 10 6 93 57 99 71 92 30 53 45 87 5 37 11 87 84 23 55 50 85 4 
69 55 67 43 6 93 2 63 47 93 25 34 75 47 43 54 12 58 44 96 93 44 52 98 46 15 47 15 6 12 80 3 44 57 88 56 33 15 7 84 27 66 98 77 58 55 16 24 4 9 69 10 14 46 63 19 28 56 13 85 26 89 72 4 22 0 54 27 33 1 16 79 54 29 25 83 16 59 26 67 1 61 86 68 18 50 80 74 19 41 92 78 95 62 81 84 4 2 45 38 63 63 22 25 97 60 8 58 97 79 28 32 97 46 38 59 43 29 96 21 23 40 2 1 13 28 6 55 66 26 8 6 59 99 20 68 62 30 98 90 62 50 96 52 73 12 74 43 99 79 98 83 60 67 34 7 39 11 17 33 14 
26 33 93 79 62 41 14 30 59 77 78 13 9 83 21 31 36 98 53 90 73 84 85 65 43 50 51 14 43 5 62 76 91 84 19 64 18 18 96 74 93 80 54 21 19 59 9 27 31 10 50 44 70 9 33 95 14 31 84 88 48 8 3 74 44 54 0 86 39 16 91 2 48 96 63 69 36 2 85 76 38 57 62 27 14 79 27 31 46 72 96 81 15 88 39 57 90 16 76 32 55 59 41 35 70 31 3 14 89 17 33 17 91 60 64 30 94 74 35 29 56 72 46 50 42 41 45 96 5 58 12 55 24 46 61 7 38 72 44 8 20 44 30 62 67 65 21 36 75 2 97 78 26 49 91 88 95 41 81 44 49 
99 29 96 83 51 61 60 67 22 47 90 38 76 8 91 22 43 88 96 77 32 60 74 1 26 89 3 77 16 88 58 76 41 57 31 8 78 91 91 79 77 76 16 58 46 67 49 34 79 73 36 57 48 53 61 24 46 8 59 53 98 6 97 73 20 27 86 0 29 59 14 25 36 30 43 8 66 79 43 24 25 27 15 74 47 15 36 22 67 79 25 85 24 10 95 47 97 90 1 24 64 24 8 29 65 49 15 77 71 30 50 73 35 20 97 25 94 20 91 1 79 85 58 67 29 83 6 64 71 5 30 69 38 99 45 54 50 14 27 74 71 96 44 5 12 49 11 51 94 96 2 53 59 68 97 57 58 72 93 71 1 
88 56 54 39 77 71 57 33 55 88 36 80 82 30 51 28 40 45 26 73 5 67 13 70 36 46 1 82 36 27 8 51 84 2 7 69 59 90 79 63 95 74 84 2 63 16 37 84 70 90 69 65 91 79 96 92 90 83 29 34 2 88 23 72 80 33 39 29 0 40 3 19 73 41 31 52 58 63 44 14 35 36 17 63 96 86 97 66 66 67 85 70 79 65 43 29 1 95 56 25 27 4 19 12 86 96 11 66 91 13 8 60 52 77 23 34 19 37 47 23 33 54 44 95 31 31 16 97 33 85 41 32 35 66 35 75 16 92 9 18 76 61 72 25 90 34 65 80 48 90 34 68 53 94 54 79 68 98 58 81 54 
8 83 10 49 46 50 82 72 1 71 58 66 28 61 23 6 53 58 90 59 30 79 36 51 76 87 82 48 47 66 43 42 61 49 88 87 12 23 58 5 89 63 87 67 87 92 67 95 99 96 72 10 6 90 45 37 19 4 71 39 22 43 26 14 74 1 16 59 40 0 28 99 47 54 56 70 20 73 91 90 10 16 93 36 67 9 89 96 80 70 85 55 37 85 81 9 8 25 79 9 10 94 81 91 13 67 30 67 25 38 62 86 47 91 49 31 68 20 44 2 88 81 82 32 16 89 71 4 69 49 54 35 75 24 10 10 83 9 72 42 88 47 75 70 98 98 56 60 2 9 64 80 79 48 93 62 13 36 35 17 99 
27 32 42 82 97 51 9 61 20 70 32 7 26 83 3 36 94 42 30 69 36 86 17 48 27 31 59 44 82 17 4 9 46 9 14 40 67 21 14 73 55 18 16 80 79 27 78 41 97 73 52 2 55 22 21 16 2 22 43 80 62 65 55 76 94 16 91 14 3 28 0 12 16 82 89 75 46 76 78 95 6 49 69 69 54 49 11 47 1 87 62 62 46 55 94 16 64 17 66 40 98 37 85 21 67 46 46 66 78 8 39 20 53 60 33 29 25 39 89 73 91 94 68 79 86 2 43 54 3 12 75 61 92 90 42 11 57 14 78 19 26 3 97 1 98 87 29 91 3 2 85 94 57 7 66 6 10 18 88 18 13 
26 29 58 6 22 33 39 94 20 56 40 80 87 74 64 73 85 33 52 59 36 51 10 19 54 84 19 76 24 76 54 48 19 55 54 58 34 51 84 41 17 87 79 78 87 25 19 19 17 48 97 82 98 64 86 15 38 74 25 30 62 78 29 63 39 79 2 25 19 99 12 0 76 6 10 44 1 86 89 18 64 27 29 88 2 78 34 81 16 48 78 74 38 25 26 5 16 95 55 26 33 48 8 59 47 76 62 49 68 81 5 58 55 19 98 49 27 27 25 64 33 43 31 3 80 26 11 29 15 33 7 72 96 44 36 46 93 29 28 16 10 95 32 54 71 22 67 61 38 98 58 72 92 58 96 91 21 95 6 2 27 
23 95 89 92 93 91 5 73 86 93 15 93 37 47 1 83 21 28 68 82 49 23 85 69 88 78 46 63 21 26 90 84 69 24 62 74 8 73 24 98 63 66 36 62 67 6 45 15 33 74 7 16 33 32 92 66 69 23 5 5 20 74 30 43 39 54 48 36 73 47 16 76 0 8 62 4 30 22 89 60 92 99 59 13 17 3 1 72 32 43 59 29 93 41 32 75 35 41 26 57 74 77 2 13 54 85 61 45 40 56 90 68 65 42 96 47 19 46 87 94 11 34 57 32 4 21 35 67 96 25 75 40 73 88 7 34 52 84 23 17 16 82 70 70 66 78 64 56 97 70 52 55 10 17 53 26 22 58 26 50 52 
10 75 94 9 72 21 71 28 28 99 94 4 15 87 93 49 74 56 48 64 31 38 59 68 75 72 66 26 5 64 13 28 27 94 41 78 7 49 21 13 74 6 7 78 51 27 39 39 49 77 85 87 13 6 90 78 21 13 91 60 10 46 19 81 44 29 96 30 41 54 82 6 8 0 47 95 90 33 38 39 4 3 38 6 7 63 87 90 44 25 95 67 36 88 87 64 17 95 28 44 11 83 45 37 8 77 43 44 16 75 32 49 87 11 22 92 24 45 25 27 86 27 43 97 18 76 18 43 53 54 74 88 97 41 7 1 4 80 94 33 35 28 13 84 94 91 6 58 51 35 86 45 96 28 71 90 18 49 66 20 64 
68 9 77 41 93 53 77 98 98 88 49 33 4 85 6 52 8 64 21 93 48 14 49 67 67 59 28 26 24 25 75 10 61 54 39 39 5 11 66 19 57 77 2 79 22 45 12 64 18 12 5 84 28 72 8 31 31 16 25 32 20 4 98 32 10 25 63 43 31 56 89 10 62 47 0 27 33 2 85 16 79 83 56 53 57 23 58 76 64 32 44 96 35 76 97 57 2 50 86 41 65 51 57 33 63 85 24 71 89 42 39 27 2 1 37 37 42 89 17 69 54 22 93 24 92 50 52 70 54 1 61 13 20 28 13 88 17 70 97 90 33 95 91 79 7 43 13 33 90 72 75 91 99 79 36 2 30 92 32 42 42 
24 33 83 70 26 39 74 94 22 86 14 86 93 98 73 95 53 81 72 53 1 16 22 75 78 63 97 73 26 17 76 71 46 71 17 32 63 24 91 55 54 60 9 86 94 94 30 7 24 70 24 80 92 8 19 54 84 91 86 78 44 70 36 47 2 83 69 8 52 70 75 44 4 95 27 0 4 66 63 70 7 69 7 46 50 41 52 89 14 24 42 36 19 70 15 61 88 67 23 73 28 11 56 21 71 26 95 25 88 13 70 19 45 12 47 15 51 76 65 88 30 64 67 8 1 18 46 61 11 39 53 10 13 42 24 71 58 76 24 55 91 2 51 75 9 65 70 76 97 87 14 29 62 78 98 30 64 57 86 63 97 
28 9 12 6 98 66 6 69 95 75 20 45 85 48 53 25 70 92 80 38 80 85 48 70 61 43 84 43 47 80 60 19 59 24 48 77 1 97 85 36 40 45 83 51 73 81 97 72 76 58 22 64 99 39 49 61 97 47 74 9 13 77 61 71 88 16 36 66 58 20 46 1 30 90 33 4 0 8 28 63 74 18 86 86 93 61 31 20 8 3 44 59 17 49 29 63 99 7 75 60 53 9 5 44 75 51 96 22 11 65 67 69 52 91 96 6 37 37 44 66 68 26 28 3 47 27 78 45 79 84 78 47 30 49 64 13 60 46 49 67 13 45 69 64 8 4 30 87 63 63 36 8 43 56 76 97 66 88 49 2 58 
38 85 37 8 2 81 80 39 19 16 16 30 73 89 10 77 58 77 9 48 8 47 72 56 53 19 59 62 32 85 35 79 24 43 39 60 22 66 55 20 19 93 12 86 71 82 74 53 94 95 36 93 70 9 77 68 89 37 29 92 79 97 78 30 18 59 2 79 63 73 76 86 22 33 2 66 8 0 81 53 46 96 22 90 74 8 1 15 34 59 79 68 48 54 23 95 58 18 17 7 34 95 16 49 53 95 18 53 31 3 38 51 57 91 67 66 87 6 15 12 43 79 15 85 1 4 60 72 93 49 10 8 24 23 99 7 33 88 69 83 97 12 26 89 94 96 16 94 72 80 68 70 6 42 61 86 18 39 93 2 16 
58 78 17 79 14 58 85 61 68 15 98 47 44 74 95 41 63 57 24 52 53 39 57 66 50 59 21 45 26 57 70 70 2 69 98 82 21 13 67 32 65 30 79 17 77 68 6 15 92 45 60 6 18 60 37 85 12 30 88 29 79 99 26 18 15 26 85 43 44 91 78 89 89 38 85 63 28 81 0 50 24 41 36 75 41 36 50 29 87 31 40 16 89 40 34 81 23 65 87 77 7 11 80 29 47 24 44 62 44 65 1 75 97 1 1 32 75 41 12 72 60 76 6 20 31 95 45 26 70 32 75 30 91 5 59 79 85 85 28 65 1 3 6 19 62 73 65 43 74 89 51 67 48 95 6 41 92 34 80 6 78 
84 51 31 38 39 53 60 98 36 57 42 68 9 77 98 86 90 27 61 24 10 90 52 82 37 76 97 45 19 20 51 62 41 62 1 28 38 21 84 10 79 57 81 2 81 58 94 44 65 4 40 82 31 94 63 96 42 72 98 94 38 27 69 48 58 67 76 24 14 90 95 18 60 39 16 70 63 53 50 0 67 31 16 45 33 76 45 5 16 11 14 72 54 14 57 23 59 48 64 51 25 48 19 83 15 15 83 20 35 77 67 39 72 54 12 64 41 15 25 80 68 73 31 31 98 86 14 70 82 78 5 26 60 27 24 62 39 89 83 85 14 89 91 73 48 52 98 64 29 28 60 95 79 60 51 11 92 85 23 38 30 
39 80 85 79 86 90 32 10 96 88 36 67 56 88 12 29 84 63 57 71 25 55 68 51 61 13 44 54 12 34 98 84 14 31 66 90 51 86 88 71 69 57 93 22 37 66 31 80 89 22 67 65 34 72 55 85 76 42 57 88 75 54 52 38 94 1 38 25 35 10 6 64 92 4 79 7 74 46 24 67 0 13 21 67 53 16 3 42 58 2 98 63 46 44 4 48 88 5 40 69 6 72 60 8 34 58 90 58 72 29 48 5 62 52 2 91 75 25 41 97 37 52 88 84 68 3 68 65 28 21 28 15 18 77 92 11 90 59 75 8 40 3 68 57 44 98 33 61 25 2 26 64 15 11 59 48 39 14 76 43 43 
9 42 58 34 28 20 91 68 30 2 26 29 18 46 99 41 17 54 10 1 52 28 4 49 96 29 85 33 54 66 93 36 78 73 49 40 59 22 38 30 59 68 40 58 69 1 45 84 64 65 61 28 58 94 31 86 73 41 15 82 8 78 42 13 20 61 57 27 36 16 49 27 99 3 83 69 18 96 41 31 13 0 55 41 97 57 99 70 1 17 51 49 12 79 15 32 33 83 99 73 45 27 30 96 33 59 11 28 84 46 3 54 45 78 98 32 80 17 32 51 90 8 60 51 15 90 58 44 43 95 78 29 55 69 39 61 27 98 20 94 60 20 36 90 92 21 69 41 76 79 15 48 74 15 1 65 24 89 69 46 52 
33 65 36 28 39 95 8 79 23 85 52 58 61 37 41 48 29 93 47 24 86 30 93 5 48 46 12 29 46 30 22 36 63 27 70 9 82 47 17 33 51 54 7 23 37 12 2 41 71 32 34 19 14 98 3 64 6 75 10 6 7 8 26 62 42 86 62 15 17 93 69 29 59 38 56 7 86 22 36 16 21 55 0 43 90 35 86 85 59 67 59 89 88 47 64 69 45 33 60 23 8 26 81 78 66 89 32 53 3 26 5 67 87 23 31 58 76 38 59 34 57 83 33 74 76 89 40 66 89 74 42 59 76 92 27 93 29 73 8 76 55 16 62 87 24 20 75 25 88 68 53 12 17 70 24 40 38 35 30 73 58 
35 84 42 52 85 65 67 64 57 76 35 85 33 88 92 24 46 23 61 23 92 49 51 51 70 50 99 6 7 39 86 57 52 36 32 4 79 32 8 86 54 18 27 17 77 34 39 22 60 44 9 16 3 83 4 69 87 73 20 68 64 31 55 61 43 68 27 74 63 36 69 88 13 6 53 46 86 90 75 45 67 41 43 0 96 4 16 3 4 23 86 14 84 11 57 93 41 40 45 67 75 77 29 67 14 11 65 63 75 3 24 56 50 10 81 12 5 33 88 6 55 94 49 3 52 29 86 30 61 47 18 49 93 43 12 35 91 20 18 92 3 88 94 98 68 12 70 60 17 71 4 39 40 64 74 11 80 15 32 97 98 
11 25 82 78 34 43 33 21 11 77 23 44 99 40 77 29 83 39 66 88 76 16 54 57 35 95 91 21 21 84 76 54 95 89 66 15 7 27 81 95 44 13 74 68 45 19 5 61 96 37 4 12 74 2 7 69 44 60 65 94 98 65 92 33 79 18 14 47 96 67 54 2 17 7 57 50 93 74 41 33 53 97 90 96 0 30 21 56 72 99 31 85 97 35 95 6 11 54 94 67 58 87 21 47 33 35 94 56 41 70 14 75 27 56 69 86 72 21 6 88 61 82 91 58 73 95 29 93 22 2 63 54 12 21 36 29 81 15 48 15 90 58 78 24 79 68 79 29 65 85 44 50 77 55 24 4 79 74 85 55 79 
24 21 3 31 2 48 47 36 43 91 34 95 84 38 88 85 82 21 63 60 15 74 88 79 62 23 47 62 6 54 44 23 48 95 1 99 47 35 69 87 48 53 77 38 48 61 33 97 28 87 69 71 35 67 66 22 38 58 73 52 90 71 99 58 96 50 79 15 86 9 49 78 3 63 23 41 61 8 36 76 16 57 35 4 30 0 30 49 41 81 87 38 2 9 48 90 77 85 11 31 95 15 14 83 25 33 17 79 53 25 86 9 69 50 12 11 18 12 34 90 40 78 62 67 51 77 84 72 6 33 61 42 79 84 7 38 41 15 38 29 40 80 77 55 77 16 75 43 56 64 61 7 62 46 81 91 15 72 88 10 85 
16 45 86 44 32 22 76 56 73 19 62 94 28 7 62 90 69 59 22 9 82 30 80 39 33 77 38 8 68 70 4 14 62 22 76 10 13 59 16 85 51 83 65 61 45 6 86 23 55 60 7 92 52 43 77 27 98 2 1 94 83 72 96 33 42 80 27 36 97 89 11 34 1 87 58 52 31 1 50 45 3 99 86 16 21 30 0 72 64 65 51 14 37 43 58 9 68 92 36 62 63 30 60 3 25 75 38 87 31 44 83 71 21 84 90 61 71 53 5 94 95 5 84 15 63 8 8 49 21 83 3 82 76 52 93 98 54 32 59 47 52 5 4 25 3 31 55 29 28 42 40 39 23 84 32 17 5 44 32 95 81 
88 16 94 47 39 98 83 29 32 63 79 21 96 44 3 38 68 44 14 3 62 52 93 11 48 57 89 52 12 92 85 49 58 61 77 76 62 91 16 84 48 94 35 79 52 6 71 49 36 16 8 52 16 99 11 44 76 21 93 48 88 23 80 86 81 74 31 22 66 96 47 81 72 90 76 89 20 15 29 5 42 70 85 3 56 49 72 0 26 36 44 65 65 98 32 24 61 22 74 25 12 98 25 8 43 90 66 59 79 59 13 18 35 80 9 34 56 21 13 65 36 13 17 49 35 84 72 46 21 55 20 88 27 90 98 80 87 7 69 22 45 50 97 12 43 62 18 18 44 5 20 6 51 33 42 84 13 12 28 60 89 
26 31 37 10 29 2 45 46 13 46 8 53 53 59 23 6 62 20 23 19 41 50 40 95 19 90 41 98 45 65 7 22 65 33 20 79 50 83 83 12 88 20 27 81 21 72 61 86 30 40 68 6 8 47 36 38 40 98 95 88 92 48 98 23 23 19 46 67 66 80 1 16 32 44 64 14 8 34 87 16 58 1 59 4 72 41 64 26 0 63 74 84 16 49 89 61 67 99 28 8 86 28 9 42 28 41 83 93 21 91 27 93 83 56 21 21 19 44 43 91 11 19 51 86 2 39 9 17 42 46 79 68 57 68 5 71 57 86 18 80 80 75 2 28 87 63 22 99 16 61 30 76 88 54 79 66 65 40 67 37 15 
72 92 47 68 76 90 65 93 83 66 33 32 51 2 83 24 84 46 28 4 13 89 81 25 92 39 7 51 45 20 2 8 98 91 85 82 52 70 21 85 95 61 83 91 3 15 4 72 29 69 30 69 72 60 67 5 94 18 38 41 1 65 48 10 40 41 72 79 67 70 87 48 43 25 32 24 3 59 31 11 2 17 67 23 99 81 65 36 63 0 96 43 3 61 36 51 86 51 82 92 7 72 13 9 17 19 56 49 31 6 66 36 50 92 34 43 86 36 16 52 37 9 38 31 86 42 77 64 95 42 56 83 12 23 49 28 73 4 36 49 80 45 45 8 28 54 35 38 45 30 9 97 70 9 65 90 28 63 80 81 69 
93 15 81 4 32 39 38 57 8 53 4 26 81 84 94 69 70 76 26 15 28 65 83 40 92 87 45 84 27 55 66 7 24 87 83 65 28 15 48 97 55 58 39 1 47 81 13 96 33 2 95 21 77 59 66 34 34 33 42 18 16 92 11 44 88 92 96 25 85 85 62 78 59 95 44 42 44 79 40 14 98 51 59 86 31 87 51 44 74 96 0 68 92 82 67 74 10 82 11 57 98 85 75 41 1 45 28 24 69 12 33 48 21 62 69 22 75 91 98 73 72 17 40 38 60 75 75 4 87 94 62 42 71 31 84 82 80 65 20 62 94 65 58 63 66 71 36 65 33 33 42 91 60 92 81 48 77 40 84 65 86 
75 20 28 68 52 13 48 52 88 29 68 64 92 30 99 21 39 38 18 80 45 14 83 59 74 12 31 22 86 76 97 78 2 19 64 74 60 80 21 96 75 34 92 38 77 26 68 38 54 15 78 53 13 58 76 41 15 2 30 37 72 97 63 70 8 78 81 85 70 55 62 74 29 67 96 36 59 68 16 72 63 49 89 14 85 38 14 65 84 43 68 0 69 70 26 68 16 9 93 99 66 40 32 84 26 84 23 99 76 33 62 50 94 97 95 7 24 21 88 90 4 62 49 59 32 59 25 39 73 17 8 67 20 44 97 90 74 4 11 33 2 98 76 96 96 79 36 54 43 79 39 88 24 13 5 95 1 90 43 56 95 
63 27 73 55 67 19 74 5 9 88 96 53 80 49 48 14 75 85 33 68 1 53 3 56 82 20 59 10 57 70 19 29 3 10 39 84 15 84 59 83 66 62 9 77 37 55 12 85 98 83 98 60 22 16 32 45 78 87 56 48 31 98 61 98 29 95 15 24 79 37 46 38 93 36 35 19 17 48 89 54 46 12 88 84 97 2 37 65 16 3 92 69 0 42 76 92 18 1 46 97 54 15 17 97 83 59 93 95 47 23 8 37 55 96 25 92 75 40 17 57 54 29 39 94 95 70 3 42 33 62 59 88 96 17 79 55 17 42 91 24 45 69 92 30 15 16 21 95 22 39 63 83 58 84 24 74 69 86 75 30 68 
47 87 29 98 68 78 91 80 62 39 58 60 27 56 30 57 64 35 94 35 55 95 31 1 13 89 34 78 81 71 54 44 68 30 55 16 22 79 10 29 4 89 19 81 46 19 14 67 78 78 37 37 67 83 56 95 97 82 50 52 82 75 99 39 32 62 88 10 65 85 55 25 41 88 76 70 49 54 40 14 44 79 47 11 35 9 43 98 49 61 82 70 42 0 56 27 9 51 61 75 5 20 54 95 27 48 63 60 69 47 29 1 24 96 18 93 73 43 15 52 35 47 6 61 54 62 24 23 98 58 9 32 32 57 38 36 41 30 77 12 28 19 64 3 19 23 13 6 89 20 13 25 53 54 4 34 75 35 24 61 1 
33 8 3 64 33 78 85 76 24 21 97 18 38 46 96 30 73 88 15 82 65 60 86 39 42 51 66 12 54 94 8 85 84 75 87 65 88 63 97 90 45 74 25 82 15 85 29 57 81 69 75 3 10 44 20 32 18 35 19 26 88 36 64 5 4 81 39 95 43 81 94 26 32 87 97 15 29 23 34 57 4 15 64 57 95 48 58 32 89 36 67 26 76 56 0 29 71 68 70 10 14 62 23 6 72 18 38 7 29 58 78 55 13 40 93 49 79 81 60 29 83 18 64 8 48 85 90 19 53 30 13 28 60 1 8 82 3 73 58 76 47 9 82 37 88 72 58 53 38 72 73 68 99 59 36 59 47 83 1 2 76 
89 54 14 81 75 89 16 32 35 98 47 23 25 9 99 29 13 59 86 65 17 35 48 94 58 75 22 68 38 23 71 71 5 31 13 53 54 26 56 37 12 80 6 8 25 45 4 51 77 32 30 69 37 11 85 57 73 47 16 76 53 10 71 38 95 84 57 47 29 9 16 5 75 64 57 61 63 95 81 23 48 32 69 93 6 90 9 24 61 51 74 68 92 27 29 0 88 42 99 22 20 37 55 49 72 64 18 22 25 8 75 66 16 41 6 16 10 93 8 7 51 90 17 65 43 93 15 99 43 44 41 88 87 51 27 92 11 34 67 40 37 47 54 63 40 94 38 2 97 37 97 89 49 20 75 33 84 1 20 55 92 
24 48 42 29 33 91 66 77 95 52 90 55 57 35 81 92 35 2 53 45 91 4 66 86 71 92 90 36 47 82 47 98 9 59 22 48 14 68 60 18 53 33 56 61 85 59 98 66 84 57 91 27 60 61 71 57 83 41 58 87 48 38 6 74 77 4 90 97 1 8 64 16 35 17 2 88 99 58 23 59 88 33 45 41 11 77 68 61 67 86 10 16 18 9 71 88 0 73 29 50 36 78 3 63 73 70 8 2 14 90 33 49 77 25 5 82 12 4 82 44 31 78 85 34 44 14 40 11 49 85 62 24 12 24 77 81 13 87 73 7 88 50 93 98 17 74 65 26 60 47 73 43 19 72 78 52 26 47 5 43 21 
56 61 37 38 98 84 53 53 4 60 22 14 41 30 2 55 25 41 26 43 18 65 42 96 3 91 58 38 12 29 26 29 78 40 19 27 75 18 89 96 57 61 46 93 72 71 71 89 4 38 56 22 72 59 45 99 97 22 60 66 54 10 88 6 15 2 16 90 95 25 17 95 41 95 50 67 7 18 65 48 5 83 33 40 54 85 92 22 99 51 82 9 1 51 68 42 73 0 36 79 1 69 20 21 1 9 89 72 79 37 51 60 9 62 8 88 27 77 21 3 4 30 17 17 6 49 71 44 7 54 54 59 2 64 29 65 87 16 59 58 24 2 49 74 14 72 73 15 38 71 92 72 33 9 4 6 48 66 31 44 76 
66 35 41 65 6 40 70 39 56 95 93 31 53 1 76 29 84 86 61 35 60 81 57 71 35 41 1 42 65 98 35 74 15 95 46 54 35 20 8 22 41 71 3 24 31 96 29 21 89 30 50 45 46 51 67 85 37 65 89 12 49 48 49 34 68 45 76 1 56 79 66 55 26 28 86 23 75 17 87 64 40 99 60 45 94 11 36 74 28 82 11 93 46 61 70 99 29 36 0 73 93 27 25 31 78 51 43 94 2 24 11 12 7 77 4 20 70 62 46 32 11 84 1 34 53 15 65 87 98 69 53 27 22 49 80 55 68 77 44 33 46 61 33 25 45 96 87 49 20 90 84 25 90 49 99 10 30 10 42 89 76 
78 33 19 38 1 99 67 84 69 65 85 24 39 80 2 64 35 38 84 79 91 93 42 74 81 60 78 10 57 74 56 90 14 26 60 17 50 55 26 11 15 19 25 13 94 49 75 1 70 48 82 43 34 67 56 15 63 89 86 91 63 30 73 75 56 38 32 24 25 9 40 26 57 44 41 73 60 7 77 51 69 73 23 67 67 31 62 25 8 92 57 99 97 75 10 22 50 79 73 0 47 67 77 74 77 99 41 41 9 45 1 14 51 90 98 47 19 14 34 83 37 75 94 93 37 79 70 36 64 96 31 94 1 8 69 37 40 17 39 33 88 58 61 30 51 54 74 82 6 85 29 70 85 62 34 93 41 83 74 45 58 
4 20 98 94 38 16 90 81 16 15 59 51 20 20 53 82 23 59 69 45 96 58 80 56 67 3 68 16 84 58 72 7 99 74 61 26 71 38 10 80 39 35 48 51 96 11 90 76 58 70 46 43 92 65 86 28 13 19 41 17 12 25 79 18 69 63 55 64 27 10 98 33 74 11 65 28 53 34 7 25 6 45 8 75 58 95 63 12 86 7 98 66 54 5 14 20 36 1 93 47 0 97 10 2 83 85 84 24 52 65 39 37 21 10 83 44 69 20 58 86 30 35 31 14 33 56 91 41 66 68 73 85 33 11 88 67 65 55 82 6 4 81 72 38 95 23 55 54 34 87 41 60 41 35 60 51 3 12 26 41 39 
1 68 39 19 73 38 29 75 25 98 65 22 45 5 93 61 90 8 90 61 38 1 45 16 88 9 16 94 23 51 64 54 7 74 13 8 24 1 11 62 98 74 58 16 12 91 16 15 89 6 11 49 78 34 96 19 80 18 89 90 11 63 56 9 94 63 59 24 4 94 37 48 77 83 51 11 9 95 11 48 72 27 26 77 87 15 30 98 28 72 85 40 15 20 62 37 78 69 27 67 97 0 43 56 60 17 33 28 42 84 40 37 83 70 60 77 34 96 17 86 69 9 35 13 39 37 34 93 80 53 31 6 73 67 66 28 72 26 57 26 37 19 27 57 57 82 28 73 82 28 79 2 34 82 17 30 9 91 47 16 2 
78 25 64 79 44 97 20 71 95 53 41 72 21 72 65 70 41 25 25 68 73 10 95 97 72 76 71 86 57 21 95 14 96 54 29 25 54 81 37 40 14 39 40 64 51 47 42 94 81 35 16 54 34 68 60 77 58 51 73 73 54 10 42 16 52 22 41 8 19 81 85 8 2 45 57 56 5 16 80 19 60 30 81 29 21 14 60 25 9 13 75 32 17 54 23 55 3 20 25 77 10 43 0 96 1 19 71 88 28 67 24 23 54 33 22 43 59 36 30 86 92 5 8 68 30 53 26 1 93 37 78 37 88 85 19 41 84 29 29 52 81 8 3 93 85 44 27 75 50 30 55 33 68 42 38 25 57 38 93 69 3 
7 84 47 71 25 37 18 27 63 45 79 4 64 2 76 84 88 25 58 43 84 91 80 50 15 72 4 77 77 30 12 73 69 76 12 5 52 62 40 89 47 72 80 9 73 73 14 27 48 28 71 5 74 53 63 13 84 17 97 67 51 91 98 30 35 25 35 29 12 91 21 59 13 37 33 21 44 49 29 83 8 96 78 67 47 83 3 8 42 9 41 84 97 95 6 49 63 21 31 74 2 56 96 0 73 44 54 95 82 30 29 69 75 60 50 68 21 25 23 1 7 3 19 26 16 32 63 19 62 55 89 29 63 4 83 80 31 2 62 37 29 73 24 57 12 39 65 77 39 88 3 85 41 29 82 22 38 95 64 40 89 
53 95 90 93 17 99 6 58 27 17 79 24 22 9 79 73 76 84 64 23 82 39 87 56 27 30 48 30 75 33 13 55 98 78 14 10 13 62 21 91 62 23 38 3 69 33 2 72 19 64 24 17 98 59 77 25 24 32 83 32 71 70 89 53 42 97 70 65 86 13 67 47 54 8 63 71 75 53 47 15 34 33 66 14 33 25 25 43 28 17 1 26 83 27 72 72 73 1 78 77 83 60 1 73 0 31 71 18 34 38 23 87 11 11 21 67 45 4 37 22 43 68 64 43 68 17 94 31 45 76 80 43 79 3 77 39 83 20 36 13 96 9 10 99 7 57 63 9 19 95 4 69 8 58 11 25 42 57 5 38 19 
86 39 3 53 97 2 80 31 99 65 63 13 66 27 63 80 78 42 13 42 40 18 34 7 40 96 43 53 72 44 50 90 87 61 61 26 71 4 83 72 6 16 52 43 95 29 52 91 35 63 37 50 85 48 81 55 86 20 33 7 53 55 30 17 28 60 31 49 96 67 46 76 85 77 85 26 51 95 24 15 58 59 89 11 35 33 75 90 41 19 45 84 59 48 18 64 70 9 51 99 85 17 19 44 31 0 18 66 25 80 4 38 64 74 96 41 14 39 35 80 45 49 7 29 11 27 45 87 58 69 7 94 69 91 82 90 49 98 46 66 54 90 93 84 19 26 7 80 7 4 58 32 26 82 60 10 13 49 5 47 34 
71 48 99 11 97 33 11 65 48 31 63 78 69 41 77 49 39 95 19 69 44 14 55 33 91 11 2 26 37 92 80 51 29 27 83 37 11 17 76 84 62 55 10 18 80 76 77 75 70 12 25 21 39 91 96 49 32 80 61 14 64 49 38 36 18 8 3 15 11 30 46 62 61 43 24 95 96 18 44 83 90 11 32 65 94 17 38 66 83 56 28 23 93 63 38 18 8 89 43 41 84 33 71 54 71 18 0 38 11 64 97 23 22 25 82 7 56 71 13 59 10 66 3 44 5 6 51 54 89 42 15 51 79 93 94 73 33 53 85 6 90 27 96 12 43 16 75 27 81 52 30 80 73 99 31 29 59 33 4 33 39 
3 6 29 33 42 31 30 39 88 83 48 8 93 90 49 53 76 28 27 42 71 43 16 30 59 73 82 87 51 48 68 49 74 7 60 90 99 54 29 46 15 28 38 16 63 4 84 27 77 59 70 20 71 24 13 48 20 96 42 39 50 55 1 66 27 58 14 77 66 67 66 49 45 44 71 25 22 53 62 20 58 28 53 63 56 79 87 59 93 49 24 99 95 60 7 22 2 72 94 41 24 28 88 95 18 66 38 0 28 68 30 58 55 67 56 86 52 26 10 54 86 14 78 71 14 68 79 59 74 16 63 19 85 21 66 8 54 9 33 89 51 41 37 43 4 37 59 49 98 34 69 78 28 40 22 30 76 43 50 6 70 
77 80 79 47 25 8 18 19 36 11 28 53 19 33 37 93 22 33 78 40 91 53 28 94 46 64 48 38 32 47 55 39 35 85 88 81 5 78 99 13 78 24 9 51 49 53 72 6 85 9 26 34 86 15 81 44 96 41 60 86 18 85 95 21 65 97 89 71 91 25 78 68 40 16 89 88 11 31 44 35 72 84 3 75 41 53 31 79 21 31 69 76 47 69 29 25 14 79 2 9 52 42 28 82 34 25 11 28 0 19 99 97 22 54 33 42 97 28 28 76 97 22 22 81 79 45 81 8 3 46 55 66 60 52 56 13 77 39 13 11 12 47 57 63 99 70 79 19 18 56 65 58 88 59 49 22 77 92 44 43 76 
92 64 76 64 22 51 82 96 17 46 72 31 69 71 50 93 16 15 26 81 24 10 38 79 83 14 17 16 24 58 70 58 84 68 84 53 97 25 41 20 66 27 70 26 83 34 56 99 33 54 73 65 37 8 19 62 52 31 62 5 45 38 1 99 51 79 17 30 13 38 8 81 56 75 42 13 65 3 65 77 29 46 26 3 70 25 44 59 91 6 12 33 23 47 58 8 90 37 24 45 65 84 67 30 38 80 64 68 19 0 22 91 66 83 6 76 16 6 83 79 97 89 28 39 59 7 16 67 11 91 92 21 25 80 77 82 89 13 74 54 21 35 4 62 73 62 60 45 36 80 64 64 88 79 83 10 32 41 71 15 84 
22 88 59 94 28 51 47 42 88 89 43 27 17 97 15 97 56 26 1 43 31 39 6 20 85 36 69 23 29 80 82 35 59 78 3 70 12 65 86 45 93 12 16 64 36 82 10 76 27 37 99 85 95 32 19 8 69 54 83 30 29 2 76 39 54 28 33 50 8 62 39 5 90 32 39 70 67 38 1 67 48 3 5 24 14 86 83 13 27 66 33 62 8 29 78 75 33 51 11 1 39 40 24 29 23 4 97 30 99 22 0 16 24 26 86 32 13 5 4 80 45 31 66 22 36 65 10 82 81 43 13 57 78 76 15 70 21 93 11 8 31 48 34 4 4 55 85 89 78 87 39 65 52 89 66 55 20 3 99 54 64 
76 33 43 19 47 33 8 96 91 79 15 9 79 8 74 58 69 14 23 68 74 26 65 29 53 62 22 92 1 2 42 69 49 34 34 55 75 20 84 20 48 61 57 52 13 56 81 68 1 75 77 46 13 63 9 20 16 66 38 21 96 49 16 91 84 32 17 73 60 86 20 58 68 49 27 19 69 51 75 39 5 54 67 56 75 9 71 18 93 36 48 50 37 1 55 66 49 60 12 14 37 37 23 69 87 38 23 58 97 91 16 0 40 47 41 59 10 6 16 73 77 99 16 22 88 34 13 54 49 76 44 34 34 20 91 34 85 43 78 74 11 21 75 62 86 42 15 26 61 78 90 90 18 1 72 39 80 1 53 2 24 
8 43 27 37 36 44 18 58 79 60 94 97 60 39 22 95 83 79 15 99 64 58 35 79 14 28 62 37 40 13 32 66 10 92 92 26 38 72 6 85 77 31 67 55 82 91 8 16 75 13 79 35 43 78 60 47 39 51 23 93 89 97 51 13 22 97 91 35 52 47 53 55 65 87 2 45 52 57 97 72 62 45 87 50 27 69 21 35 83 50 21 94 55 24 13 16 77 9 7 51 21 83 54 75 11 64 22 55 22 66 24 40 0 17 20 55 99 4 72 87 44 42 15 91 11 87 29 90 27 99 96 65 39 44 68 93 19 89 37 39 77 79 87 99 50 5 92 99 37 48 41 65 76 51 20 69 37 52 11 92 52 
78 75 22 30 63 42 87 49 88 98 52 85 57 82 33 40 69 37 75 14 91 82 43 42 10 6 30 46 62 40 83 52 15 52 10 42 32 63 11 64 14 62 38 28 32 20 28 78 20 27 45 36 69 4 47 20 55 85 48 55 50 11 6 5 9 46 60 20 77 91 60 19 42 11 1 12 91 91 1 54 52 78 23 10 56 50 84 80 56 92 62 97 96 96 40 41 25 62 77 90 10 70 33 60 11 74 25 67 54 83 26 47 17 0 93 85 14 83 87 26 20 74 13 11 14 75 79 27 86 79 65 98 51 30 62 45 17 57 51 31 7 15 92 63 72 88 71 27 31 51 2 39 71 67 74 57 26 24 74 8 94 
73 67 59 40 69 70 62 43 58 43 19 82 45 30 72 91 12 25 40 26 49 52 88 93 26 49 45 67 33 20 34 25 32 37 3 19 44 54 49 42 6 98 23 45 71 64 45 25 45 77 97 89 26 19 72 80 68 4 88 61 43 27 65 63 10 38 64 97 23 49 33 98 96 22 37 47 96 67 1 12 2 98 31 81 69 12 90 9 21 34 69 95 25 18 93 6 5 8 4 98 83 60 22 50 21 96 82 56 33 6 86 41 20 93 0 85 63 66 70 90 48 80 67 58 9 18 42 69 16 21 3 36 22 48 49 83 98 45 63 51 29 72 87 12 41 90 53 41 40 88 74 56 24 66 40 31 59 84 14 81 13 
76 89 17 29 63 2 65 53 25 65 79 74 36 4 1 79 37 4 76 39 45 70 45 25 48 37 97 4 67 56 74 86 25 34 77 12 95 5 61 64 23 74 76 59 3 12 6 27 29 3 12 25 89 9 98 59 44 29 14 23 38 24 4 68 13 59 30 25 34 31 29 49 47 92 37 15 6 66 32 64 91 32 58 12 86 11 61 34 21 43 22 7 92 93 49 16 82 88 20 47 44 77 43 68 67 41 7 86 42 76 32 59 55 85 85 0 63 8 38 26 84 75 76 73 50 59 71 67 91 41 94 37 84 48 18 66 76 44 94 83 61 73 51 25 15 23 29 46 37 79 29 47 16 71 38 31 76 12 21 91 86 
77 99 93 55 33 98 8 23 56 6 11 40 40 75 47 62 58 57 20 76 95 54 91 90 65 83 67 59 59 60 10 48 25 84 44 81 38 5 68 31 42 45 19 80 71 4 47 57 4 86 11 61 95 45 75 95 33 16 24 30 23 68 84 54 17 43 94 94 19 68 25 27 19 24 42 51 37 87 75 41 75 80 76 5 72 18 71 56 19 86 75 24 75 73 79 10 12 27 70 19 69 34 59 21 45 14 56 52 97 16 13 10 99 14 63 63 0 73 45 4 31 63 77 44 71 87 17 3 55 24 2 23 11 33 98 15 34 76 67 37 37 27 59 54 40 34 27 66 30 31 38 3 24 83 24 55 65 38 47 80 76 
44 31 38 30 46 52 30 65 50 91 36 57 62 51 25 58 28 94 10 6 17 90 43 11 89 68 35 96 47 58 89 39 23 41 82 4 87 72 60 52 7 81 7 5 86 40 79 79 53 71 84 13 41 94 65 61 73 74 74 84 88 69 77 10 74 29 74 20 37 20 39 27 46 45 89 76 37 6 41 15 25 17 38 33 21 12 53 21 44 36 91 21 40 43 81 93 4 77 62 14 20 96 36 25 4 39 71 26 28 6 5 6 4 83 66 8 73 0 10 9 69 87 86 53 59 49 15 8 86 6 90 36 42 48 86 64 88 4 71 41 42 86 42 19 33 28 86 36 61 68 12 44 13 64 21 93 63 71 14 19 92 
21 18 12 56 89 31 56 71 53 77 50 61 33 92 81 6 80 32 72 93 60 70 45 70 40 7 89 73 80 67 75 85 75 14 18 2 1 84 34 12 16 24 78 12 26 31 96 2 93 21 94 82 82 90 78 54 34 42 28 30 86 45 50 26 26 96 35 91 47 44 89 25 87 25 17 65 44 15 12 25 41 32 59 88 6 34 5 13 43 16 98 88 17 15 60 8 82 21 46 34 58 17 30 23 37 35 13 10 28 83 4 16 72 87 70 38 45 10 0 25 8 82 13 29 57 32 91 53 82 78 34 72 23 81 66 66 72 32 31 99 25 15 47 60 84 99 32 54 45 95 43 85 98 31 48 71 70 18 55 52 30 
31 69 23 91 43 83 29 62 25 56 94 26 68 17 38 77 2 29 54 23 91 30 53 16 86 39 87 73 38 89 96 39 26 65 89 18 39 70 22 54 31 65 72 37 25 23 70 22 58 48 53 37 87 68 79 14 93 42 3 85 20 74 79 22 64 21 29 1 23 2 73 64 94 27 69 88 66 12 72 80 97 51 34 6 88 90 94 65 91 52 73 90 57 52 29 7 44 3 32 83 86 86 86 1 22 80 59 54 76 79 80 73 87 26 90 26 4 9 25 0 96 11 84 28 41 60 56 80 30 32 29 62 58 23 45 92 88 79 43 86 44 80 62 48 84 58 34 37 74 80 50 66 12 47 48 68 79 49 1 9 43 
37 65 7 28 58 50 44 61 16 43 80 66 54 50 17 26 13 77 67 40 45 91 89 47 22 19 78 90 54 58 2 32 20 52 54 51 26 80 77 32 47 72 35 22 53 78 51 79 9 47 31 39 58 26 47 31 37 52 54 61 5 92 64 35 12 23 56 79 33 88 91 33 11 86 54 30 68 43 60 68 37 90 57 55 61 40 95 36 11 37 72 4 54 35 83 51 31 4 11 37 30 69 92 7 43 45 10 86 97 97 45 77 44 20 48 84 31 69 8 96 0 70 65 37 63 53 92 69 77 11 92 47 38 36 92 92 65 83 35 48 62 81 28 1 88 70 69 42 30 42 63 37 59 53 94 77 41 27 75 63 12 
8 61 97 61 26 82 99 97 68 21 90 96 63 43 53 80 2 3 28 74 86 63 58 30 46 72 98 17 91 54 20 79 97 74 51 91 23 61 84 75 93 18 41 93 37 63 65 1 62 1 31 16 57 88 2 29 13 44 9 40 40 44 20 24 48 40 72 85 54 81 94 43 34 27 22 64 26 79 76 73 52 8 83 94 82 78 5 13 19 9 17 62 29 47 18 90 78 30 84 75 35 9 5 3 68 49 66 14 22 89 31 99 42 74 80 75 63 87 82 11 70 0 85 42 1 62 70 7 31 55 40 99 95 47 78 38 49 27 4 48 82 88 1 71 46 4 1 55 5 46 47 73 47 94 4 98 23 47 16 40 58 
46 79 15 13 33 83 56 28 74 89 5 28 76 71 69 94 9 61 89 15 49 77 81 45 45 54 39 86 89 56 12 79 75 7 76 19 45 98 7 92 33 65 53 10 2 65 88 91 11 53 63 86 82 21 36 3 55 65 6 50 24 83 74 21 20 2 46 58 44 82 68 31 57 43 93 67 28 15 6 31 88 60 33 49 91 62 84 17 51 38 40 49 39 6 64 17 85 17 1 94 31 35 8 19 64 7 3 78 22 28 66 16 15 13 67 76 77 86 13 84 65 85 0 72 68 53 52 18 68 20 57 35 6 33 35 82 89 73 19 14 6 6 30 33 31 66 57 73 13 35 16 9 25 82 22 13 27 78 76 72 9 
69 18 88 18 34 96 6 1 47 69 6 19 9 9 93 38 90 60 3 48 18 21 3 20 89 16 11 75 34 3 73 9 62 57 7 46 94 54 22 69 19 13 25 91 90 57 61 61 20 98 22 90 54 1 83 76 89 75 81 79 27 58 91 50 75 1 50 67 95 32 79 3 32 97 24 8 3 85 20 31 84 51 74 3 58 67 15 49 86 31 38 59 94 61 8 65 34 17 34 93 14 13 68 26 43 29 44 71 81 39 22 22 91 11 58 73 44 53 29 28 37 42 72 0 59 3 17 70 19 91 68 98 76 14 87 74 23 72 81 24 26 4 2 54 11 22 18 88 70 66 39 17 11 98 19 47 29 55 91 94 79 
58 40 76 72 7 72 51 27 21 19 87 87 35 32 91 45 64 73 72 72 52 56 65 84 84 53 22 33 35 34 42 37 86 22 37 45 47 33 15 11 30 85 50 22 52 72 33 75 28 6 23 84 3 38 66 93 36 48 11 67 11 42 58 99 26 13 42 29 31 16 86 80 4 18 92 1 47 1 31 98 68 15 76 52 73 51 63 35 2 86 60 32 95 54 48 43 44 6 53 37 33 39 30 16 68 11 5 14 79 59 36 88 11 14 9 50 71 59 57 41 63 1 68 59 0 45 65 27 76 19 17 73 41 83 55 52 5 87 32 15 73 98 1 96 44 61 71 15 35 9 29 37 79 6 30 12 15 57 20 3 97 
83 36 36 92 66 22 93 51 67 93 30 2 34 26 8 61 91 41 86 2 49 89 74 75 69 47 17 63 26 45 24 96 8 60 95 49 86 88 42 21 72 39 7 13 96 36 88 53 99 17 43 43 13 72 7 44 92 84 71 26 20 4 48 53 43 28 41 83 31 89 2 26 21 76 50 18 27 4 95 86 3 90 89 29 95 77 8 84 39 42 75 59 70 62 85 93 14 49 15 79 56 37 53 32 17 27 6 68 45 7 65 34 87 75 18 59 87 49 32 60 53 62 53 3 45 0 55 60 30 7 97 73 2 46 43 82 5 56 76 29 70 56 21 86 83 42 36 77 33 5 92 78 76 41 27 31 81 76 41 84 65 
97 82 64 8 52 19 64 21 95 50 54 35 93 35 61 16 16 16 20 34 7 96 96 80 68 98 79 7 79 54 36 73 54 31 17 21 14 7 66 88 4 77 33 46 63 53 28 88 7 45 57 90 6 87 49 30 95 30 41 66 43 73 68 98 44 6 45 6 16 71 43 11 35 18 52 46 78 60 45 14 68 58 40 86 29 84 8 72 9 77 75 25 3 24 90 15 40 71 65 70 91 34 26 63 94 45 51 79 81 16 10 13 29 79 42 71 17 15 91 56 92 70 52 17 65 55 0 8 53 66 55 82 89 54 70 92 60 59 61 83 90 9 82 25 57 31 60 77 88 97 10 82 45 56 68 86 61 37 91 25 16 
14 29 33 84 32 47 53 27 13 84 81 3 26 55 10 93 86 38 15 71 77 2 50 45 71 75 8 74 20 38 59 38 89 46 77 92 32 3 79 73 1 38 67 98 42 47 45 44 36 30 96 67 29 74 64 91 11 77 66 60 64 2 66 40 98 55 96 64 97 4 54 29 67 43 70 61 45 72 26 70 65 44 66 30 93 72 49 46 17 64 4 39 42 23 19 99 11 44 87 36 41 93 1 19 31 87 54 59 8 67 82 54 90 27 69 67 3 8 53 80 69 7 18 70 27 60 8 0 41 73 89 24 9 92 22 97 71 39 21 93 32 32 63 33 68 86 79 34 70 18 85 78 75 46 7 30 49 61 20 10 97 
11 23 92 57 8 45 35 66 26 16 73 18 68 98 35 42 81 8 14 61 67 63 32 99 36 54 54 38 84 63 30 78 62 69 99 17 47 41 69 78 51 38 13 29 68 9 45 64 54 49 93 97 22 26 12 80 97 54 36 94 90 51 11 3 81 66 5 71 33 69 3 15 96 53 54 11 79 93 70 82 28 43 89 61 22 6 21 21 42 95 87 73 33 98 53 43 49 7 98 64 66 80 93 62 45 58 89 74 3 11 81 49 27 86 16 91 55 86 82 30 77 31 68 19 76 30 53 41 0 55 63 27 74 81 44 9 66 85 83 46 22 60 70 13 18 99 8 63 46 17 95 29 35 47 76 55 94 17 73 53 37 
24 39 50 52 14 92 99 78 1 18 30 86 2 97 64 64 85 83 98 20 87 55 32 13 35 4 54 3 53 74 15 35 76 58 63 36 82 6 39 1 70 84 59 40 67 81 44 29 9 51 38 75 47 33 87 48 88 2 73 99 34 65 1 98 55 26 58 5 85 49 12 33 25 54 1 39 84 49 32 78 21 95 74 47 2 33 83 55 46 42 94 17 62 58 30 44 85 54 69 96 68 53 37 55 76 69 42 16 46 91 43 76 99 79 21 41 24 6 78 32 11 55 20 91 19 7 66 73 55 0 18 71 45 44 62 95 38 27 60 48 86 36 88 61 59 48 97 97 35 25 23 94 97 23 5 23 15 16 53 2 36 
82 42 1 33 4 10 84 19 98 62 39 12 99 71 67 8 28 39 83 16 36 11 42 87 25 25 68 46 76 61 2 40 69 20 23 30 67 22 92 39 41 44 87 3 43 61 25 59 22 87 44 40 90 91 82 35 68 90 66 80 86 29 95 50 83 8 12 30 41 54 75 7 75 74 61 53 78 10 75 5 28 78 42 18 63 61 3 20 79 56 62 8 59 9 13 41 62 54 53 31 73 31 78 89 80 7 15 63 55 92 13 44 96 65 3 94 2 90 34 29 92 40 57 68 17 97 55 89 63 18 0 20 36 60 81 98 10 76 58 25 38 27 85 55 43 27 84 67 49 61 13 88 23 37 94 10 62 49 97 75 83 
8 75 23 77 29 5 78 61 99 8 79 94 9 6 69 3 94 48 23 98 45 32 40 78 62 44 78 14 85 70 50 20 18 83 71 8 37 4 54 89 36 88 33 48 55 4 19 92 87 18 86 95 94 32 59 29 31 71 52 61 64 20 8 99 39 6 55 69 32 35 61 72 40 88 13 10 47 8 30 26 15 29 59 49 54 42 82 88 68 83 42 67 88 32 28 88 24 59 27 94 85 6 37 29 43 94 51 19 66 21 57 34 65 98 36 37 23 36 72 62 47 99 35 98 73 73 82 24 27 71 20 0 26 6 79 37 15 95 47 83 18 71 68 36 74 13 69 65 37 55 83 62 59 66 69 85 92 82 35 5 39 
25 78 98 63 16 78 38 83 78 65 55 54 90 64 14 47 8 61 62 99 79 70 15 50 88 26 13 42 64 73 95 68 44 32 70 29 53 12 81 48 52 78 49 71 53 23 76 13 31 97 96 1 23 99 95 10 67 36 40 50 57 35 57 21 20 59 24 38 35 75 92 96 73 97 20 13 30 24 91 60 18 55 76 93 12 79 76 27 57 12 71 20 96 32 60 87 12 2 22 1 33 73 88 63 79 69 79 85 60 25 78 34 39 51 22 84 11 42 23 58 38 95 6 76 41 2 89 9 74 45 36 26 0 37 88 27 21 12 69 40 95 57 24 52 70 26 6 5 7 84 2 82 48 25 2 67 22 72 3 80 55 
75 71 71 52 30 64 90 60 12 56 43 60 28 95 67 76 15 61 82 54 99 96 3 32 74 27 87 34 97 87 40 32 29 71 83 7 35 80 95 6 16 14 46 51 72 32 80 95 96 58 73 11 98 64 28 53 39 4 68 72 89 27 12 7 7 99 46 99 66 24 90 44 88 41 28 42 49 23 5 27 77 69 92 43 21 84 52 90 68 23 31 44 17 57 1 51 24 64 49 8 11 67 85 4 3 91 93 21 52 80 76 20 44 30 48 48 33 48 81 23 36 47 33 14 83 46 54 92 81 44 60 6 37 0 4 23 59 29 54 58 35 64 85 15 14 21 19 32 25 65 4 81 70 5 80 58 2 47 56 13 41 
93 26 37 97 67 24 55 63 91 3 65 83 30 25 92 53 76 49 12 70 1 48 48 54 21 2 86 4 80 83 28 71 18 61 16 30 32 68 13 47 50 44 56 19 31 96 1 14 69 33 95 33 51 10 31 25 31 4 28 55 26 73 51 70 5 20 61 45 35 10 42 36 7 7 13 24 64 99 59 24 92 39 27 12 36 7 93 98 5 49 84 97 79 38 8 27 77 29 80 69 88 66 19 83 77 82 94 66 56 77 15 91 68 62 49 18 98 86 66 45 92 78 35 87 55 43 70 22 44 62 81 79 88 4 0 88 42 97 59 40 77 56 47 68 61 99 30 84 94 45 48 64 81 95 29 42 20 53 37 47 73 
21 49 19 31 62 96 5 39 25 91 69 12 90 47 1 67 13 83 29 21 39 49 36 88 77 7 29 5 99 13 58 65 53 76 96 98 14 7 90 75 9 91 33 92 29 96 55 9 13 79 2 2 98 33 18 73 45 7 52 70 85 87 16 32 94 68 7 54 75 10 11 46 34 1 88 71 13 7 79 62 11 61 93 35 29 38 98 80 71 28 82 90 55 36 82 92 81 65 55 37 67 28 41 80 39 90 73 8 13 82 70 34 93 45 83 66 15 64 66 92 92 38 82 74 52 82 92 97 9 95 98 37 27 23 88 0 73 97 62 56 23 11 8 59 21 70 48 70 8 97 72 3 26 6 23 66 85 94 50 60 41 
33 51 28 23 84 60 44 24 55 5 45 84 78 21 35 26 62 9 45 36 19 11 51 93 73 19 14 31 42 49 20 56 49 34 19 97 48 76 78 72 68 28 27 93 24 56 47 70 52 2 17 88 15 67 59 89 65 7 37 43 54 26 32 4 58 62 38 50 16 83 57 93 52 4 17 58 60 33 85 39 90 27 29 91 81 41 54 87 57 73 80 74 17 41 3 11 13 87 68 40 65 72 84 31 83 49 33 54 77 89 21 85 19 17 98 76 34 88 72 88 65 49 89 23 5 5 60 71 66 38 10 15 21 59 42 73 0 61 38 19 61 12 86 41 21 79 3 56 92 77 75 90 83 37 78 13 26 93 64 5 95 
13 63 29 6 97 65 12 69 48 17 85 4 11 23 71 38 21 86 3 39 82 41 33 79 59 35 62 66 39 9 33 60 92 18 22 95 19 47 61 94 66 47 16 37 10 11 95 27 23 22 27 27 82 69 44 88 90 88 69 16 35 24 62 96 4 30 72 14 92 9 14 29 84 80 70 76 46 88 85 89 59 98 73 20 15 15 32 7 86 4 65 4 42 30 73 34 87 16 77 17 55 26 29 2 20 98 53 9 39 13 93 43 89 57 45 44 76 4 32 79 83 27 73 72 87 56 59 39 85 27 76 95 12 29 97 97 61 0 55 7 34 12 43 12 55 93 45 59 21 51 35 72 4 68 79 18 63 17 87 55 65 
66 45 53 92 59 83 30 70 78 78 74 84 62 1 17 4 38 69 4 50 37 26 33 3 56 32 7 70 40 84 12 57 95 79 10 3 26 17 58 58 35 69 60 83 9 79 2 64 21 95 2 36 69 77 72 1 17 36 8 37 60 62 56 32 91 98 44 27 9 72 78 28 23 94 97 24 49 69 28 83 75 20 8 18 48 38 59 69 18 36 20 11 91 77 58 67 73 59 44 39 82 57 29 62 36 46 85 33 13 74 11 78 37 51 63 94 67 71 31 43 35 4 19 81 32 76 61 21 83 60 58 47 69 54 59 62 38 55 0 91 23 34 83 52 13 26 78 3 50 71 23 43 23 21 64 87 76 30 19 23 20 
95 55 95 96 83 32 77 62 41 69 51 1 17 70 38 26 63 40 11 82 49 73 42 70 16 97 58 89 7 65 52 27 60 97 3 89 64 64 52 18 35 5 57 74 46 56 20 4 94 1 98 40 82 65 47 24 99 61 27 39 45 4 13 12 91 90 8 74 18 42 19 16 17 33 90 55 67 83 65 85 8 94 76 92 15 29 47 22 80 49 62 33 24 12 76 40 7 58 33 33 6 26 52 37 13 66 6 89 11 54 8 74 39 31 51 83 37 41 99 86 48 48 14 24 15 29 83 93 46 48 25 83 40 58 40 56 19 7 91 0 85 7 83 12 70 2 83 49 5 5 84 84 36 77 88 7 10 58 4 37 40 
61 1 51 23 35 2 90 88 60 31 81 94 80 23 18 85 67 64 32 59 4 88 43 97 83 81 46 75 9 27 88 90 22 1 79 91 87 5 15 47 86 99 31 57 94 19 71 5 33 77 53 31 22 35 36 17 76 30 39 43 22 54 82 22 10 62 20 71 76 88 26 10 16 35 33 91 13 97 1 14 40 60 55 3 90 40 52 45 80 80 94 2 45 28 47 37 88 24 46 88 4 37 81 29 96 54 90 51 12 21 31 11 77 7 29 61 37 42 25 44 62 82 6 26 73 70 90 32 22 86 38 18 95 35 77 23 61 34 23 85 0 32 43 63 31 88 58 66 86 1 2 53 5 7 94 45 67 5 48 48 48 
25 87 47 77 31 85 33 67 96 53 51 86 75 28 39 65 34 55 92 13 52 23 96 23 42 99 62 37 1 53 86 78 87 83 79 61 6 20 68 38 39 32 67 66 46 95 71 35 91 22 60 7 4 2 7 15 68 77 9 40 94 22 62 42 6 50 44 96 61 47 3 95 82 28 95 2 45 12 3 89 3 20 16 88 58 80 5 50 75 45 65 98 69 19 9 47 50 2 61 58 81 19 8 73 9 90 27 41 47 35 48 21 79 15 72 73 27 86 15 80 81 88 6 4 98 56 9 32 60 36 27 71 57 64 56 11 12 12 34 7 32 0 37 26 20 39 76 86 95 2 56 84 98 68 18 19 87 3 63 91 10 
83 17 8 23 58 79 51 20 80 85 36 52 77 26 83 1 58 14 97 76 49 50 17 43 64 44 52 66 88 18 65 31 72 42 7 70 24 41 49 88 3 59 28 5 70 88 35 60 96 85 54 66 90 25 19 90 32 76 82 52 90 84 48 2 93 96 30 44 72 75 97 32 70 13 91 51 69 26 6 91 68 36 62 94 78 77 4 97 2 45 58 76 92 64 82 54 93 49 33 61 72 27 3 24 10 93 96 37 57 4 34 75 87 92 87 51 59 42 47 62 28 1 30 2 1 21 82 63 70 88 85 68 24 85 47 8 86 43 83 83 43 37 0 98 78 50 46 8 91 87 97 68 50 6 85 47 74 73 82 9 86 
98 20 86 19 97 69 52 37 90 37 73 92 98 65 15 53 75 62 30 54 4 56 84 3 28 52 94 57 43 28 77 53 93 68 97 1 20 38 55 88 46 90 94 48 21 78 63 8 2 92 80 80 73 65 45 44 1 42 11 51 59 95 72 59 57 52 62 5 25 70 1 54 70 84 79 75 64 89 19 73 57 90 87 98 24 55 25 12 28 8 63 96 30 3 37 63 98 74 25 30 38 57 93 57 99 84 12 43 63 62 4 62 99 63 12 25 54 19 60 48 1 71 33 54 96 86 25 33 13 61 55 36 52 15 68 59 41 12 52 12 63 26 98 0 64 95 54 45 26 93 41 8 63 66 15 56 38 67 44 65 85 
3 10 17 94 50 55 43 18 32 99 16 33 1 46 38 82 73 41 56 25 89 89 29 21 97 37 7 78 19 43 61 89 10 86 60 87 31 63 10 74 59 42 21 39 92 16 10 76 38 80 56 55 51 17 41 7 24 8 64 11 60 30 36 86 99 73 67 12 90 98 98 71 66 94 7 9 8 94 62 48 44 92 24 68 79 77 3 43 87 28 66 96 15 19 88 40 17 14 45 51 95 57 85 12 7 19 43 4 99 73 4 86 50 72 41 15 40 33 84 84 88 46 31 11 44 83 57 68 18 59 43 74 70 14 61 21 21 55 13 70 31 20 78 64 0 18 72 19 83 38 92 76 93 19 31 60 35 75 65 88 48 
93 93 30 30 47 26 24 22 57 60 40 87 31 39 63 47 6 74 30 96 58 4 32 57 83 83 58 71 45 49 9 32 11 63 37 15 5 59 23 4 18 64 49 80 8 90 5 41 25 53 76 59 52 5 82 76 84 42 16 13 8 17 37 99 71 12 65 49 34 98 87 22 78 91 43 65 4 96 73 52 98 21 20 12 68 16 31 62 63 54 71 79 16 23 72 94 74 72 96 54 23 82 44 39 57 26 16 37 70 62 55 42 5 88 90 23 34 28 99 58 70 4 66 22 61 42 31 86 99 48 27 13 26 21 99 70 79 93 26 2 88 39 50 95 18 0 46 52 84 7 49 54 81 25 17 14 15 60 93 87 22 
99 52 12 19 84 84 90 78 34 32 3 85 4 58 1 85 1 75 34 23 17 29 92 40 90 9 41 17 44 54 40 84 21 35 26 69 8 6 34 51 34 97 39 76 18 55 63 20 83 57 96 45 20 87 48 37 78 32 80 57 71 23 96 23 92 74 21 11 65 56 29 67 64 6 13 70 30 16 65 98 33 69 75 70 79 75 55 18 22 35 36 36 21 13 58 38 65 73 87 74 55 28 27 65 63 7 75 59 79 60 85 15 92 71 53 29 27 86 32 34 69 1 57 18 71 36 60 79 8 97 84 69 6 19 30 48 3 45 78 83 58 76 46 54 72 46 0 18 18 31 43 29 6 83 90 21 36 81 73 11 36 
11 11 62 53 42 28 44 27 39 36 36 82 82 53 34 18 3 69 42 34 88 25 12 38 72 3 8 43 94 93 85 44 84 25 6 74 52 80 99 64 93 83 23 19 64 63 49 69 1 67 85 82 53 78 41 42 90 34 59 72 71 17 98 43 30 43 36 51 80 60 91 61 56 58 33 76 87 94 43 64 61 41 25 60 29 43 29 18 99 38 65 54 95 6 53 2 26 15 49 82 54 73 75 77 9 80 27 49 19 45 89 26 99 27 41 46 66 36 54 37 42 55 73 88 15 77 77 34 63 97 67 65 5 32 84 70 56 59 3 49 66 86 8 45 19 52 18 0 17 35 74 86 54 75 72 49 56 21 79 6 38 
55 69 15 32 21 57 89 33 93 33 98 6 65 53 50 55 5 25 66 25 64 21 39 27 74 20 5 98 6 15 98 1 16 98 62 16 99 87 57 64 9 55 65 50 40 75 47 28 7 92 29 17 20 24 75 22 10 15 22 75 50 60 65 9 53 99 75 94 48 2 3 38 97 51 90 97 63 72 74 29 25 76 88 17 65 56 28 44 16 45 33 43 22 89 38 97 60 38 20 6 34 82 50 39 19 7 81 98 18 36 78 61 37 31 40 37 30 61 45 74 30 5 13 70 35 33 88 70 46 35 49 37 7 25 94 8 92 21 50 5 86 95 91 26 83 84 18 17 0 13 40 28 50 34 96 55 51 49 84 97 62 
97 24 31 50 41 93 96 9 21 51 80 12 39 33 78 36 65 26 50 31 87 66 88 22 97 63 93 58 3 85 19 52 47 73 9 87 67 75 81 61 45 88 62 64 62 51 49 88 68 89 55 92 60 72 73 2 28 89 6 94 13 33 24 21 45 79 2 96 90 9 2 98 70 35 72 87 63 80 89 28 2 79 68 71 85 64 42 5 61 30 33 79 39 20 72 37 47 71 90 85 87 28 30 88 95 4 52 34 56 80 87 78 48 51 88 79 31 68 95 80 42 46 35 66 9 5 97 18 17 25 61 55 84 65 45 97 77 51 71 5 1 2 87 93 38 7 31 35 13 0 5 83 84 94 56 63 57 91 61 39 72 
83 15 9 99 51 9 29 9 15 52 16 70 68 70 32 79 58 34 26 88 22 88 17 4 61 95 8 94 63 46 4 11 39 13 7 90 65 45 15 53 6 40 85 71 57 78 91 6 82 79 14 62 24 81 58 85 40 91 2 99 4 43 93 71 87 98 97 2 34 64 85 58 52 86 75 14 36 68 51 60 26 15 53 4 44 61 40 20 30 9 42 39 63 13 73 97 73 92 84 29 41 79 55 3 4 58 30 69 65 64 39 90 41 2 74 29 38 12 43 50 63 47 16 39 29 92 10 85 95 23 13 83 2 4 48 72 75 35 23 84 2 56 97 41 92 49 43 74 40 5 0 70 13 28 19 54 35 93 83 95 44 
87 64 41 84 5 56 65 21 10 6 16 10 31 80 58 61 36 19 86 1 34 10 57 63 90 76 19 6 37 29 47 73 20 51 21 45 28 11 32 49 10 72 88 55 50 56 81 1 5 96 8 77 59 22 59 35 91 68 15 91 82 30 1 55 5 83 78 53 68 80 94 72 55 45 91 29 8 70 67 95 64 48 12 39 50 7 39 6 76 97 91 88 83 25 68 89 43 72 25 70 60 2 33 85 69 32 80 78 58 64 65 90 65 39 56 47 3 44 85 66 37 73 9 17 37 78 82 78 29 94 88 62 82 81 64 3 90 72 43 84 53 84 68 8 76 54 29 86 28 83 70 0 95 37 84 36 7 87 31 11 31 
71 22 49 94 10 77 87 69 68 34 95 47 22 6 59 51 31 79 49 88 95 12 10 29 80 26 52 90 95 16 41 40 61 64 57 68 96 7 20 52 42 37 68 43 43 67 11 83 13 57 16 84 77 94 85 88 18 11 81 1 3 17 66 52 37 60 26 59 53 79 57 92 10 96 99 62 43 6 48 79 15 74 17 40 77 62 23 51 88 70 60 24 58 53 99 49 19 33 90 85 41 34 68 41 8 26 73 28 88 88 52 18 76 71 24 16 24 13 98 12 59 47 25 11 79 76 45 75 35 97 23 59 48 70 81 26 83 4 23 36 5 98 50 63 93 81 6 54 50 84 13 95 0 56 37 56 62 20 51 93 46 
67 47 31 46 1 47 59 83 82 1 67 75 27 34 74 47 5 47 54 36 32 22 65 10 89 36 73 88 60 34 32 77 7 65 14 16 56 33 43 7 51 40 70 70 44 37 71 45 15 10 84 85 36 61 4 86 76 77 35 84 42 44 97 15 11 67 49 68 94 48 7 58 17 28 79 78 56 42 95 60 11 15 70 64 55 46 84 33 54 9 92 13 84 54 59 20 72 9 49 62 35 82 42 29 58 82 99 40 59 79 89 1 51 67 66 71 83 64 31 47 53 94 82 98 6 41 56 46 47 23 37 66 25 5 95 6 37 68 21 77 7 68 6 66 19 25 83 75 34 94 28 37 56 0 76 57 32 94 60 76 31 
72 4 24 52 91 50 89 55 80 10 35 94 96 65 77 24 76 79 49 46 69 59 84 55 23 80 3 30 84 90 96 14 24 34 94 51 1 41 32 64 74 71 67 42 96 63 26 54 59 12 35 3 73 48 30 72 63 50 36 26 43 16 90 77 87 34 91 97 54 93 66 96 53 71 36 98 76 61 6 51 59 1 24 74 24 81 32 42 79 65 81 5 24 4 36 75 78 4 99 34 60 17 38 82 11 60 31 22 49 83 66 72 20 74 40 38 24 21 48 48 94 4 22 19 30 27 68 7 76 5 94 69 2 80 29 23 78 79 64 88 94 18 85 15 31 17 90 72 96 56 19 84 37 76 0 90 81 42 78 4 28 
49 57 67 87 22 12 52 86 4 32 84 33 11 54 29 66 81 8 1 64 39 88 27 2 35 63 83 96 20 71 43 70 32 60 4 35 44 9 74 94 78 17 8 21 86 37 20 55 5 85 52 87 71 99 58 15 38 20 86 22 19 18 75 3 84 7 88 57 79 62 6 91 26 90 2 30 97 86 41 11 48 65 40 11 4 91 17 84 66 90 48 95 74 34 59 33 52 6 10 93 51 30 25 22 25 10 29 30 22 10 55 39 69 57 31 31 55 93 71 68 77 98 13 47 12 31 86 30 55 23 10 85 67 58 42 66 13 18 87 7 45 19 47 56 60 14 21 49 55 63 54 36 56 57 90 0 7 10 67 68 83 
55 89 93 16 75 9 23 94 48 36 94 39 70 54 77 1 15 78 39 9 72 95 3 29 56 77 47 70 24 15 63 70 92 36 79 53 44 67 28 2 63 11 16 17 90 14 9 89 85 60 44 35 31 19 45 83 61 21 39 69 36 69 78 63 23 39 95 58 68 13 10 21 22 18 30 64 66 18 92 92 39 24 38 80 79 15 5 13 65 28 77 1 69 75 47 84 26 48 30 41 3 9 57 38 42 13 59 76 77 32 20 80 37 26 59 76 65 63 70 79 41 23 27 29 15 81 61 49 94 15 62 92 22 2 20 85 26 63 76 10 67 87 74 38 35 15 36 56 51 57 35 7 62 32 81 7 0 75 36 57 45 
16 81 65 72 22 62 11 75 71 89 19 43 34 54 54 33 3 9 8 42 70 65 39 7 8 77 19 87 31 91 24 50 1 20 6 15 91 96 62 25 8 26 26 1 59 66 65 68 94 14 91 77 81 83 26 4 44 55 58 41 64 5 89 76 55 11 41 72 98 36 18 95 58 49 92 57 88 39 34 85 14 89 35 15 74 72 44 12 40 63 40 90 86 35 83 1 47 66 10 83 12 91 38 95 57 49 33 43 92 41 3 1 52 24 84 12 38 71 18 49 27 47 78 55 57 76 37 61 17 16 49 82 72 47 53 94 93 17 30 58 5 3 73 67 75 60 81 21 49 91 93 87 20 94 42 10 75 0 60 72 9 
6 47 13 49 34 75 32 90 43 61 75 64 37 13 59 13 53 39 22 15 54 79 86 45 38 75 87 42 18 80 17 12 84 7 82 71 63 73 15 23 33 48 95 40 98 53 3 30 50 49 76 86 90 15 61 10 42 74 8 2 60 21 88 28 50 17 81 93 58 35 88 6 26 66 32 86 49 93 80 23 76 69 30 32 85 88 32 28 67 80 84 43 75 24 1 20 5 31 42 74 26 47 93 64 5 5 4 50 44 71 99 53 11 74 14 21 47 14 55 1 75 16 76 91 20 41 91 20 73 53 97 35 3 56 37 50 64 87 19 4 48 63 82 44 65 93 73 79 84 61 83 31 51 60 78 67 36 60 0 78 35 
18 55 18 29 39 24 10 24 6 39 19 24 10 81 32 91 55 50 6 63 13 88 31 68 99 71 30 82 99 66 89 13 72 24 91 31 65 58 54 89 80 12 63 68 22 27 73 22 22 33 79 44 52 28 9 45 39 71 57 7 33 77 49 8 85 33 44 71 81 17 18 2 50 20 42 63 2 2 6 38 43 46 73 97 55 10 95 60 37 81 65 56 30 61 2 55 43 44 89 45 41 16 69 40 38 47 33 6 43 15 54 2 92 8 81 91 80 19 52 9 63 40 72 94 3 84 25 10 53 2 75 5 80 13 47 60 5 55 23 37 48 91 9 65 88 87 11 6 97 39 95 11 93 76 4 68 57 72 78 0 72 
43 80 34 84 38 89 7 95 21 12 26 41 1 97 95 76 16 15 16 11 97 72 87 33 1 48 36 52 40 14 32 60 10 97 40 29 5 25 41 49 67 79 28 36 27 73 65 37 41 46 52 23 63 62 49 26 17 39 81 15 94 31 5 42 4 14 49 1 54 99 13 27 52 64 42 97 58 16 78 30 43 52 58 98 79 85 81 89 15 69 86 95 68 1 76 92 21 76 76 58 39 2 3 89 19 34 39 70 76 84 64 24 52 94 13 86 76 92 30 43 12 58 9 79 97 65 16 97 37 36 83 39 55 41 73 41 95 65 20 40 48 10 86 85 48 22 36 38 62 72 44 31 46 31 28 83 45 9 35 72 0 
