165
0 38 13 73 10 76 6 80 65 17 2 77 72 7 26 51 21 19 85 12 29 30 15 51 69 88 88 95 97 87 14 10 8 64 62 23 58 2 1 61 82 9 89 14 48 73 31 72 4 71 22 50 58 4 69 25 44 77 27 53 81 42 83 16 65 69 26 99 88 8 27 26 23 10 68 24 28 38 58 84 39 9 33 35 11 24 16 88 26 72 93 75 63 47 33 89 24 56 66 78 4 1 78 7 53 86 71 3 77 92 22 76 8 78 73 76 77 44 21 31 37 8 46 69 58 83 97 14 11 24 82 8 25 75 93 21 33 13 66 95 61 25 83 98 3 93 99 11 55 97 83 87 71 67 72 49 55 16 6 18 43 21 49 23 14 
38 0 98 54 85 11 97 56 62 57 90 22 97 84 26 15 14 85 44 7 78 57 60 16 25 10 67 72 54 70 37 22 41 78 92 50 48 78 41 79 46 88 17 29 46 68 67 79 47 1 30 64 76 36 54 94 34 3 85 84 49 55 33 29 56 83 32 29 95 75 9 33 9 85 78 51 80 42 65 84 25 21 45 16 31 92 15 20 27 87 8 54 48 61 35 33 20 68 25 84 95 39 48 6 80 64 88 33 43 75 67 89 99 31 18 69 65 61 79 18 40 36 82 29 23 39 42 75 78 71 26 49 51 63 45 55 1 87 17 20 10 93 52 11 69 24 15 64 22 47 4 57 89 81 47 55 80 72 15 78 16 26 54 85 59 
13 98 0 86 30 45 38 23 92 55 77 13 60 27 77 72 88 40 44 77 39 92 70 99 34 44 27 57 70 74 53 90 28 44 2 83 95 97 27 85 31 65 23 99 53 4 71 13 40 84 49 62 71 14 37 24 23 67 93 96 54 10 42 58 89 94 77 83 12 37 17 31 85 58 36 42 82 3 86 94 37 47 81 28 73 29 3 14 42 37 41 19 98 39 64 47 90 3 99 29 79 76 59 43 27 22 59 17 93 38 12 23 7 97 15 88 76 36 64 33 92 50 1 23 98 71 37 19 28 29 53 95 51 47 8 86 17 30 12 62 15 31 9 41 49 31 24 67 93 65 13 18 34 11 29 76 6 82 6 43 87 53 58 57 79 
73 54 86 0 88 82 11 73 49 20 13 26 78 17 5 89 28 51 69 4 59 13 3 77 97 97 62 16 75 13 19 31 60 6 17 96 97 61 44 32 45 25 63 80 22 20 78 34 5 40 68 35 35 43 79 83 39 49 82 6 92 9 41 70 6 8 79 38 79 34 28 52 78 31 44 47 10 68 4 68 55 98 64 81 29 38 65 38 94 19 79 71 93 53 11 33 47 64 94 19 37 30 40 29 55 30 56 91 28 61 13 18 72 92 8 84 57 52 33 77 63 52 97 31 23 6 92 96 23 77 23 19 94 30 19 53 32 50 99 84 94 46 52 87 16 72 49 29 84 28 44 20 80 71 89 87 12 66 94 16 52 99 87 46 64 
10 85 30 88 0 43 23 83 41 45 17 18 89 1 98 83 72 15 37 27 33 2 49 89 23 35 95 22 69 68 49 19 98 12 12 53 77 69 46 65 90 41 8 8 34 59 8 35 5 6 62 51 77 46 97 22 93 72 93 26 98 2 14 39 86 28 39 85 34 2 32 39 29 76 32 52 67 68 33 75 33 98 6 1 38 73 44 25 17 97 97 42 25 22 28 47 36 63 69 63 33 46 89 43 58 26 33 34 7 66 52 32 8 14 4 29 16 30 67 62 84 97 59 83 35 31 58 97 50 47 84 42 21 41 51 5 10 1 91 22 75 22 34 39 38 44 34 96 42 72 70 71 24 87 40 32 38 39 57 88 29 37 67 11 85 
76 11 45 82 43 0 1 17 31 4 79 60 54 70 50 75 47 28 34 73 69 40 33 98 8 34 63 15 78 44 62 86 37 13 54 27 83 13 26 2 42 56 56 65 16 93 41 61 71 50 51 33 91 21 53 39 66 81 58 53 90 20 95 65 43 48 22 98 2 90 39 13 19 78 78 89 91 84 40 99 16 38 97 37 99 2 33 31 8 51 51 33 44 42 70 2 98 52 31 83 50 82 83 96 72 22 19 47 45 92 10 5 78 64 24 96 60 65 83 32 2 85 79 69 55 26 84 28 57 93 9 56 77 47 50 12 9 62 75 24 89 90 83 83 6 43 47 22 52 74 43 14 19 24 46 96 53 34 55 15 58 62 41 73 66 
6 97 38 11 23 1 0 23 3 87 2 73 52 72 88 78 63 49 1 43 40 4 58 44 54 44 75 99 98 76 60 67 75 92 6 27 68 32 12 4 55 2 14 60 57 82 9 39 5 71 77 74 6 80 85 60 32 91 8 67 33 47 76 83 45 65 38 48 74 91 85 16 66 53 70 67 90 29 20 18 6 80 11 30 18 82 47 8 18 87 62 65 8 30 56 29 44 99 56 6 51 93 64 53 35 99 84 78 38 90 55 5 44 12 30 77 90 33 51 52 43 24 90 44 89 96 29 65 87 59 89 52 23 11 32 10 7 31 68 19 13 74 75 92 66 86 54 43 7 10 37 88 60 9 54 88 19 22 68 15 21 86 10 43 67 
80 56 23 73 83 17 23 0 21 17 59 78 43 36 76 29 86 35 45 93 83 9 31 65 78 19 39 12 57 53 84 77 69 26 70 32 60 63 30 67 33 72 61 94 73 28 98 94 69 39 61 98 10 68 79 64 21 36 56 29 46 93 57 52 5 80 76 32 77 53 39 84 81 75 71 27 58 31 65 39 19 96 42 96 58 49 43 53 23 65 71 62 61 97 28 1 27 51 21 27 66 78 19 61 83 60 63 39 24 69 70 62 88 67 20 37 18 22 78 27 33 9 9 21 69 83 55 86 94 75 90 24 95 91 14 12 43 11 89 25 48 69 44 92 14 7 3 68 94 5 29 36 83 78 47 79 7 92 81 21 24 64 72 7 22 
65 62 92 49 41 31 3 21 0 65 51 91 10 93 68 86 34 72 9 52 34 62 8 60 42 28 52 41 72 46 95 10 89 47 59 22 55 1 20 20 86 28 98 22 95 19 68 36 96 30 23 57 11 43 73 32 13 83 8 88 9 62 24 35 95 4 56 69 16 25 95 63 27 99 48 88 36 17 88 91 79 88 58 25 56 50 53 25 16 68 74 47 21 67 95 13 26 1 98 99 78 12 91 25 55 48 78 41 60 96 80 90 32 57 34 39 93 21 15 10 68 82 80 4 48 71 43 6 21 58 60 55 78 25 59 80 37 81 59 52 64 74 84 89 83 56 79 71 28 24 54 70 69 24 47 40 67 78 27 25 18 88 2 46 59 
17 57 55 20 45 4 87 17 65 0 22 18 57 34 44 76 99 3 97 91 84 27 27 53 56 8 63 32 80 93 77 47 88 71 70 56 93 99 88 86 75 16 15 57 88 2 85 76 77 91 19 63 46 66 53 29 88 39 21 98 52 60 95 65 15 98 53 45 17 65 31 83 11 46 89 79 60 98 43 65 6 91 77 56 43 21 89 69 19 93 50 84 16 18 62 8 65 56 3 91 5 17 78 69 31 53 85 37 99 60 32 36 33 51 52 6 34 1 10 32 36 89 61 39 12 45 44 8 63 57 97 94 53 25 44 52 11 95 50 19 11 62 40 7 8 80 13 1 4 52 16 68 82 60 67 16 62 65 20 45 88 62 22 1 64 
2 90 77 13 17 79 2 59 51 22 0 95 85 2 85 61 77 23 15 25 47 33 81 71 55 25 78 90 36 58 32 40 15 94 49 14 20 16 98 42 36 26 52 35 23 34 62 79 8 33 4 68 96 58 97 47 90 22 93 85 59 65 41 79 79 63 63 48 28 72 43 15 94 52 19 79 11 36 50 94 80 90 5 6 87 30 54 81 73 30 39 79 55 43 65 69 45 85 74 51 81 51 36 73 16 40 3 36 98 80 16 16 95 67 35 84 94 19 75 19 26 18 50 38 21 41 53 24 19 80 52 33 38 31 41 51 74 69 81 16 64 65 92 21 55 24 7 25 1 49 81 29 89 2 74 22 1 77 33 41 82 84 31 88 54 
77 22 13 26 18 60 73 78 91 18 95 0 34 83 23 4 35 50 89 71 38 34 13 38 80 66 7 80 93 4 33 86 45 30 47 68 67 29 58 85 44 95 94 21 53 32 26 64 53 60 18 23 55 14 31 24 51 22 72 4 24 13 78 8 53 31 27 9 97 85 82 74 40 57 61 26 66 96 28 19 87 2 35 3 18 86 12 94 54 60 83 12 84 4 84 1 94 86 52 92 33 87 85 82 6 12 70 10 47 75 94 33 39 43 64 24 41 64 64 32 19 41 6 93 80 83 75 41 26 69 50 83 87 47 14 22 81 82 95 50 52 15 31 11 86 5 8 55 60 85 99 42 36 57 14 12 53 67 22 82 95 35 62 92 86 
72 97 60 78 89 54 52 43 10 57 85 34 0 61 93 99 92 75 9 76 82 28 26 87 37 15 4 93 85 73 44 9 56 18 61 33 99 84 28 96 53 51 81 92 80 27 38 25 57 41 53 39 20 45 21 64 22 66 69 93 19 69 17 79 60 57 45 36 40 62 33 68 54 63 76 9 35 34 93 26 68 2 99 9 90 28 30 90 78 11 62 17 80 75 77 98 1 31 4 82 65 39 68 31 22 27 96 11 70 34 37 10 1 56 70 11 4 40 78 38 17 26 47 8 44 1 57 15 56 56 53 79 98 54 61 1 15 61 67 96 40 72 8 17 67 62 70 51 59 80 15 78 13 12 80 96 35 7 70 86 45 71 73 13 47 
7 84 27 17 1 70 72 36 93 34 2 83 61 0 83 8 30 61 83 74 47 87 85 98 48 89 74 77 88 46 37 88 40 38 7 44 59 2 84 30 49 56 46 9 35 30 1 80 20 5 72 2 9 27 41 90 33 71 97 8 39 82 30 4 75 51 92 17 50 43 71 9 32 26 35 55 98 97 71 6 64 95 25 47 21 23 1 70 23 28 26 65 46 39 58 53 53 33 70 80 6 34 65 54 54 54 13 81 97 34 52 56 81 55 13 86 11 82 79 72 85 30 13 64 8 71 83 64 65 45 70 76 89 35 15 60 89 34 25 4 42 31 23 54 97 92 92 83 98 37 7 39 99 32 63 48 63 35 72 43 21 91 51 23 3 
26 26 77 5 98 50 88 76 68 44 85 23 93 83 0 64 1 93 6 73 53 10 95 98 12 99 41 92 77 88 62 3 23 83 94 99 48 30 96 99 81 2 76 2 53 93 65 76 79 63 77 49 37 50 15 74 22 33 72 1 47 25 81 38 17 53 69 93 91 8 61 10 35 64 67 69 14 67 92 1 35 71 17 38 18 39 83 15 38 63 1 34 50 78 32 58 59 74 77 29 77 54 59 32 95 14 39 92 88 60 47 63 87 62 40 72 3 60 26 58 33 31 53 92 42 79 58 46 86 26 74 75 7 3 31 78 79 92 97 43 19 84 90 89 57 43 5 12 25 23 7 5 80 29 54 31 22 28 6 36 73 83 49 52 95 
51 15 72 89 83 75 78 29 86 76 61 4 99 8 64 0 25 77 41 86 29 41 48 24 29 85 90 38 6 24 69 21 14 57 30 29 92 55 29 64 82 61 70 84 73 80 49 53 93 93 97 58 95 40 91 79 62 58 6 77 26 80 94 38 45 61 16 93 42 64 8 3 47 76 53 67 26 38 4 26 85 65 1 53 82 47 85 18 55 36 79 61 51 47 24 66 1 33 13 91 76 26 56 70 6 15 88 3 92 65 99 88 59 25 46 15 78 87 33 92 73 39 84 21 25 72 28 38 96 83 17 55 97 53 74 6 67 81 95 51 3 90 33 8 90 86 37 67 74 12 36 43 40 53 94 85 21 74 8 53 70 58 63 90 84 
21 14 88 28 72 47 63 86 34 99 77 35 92 30 1 25 0 17 29 46 83 82 69 68 62 84 70 39 75 64 73 13 35 25 84 35 23 90 41 88 76 78 39 76 22 16 56 69 83 69 12 37 58 28 80 2 13 2 9 90 64 91 16 86 81 85 28 94 8 15 76 13 62 21 38 63 67 34 58 75 73 6 1 3 5 65 58 36 31 5 76 81 15 3 53 55 16 97 89 1 60 63 2 92 68 82 42 84 45 98 7 88 57 50 48 73 60 94 83 81 99 93 39 11 88 66 96 89 60 74 96 92 35 51 52 83 83 52 92 25 56 69 66 38 58 98 88 45 58 42 33 28 56 64 81 92 77 57 27 63 54 93 23 39 21 
19 85 40 51 15 28 49 35 72 3 23 50 75 61 93 77 17 0 59 44 20 46 76 38 85 35 88 59 2 41 86 38 59 8 25 25 84 42 95 28 33 15 26 14 79 37 25 4 57 94 32 29 77 3 61 60 73 41 16 38 8 83 39 48 61 61 49 83 9 86 69 40 64 55 14 62 41 74 75 69 25 26 34 19 79 47 79 8 78 9 39 50 15 18 46 58 78 88 27 32 59 24 38 43 94 90 82 97 27 47 19 25 40 76 40 7 69 40 47 22 68 74 25 72 33 13 87 66 8 3 97 21 4 86 95 36 18 18 56 44 53 96 26 90 30 52 68 48 21 72 80 9 24 61 57 10 47 61 66 63 22 14 23 28 26 
85 44 44 69 37 34 1 45 9 97 15 89 9 83 6 41 29 59 0 18 33 94 15 86 53 26 61 84 69 90 25 58 64 13 19 27 78 26 1 23 15 75 40 76 20 10 72 54 67 28 89 3 72 86 20 15 14 98 83 23 62 82 12 29 45 3 4 11 32 92 97 30 56 30 34 42 66 50 26 86 49 54 49 1 39 8 22 6 16 78 81 64 98 31 33 73 45 41 68 25 79 68 51 49 36 53 32 2 65 32 19 67 16 44 40 21 2 1 46 83 30 27 8 53 4 22 84 80 63 70 68 9 73 44 96 90 77 73 59 69 59 82 64 93 53 38 48 52 24 71 1 24 23 88 60 9 3 19 4 15 80 68 35 82 65 
12 7 77 4 27 73 43 93 52 91 25 71 76 74 73 86 46 44 18 0 45 43 35 79 45 61 68 43 23 42 69 42 40 81 43 68 99 14 26 39 76 6 93 23 40 74 15 48 72 2 34 71 61 20 16 98 99 54 70 21 36 39 50 82 59 13 76 54 25 96 23 34 25 31 88 1 88 36 46 64 9 42 15 63 11 30 31 38 98 40 11 68 55 78 46 74 69 24 82 65 82 82 33 94 15 31 39 97 88 1 38 67 43 62 19 1 46 83 95 72 71 97 54 1 43 41 40 25 41 93 73 32 5 30 36 36 49 31 48 1 80 8 53 10 25 52 86 92 76 15 82 62 41 13 28 45 1 55 65 17 91 18 60 91 96 
29 78 39 59 33 69 40 83 34 84 47 38 82 47 53 29 83 20 33 45 0 38 73 84 82 40 44 71 91 24 31 74 64 91 49 45 95 17 60 91 45 86 49 18 52 49 7 77 67 87 36 45 79 99 1 39 19 82 37 49 4 52 49 4 89 58 17 88 64 87 22 34 95 32 69 39 72 70 54 13 97 47 41 18 94 79 62 36 59 32 31 49 31 97 97 21 7 75 36 37 74 39 72 57 72 68 50 62 83 99 84 86 88 48 1 66 22 22 40 77 61 3 41 78 44 84 60 67 79 86 51 23 38 14 16 85 47 39 90 55 28 30 49 16 74 30 52 50 89 65 14 53 95 60 35 4 65 81 93 58 1 10 91 39 18 
30 57 92 13 2 40 4 9 62 27 33 34 28 87 10 41 82 46 94 43 38 0 14 43 53 10 39 26 58 82 52 70 54 90 70 30 91 63 77 21 56 89 96 2 63 55 11 32 70 96 48 49 11 41 26 73 88 23 50 56 89 4 29 25 21 66 88 10 12 22 59 88 95 65 79 88 72 87 83 1 43 35 67 58 93 7 71 3 13 91 5 1 35 77 9 24 62 28 16 12 86 54 91 48 61 89 30 84 51 70 39 84 75 96 48 6 60 12 36 52 85 74 13 36 17 10 85 59 49 22 48 72 57 52 68 4 93 51 54 88 80 93 40 81 83 83 3 31 86 48 66 42 57 42 80 45 95 80 87 34 55 16 28 38 6 
15 60 70 3 49 33 58 31 8 27 81 13 26 85 95 48 69 76 15 35 73 14 0 65 35 43 88 45 91 43 45 53 89 58 81 3 65 74 96 50 32 32 42 40 15 3 48 36 51 33 33 42 43 96 17 84 29 32 92 12 39 88 17 57 10 65 84 27 3 39 86 31 87 54 32 31 37 16 22 93 48 74 45 5 67 44 19 60 91 30 78 10 24 91 9 92 15 88 48 73 38 42 90 31 40 6 34 75 20 94 38 90 16 13 98 65 1 70 51 48 19 69 68 67 75 70 56 66 82 51 49 5 51 57 79 39 11 95 25 40 59 56 1 39 94 86 96 71 74 56 16 97 50 56 7 33 30 94 79 20 29 79 42 93 25 
51 16 99 77 89 98 44 65 60 53 71 38 87 98 98 24 68 38 86 79 84 43 65 0 90 11 70 16 47 30 45 20 84 75 80 45 99 13 87 78 50 32 54 88 93 79 3 70 97 23 43 3 21 57 40 38 27 22 4 63 29 10 55 2 29 7 45 68 33 30 70 13 91 16 75 93 17 24 16 12 5 72 95 25 81 38 64 61 82 50 79 12 1 48 24 82 91 13 57 82 29 36 81 9 17 7 22 35 48 46 43 26 36 76 27 54 88 75 67 78 61 53 50 37 61 96 48 70 35 62 33 48 19 92 92 74 82 13 42 58 71 3 35 81 67 88 72 15 27 40 91 59 46 83 85 53 14 10 26 48 65 89 40 86 22 
69 25 34 97 23 8 54 78 42 56 55 80 37 48 12 29 62 85 53 45 82 53 35 90 0 46 45 89 84 69 68 71 36 35 25 62 88 74 21 77 73 59 56 16 83 42 64 28 97 83 90 72 74 97 61 90 80 89 23 35 56 8 38 99 1 76 74 64 58 65 40 15 23 27 16 82 77 93 27 50 89 33 26 99 53 61 78 6 47 65 11 98 2 57 73 92 57 22 87 38 73 75 93 15 15 50 89 46 87 31 84 78 72 59 63 43 19 59 76 13 29 46 50 95 23 77 57 90 39 87 12 20 89 51 75 92 91 41 60 3 9 76 72 30 96 11 73 64 14 36 62 28 6 49 37 83 68 7 39 19 72 54 16 53 47 
88 10 44 97 35 34 44 19 28 8 25 66 15 89 99 85 84 35 26 61 40 10 43 11 46 0 98 75 54 4 25 44 26 27 2 7 19 35 32 97 81 99 44 52 37 83 9 3 20 63 95 76 26 36 80 63 77 77 75 71 48 79 32 34 44 10 57 87 47 38 37 11 51 78 20 46 35 36 8 72 2 4 47 62 7 4 9 37 85 49 82 15 16 49 44 44 58 86 68 47 51 3 1 82 59 19 46 66 28 97 84 59 21 97 44 85 12 99 91 47 38 89 41 7 45 31 59 34 66 22 90 58 1 78 68 16 71 4 48 43 2 82 48 17 69 22 62 30 45 97 67 35 89 87 78 98 39 11 22 17 79 8 54 54 68 
88 67 27 62 95 63 75 39 52 63 78 7 4 74 41 90 70 88 61 68 44 39 88 70 45 98 0 78 13 87 86 29 14 62 7 58 46 62 52 94 7 58 41 8 5 93 8 19 52 73 3 83 47 19 87 30 36 12 53 77 38 79 70 25 70 30 78 25 43 11 66 86 54 21 14 27 7 32 84 50 66 55 1 51 82 38 77 71 21 55 16 46 30 71 15 14 77 82 48 44 76 63 26 26 73 43 62 45 45 54 33 29 6 21 62 8 52 98 51 84 22 10 78 12 68 36 38 42 10 16 94 86 77 30 53 26 87 38 16 23 92 37 46 67 4 59 96 73 73 90 17 86 75 33 63 7 74 38 3 46 14 42 34 4 5 
95 72 57 16 22 15 99 12 41 32 90 80 93 77 92 38 39 59 84 43 71 26 45 16 89 75 78 0 31 66 70 89 75 37 66 57 78 71 17 43 98 58 94 6 90 88 30 96 70 87 42 82 52 47 59 40 84 16 76 94 94 53 57 26 80 37 5 83 95 12 43 23 85 29 57 33 59 87 69 67 23 3 74 2 34 81 8 64 70 6 43 16 36 47 82 24 21 5 24 26 47 32 26 19 12 54 46 7 21 6 68 12 45 45 27 86 57 81 54 38 47 12 65 57 84 23 57 77 75 72 37 51 32 24 29 1 40 62 33 67 59 47 80 38 54 91 89 34 35 26 79 20 84 53 76 85 64 97 80 99 42 39 40 7 9 
97 54 70 75 69 78 98 57 72 80 36 93 85 88 77 6 75 2 69 23 91 58 91 47 84 54 13 31 0 1 88 43 19 45 44 94 6 3 63 37 95 60 84 20 24 31 18 99 40 56 24 17 10 92 31 49 50 38 52 22 1 32 94 19 40 45 50 45 24 37 82 90 70 75 86 69 62 44 47 54 75 13 36 18 12 5 88 27 66 17 76 26 64 25 17 80 85 57 20 34 66 30 39 84 54 70 92 65 20 55 76 70 71 94 23 82 29 98 74 58 51 21 30 33 44 92 48 47 58 80 2 13 40 20 56 60 58 67 89 58 54 56 3 34 45 54 38 63 74 61 70 73 87 83 13 49 9 84 65 27 53 18 28 43 49 
87 70 74 13 68 44 76 53 46 93 58 4 73 46 88 24 64 41 90 42 24 82 43 30 69 4 87 66 1 0 54 93 15 85 46 29 16 34 90 71 15 91 80 66 14 27 52 24 94 11 73 52 30 20 3 37 23 57 99 95 59 22 35 40 55 29 12 60 3 4 87 11 28 2 62 71 13 31 68 80 62 58 8 43 4 54 90 13 75 76 60 35 70 51 98 93 22 86 76 44 4 85 7 2 66 97 19 54 8 71 47 26 35 56 72 64 95 12 13 50 80 68 55 70 82 42 32 83 34 74 10 89 75 96 2 20 12 73 42 24 36 59 30 15 2 50 95 40 28 58 20 33 12 52 88 86 65 77 61 9 40 85 98 19 4 
14 37 53 19 49 62 60 84 95 77 32 33 44 37 62 69 73 86 25 69 31 52 45 45 68 25 86 70 88 54 0 47 41 32 96 43 63 24 17 89 32 98 76 84 7 19 46 65 54 86 44 51 43 14 8 1 6 14 9 39 67 60 98 67 6 26 89 7 16 75 60 20 51 23 3 76 76 51 42 9 48 84 28 10 71 19 79 70 62 84 36 36 57 54 23 14 49 22 8 7 78 29 44 85 71 98 29 74 90 7 54 14 73 55 90 51 49 39 58 35 69 66 52 25 86 48 39 85 39 32 79 79 9 37 96 73 38 78 35 40 20 68 32 71 65 56 60 57 27 90 78 31 53 89 32 84 44 1 52 11 73 40 77 14 70 
10 22 90 31 19 86 67 77 10 47 40 86 9 88 3 21 13 38 58 42 74 70 53 20 71 44 29 89 43 93 47 0 70 50 12 13 60 14 90 32 20 26 65 87 67 19 87 92 99 99 37 49 15 41 46 79 64 1 55 21 85 24 56 60 41 38 3 35 70 44 91 41 84 61 46 19 69 27 61 46 59 24 2 41 14 78 63 52 95 48 62 58 65 98 24 2 3 68 84 5 9 78 15 14 99 7 96 69 98 87 29 74 35 84 59 49 10 15 32 25 25 23 75 26 20 97 75 62 86 8 54 89 62 76 69 18 44 29 18 53 49 92 95 60 22 87 72 93 10 11 21 84 16 47 39 20 61 7 24 32 92 1 84 72 10 
8 41 28 60 98 37 75 69 89 88 15 45 56 40 23 14 35 59 64 40 64 54 89 84 36 26 14 75 19 15 41 70 0 68 66 3 66 48 87 26 20 5 53 71 5 23 63 60 41 70 71 24 77 32 59 28 73 31 19 57 45 37 60 89 57 84 57 2 49 9 55 24 94 54 71 24 43 69 62 31 73 27 36 89 95 22 61 33 91 87 19 10 30 75 31 59 40 95 26 74 74 54 76 78 61 27 7 85 68 78 34 92 52 37 34 84 41 14 65 52 74 7 57 22 60 31 46 69 58 20 83 32 71 61 76 34 18 79 97 1 83 42 68 86 63 35 25 98 73 13 51 64 65 34 60 36 20 7 24 97 61 19 97 63 10 
64 78 44 6 12 13 92 26 47 71 94 30 18 38 83 57 25 8 13 81 91 90 58 75 35 27 62 37 45 85 32 50 68 0 24 41 77 98 7 80 35 81 7 33 13 71 96 52 46 18 88 87 85 7 58 58 84 73 7 88 19 31 7 88 14 54 62 41 39 17 48 39 98 1 66 49 70 32 66 1 76 77 20 85 83 64 39 55 87 13 22 19 46 60 61 13 29 12 14 61 83 60 88 84 3 34 92 10 3 77 44 82 18 89 54 51 76 7 37 95 17 77 99 63 23 71 70 83 16 96 19 22 10 3 79 79 7 97 60 37 26 6 62 9 7 21 57 14 94 4 79 6 82 91 40 99 8 33 11 69 45 99 82 80 98 
62 92 2 17 12 54 6 70 59 70 49 47 61 7 94 30 84 25 19 43 49 70 81 80 25 2 7 66 44 46 96 12 66 24 0 20 50 67 62 51 26 41 25 56 3 87 6 10 95 81 26 54 72 66 56 64 8 69 87 40 58 74 78 39 32 77 60 82 28 90 40 9 4 15 99 10 76 79 82 65 74 84 16 65 53 48 27 54 17 26 8 25 5 10 26 37 90 81 53 70 55 26 42 19 12 81 4 2 18 51 91 19 46 45 49 21 92 17 36 30 8 29 7 30 98 97 95 3 89 91 61 70 1 87 15 69 74 16 87 90 45 68 16 51 35 53 15 71 31 29 93 73 35 60 15 81 13 87 64 86 79 3 10 76 31 
23 50 83 96 53 27 27 32 22 56 14 68 33 44 99 29 35 25 27 68 45 30 3 45 62 7 58 57 94 29 43 13 3 41 20 0 33 20 68 77 31 71 9 18 75 67 49 66 17 33 18 78 59 12 67 34 8 7 5 63 1 22 21 38 51 59 82 79 7 47 13 62 50 52 28 60 15 22 88 54 14 75 35 50 71 24 54 52 13 71 11 99 5 97 12 75 38 32 44 95 38 87 1 39 26 23 45 94 47 86 14 32 47 82 67 37 53 35 32 14 48 19 26 64 87 6 24 20 31 5 8 52 99 67 65 28 96 56 1 44 44 91 63 65 5 7 25 24 28 31 69 26 94 51 68 3 99 86 57 19 13 25 38 70 65 
58 48 95 97 77 83 68 60 55 93 20 67 99 59 48 92 23 84 78 99 95 91 65 99 88 19 46 78 6 16 63 60 66 77 50 33 0 59 1 65 14 22 38 99 15 18 91 90 23 21 51 73 49 11 24 97 66 13 21 86 22 47 32 27 35 59 91 83 70 15 80 84 79 63 26 68 18 20 55 38 1 81 62 62 4 17 54 78 25 65 20 72 63 54 5 5 72 84 70 80 61 98 54 33 88 7 3 41 6 22 4 12 80 68 7 76 47 17 64 5 20 41 38 63 59 6 80 87 75 45 11 7 33 41 9 67 96 73 58 25 95 34 48 95 53 92 12 37 7 61 30 50 56 7 41 64 8 76 27 56 32 83 96 55 78 
2 78 97 61 69 13 32 63 1 99 16 29 84 2 30 55 90 42 26 14 17 63 74 13 74 35 62 71 3 34 24 14 48 98 67 20 59 0 77 7 96 91 79 58 14 84 24 21 66 91 85 55 67 84 88 38 17 8 81 69 16 16 83 21 48 21 59 10 97 56 60 89 8 26 10 11 37 40 21 83 76 29 99 41 86 84 6 11 49 61 68 60 34 22 77 84 7 22 15 42 66 79 69 39 92 54 81 95 13 90 78 61 58 52 15 68 49 55 10 23 34 99 57 81 15 32 20 43 32 74 28 62 15 54 41 91 44 12 74 73 32 52 59 16 49 4 26 65 29 69 60 60 84 78 5 70 67 74 44 88 84 74 79 63 5 
1 41 27 44 46 26 12 30 20 88 98 58 28 84 96 29 41 95 1 26 60 77 96 87 21 32 52 17 63 90 17 90 87 7 62 68 1 77 0 73 41 98 13 19 55 36 20 32 10 71 30 33 86 95 87 85 84 12 85 97 96 83 29 90 37 18 96 22 11 80 62 40 89 91 72 84 46 13 20 45 20 85 64 42 64 31 52 12 54 32 75 92 69 11 21 88 73 78 1 39 89 48 6 47 75 72 94 58 18 47 38 88 88 74 4 51 64 64 61 53 49 52 7 64 94 2 25 23 89 49 35 23 40 19 64 75 89 18 8 28 87 79 3 51 17 44 80 12 78 14 95 39 1 72 27 93 77 95 89 55 17 63 74 57 54 
61 79 85 32 65 2 4 67 20 86 42 85 96 30 99 64 88 28 23 39 91 21 50 78 77 97 94 43 37 71 89 32 26 80 51 77 65 7 73 0 40 19 65 79 69 59 51 54 44 48 51 48 88 95 55 75 66 4 45 12 53 57 41 15 39 98 14 47 62 6 62 15 78 66 93 48 77 14 6 23 42 7 16 31 47 93 33 19 30 72 4 1 51 70 41 36 52 16 50 9 68 66 35 35 86 39 3 46 59 18 34 93 9 45 6 10 42 51 74 78 63 8 33 80 67 42 78 77 49 92 14 76 2 33 28 10 37 8 55 12 90 37 81 59 77 64 24 33 66 80 76 74 63 18 87 66 6 77 60 45 93 30 57 57 68 
82 46 31 45 90 42 55 33 86 75 36 44 53 49 81 82 76 33 15 76 45 56 32 50 73 81 7 98 95 15 32 20 20 35 26 31 14 96 41 40 0 54 18 13 53 83 94 20 61 58 34 62 89 74 80 33 61 71 19 35 74 39 72 23 16 55 28 24 27 12 61 31 62 98 74 45 81 24 65 72 18 65 13 85 39 77 38 38 84 44 88 78 14 44 91 28 47 69 5 99 32 59 90 42 64 97 83 55 88 40 72 37 40 71 17 11 26 48 12 79 64 44 94 42 24 34 89 47 26 46 31 95 87 26 97 38 7 23 30 84 32 88 98 54 16 84 87 16 79 36 7 2 9 83 12 79 81 93 40 7 27 74 77 65 35 
9 88 65 25 41 56 2 72 28 16 26 95 51 56 2 61 78 15 75 6 86 89 32 32 59 99 58 58 60 91 98 26 5 81 41 71 22 91 98 19 54 0 27 83 39 92 9 19 25 6 56 46 3 25 48 58 40 80 38 52 10 38 9 70 16 57 67 38 23 76 19 7 78 72 35 41 53 25 50 7 33 67 13 59 87 33 49 46 56 33 27 16 60 57 31 67 28 94 21 49 39 23 65 62 85 88 68 70 67 8 16 26 95 63 28 94 19 91 85 74 80 37 1 13 24 98 10 47 87 76 75 6 70 43 4 34 77 21 58 2 67 80 78 62 78 79 86 51 86 17 2 22 58 23 17 68 38 61 79 81 91 1 38 77 81 
89 17 23 63 8 56 14 61 98 15 52 94 81 46 76 70 39 26 40 93 49 96 42 54 56 44 41 94 84 80 76 65 53 7 25 9 38 79 13 65 18 27 0 82 8 61 93 24 13 51 16 64 9 3 43 18 16 51 26 64 52 55 28 45 59 80 5 12 37 22 93 10 91 22 13 46 98 29 40 3 48 71 51 19 92 93 37 83 74 57 66 5 48 39 80 76 19 50 64 71 55 43 70 42 21 17 1 40 68 36 22 87 52 91 65 4 9 60 2 10 62 25 38 96 71 52 83 84 74 6 58 19 46 63 87 79 87 67 51 22 94 73 71 77 81 37 69 37 77 45 48 45 52 21 3 47 77 37 46 15 25 85 72 31 94 
14 29 99 80 8 65 60 94 22 57 35 21 92 9 2 84 76 14 76 23 18 2 40 88 16 52 8 6 20 66 84 87 71 33 56 18 99 58 19 79 13 83 82 0 96 12 51 73 69 95 80 63 49 83 36 13 82 32 71 3 71 86 26 25 53 37 2 90 52 96 63 42 68 67 43 55 53 72 31 29 24 10 9 46 94 46 70 21 92 8 18 64 40 62 57 50 43 44 96 86 90 59 98 22 27 23 91 52 59 98 71 28 4 32 11 54 44 25 23 88 16 76 68 24 55 59 67 16 92 27 25 6 27 45 94 81 82 68 58 66 1 12 34 19 61 6 6 72 15 81 26 55 19 85 45 59 71 96 49 11 91 47 73 33 29 
48 46 53 22 34 16 57 73 95 88 23 53 80 35 53 73 22 79 20 40 52 63 15 93 83 37 5 90 24 14 7 67 5 13 3 75 15 14 55 69 53 39 8 96 0 76 4 53 34 82 56 91 20 64 12 4 40 31 23 78 63 65 57 72 36 53 47 9 81 61 4 23 32 96 96 56 11 79 56 19 95 88 78 16 90 55 63 75 51 78 56 67 37 63 37 14 66 53 27 73 90 93 92 48 99 13 54 43 17 49 21 8 85 24 77 38 16 5 16 9 49 37 67 78 19 45 39 12 30 97 74 6 94 31 45 2 39 5 33 86 71 61 4 13 68 12 14 29 4 98 71 29 75 90 16 42 14 2 52 77 84 72 56 10 81 
73 68 4 20 59 93 82 28 19 2 34 32 27 30 93 80 16 37 10 74 49 55 3 79 42 83 93 88 31 27 19 19 23 71 87 67 18 84 36 59 83 92 61 12 76 0 8 28 45 6 47 79 96 70 51 65 88 61 33 88 28 45 45 44 25 19 76 80 1 55 47 95 2 20 71 71 35 63 10 5 63 49 47 49 91 81 11 71 26 20 9 65 3 73 65 94 20 74 67 32 66 65 69 46 92 94 23 98 55 62 48 25 24 27 34 84 95 41 19 15 39 64 7 72 53 15 44 80 84 41 22 61 97 23 49 86 72 96 38 85 67 57 51 66 89 21 1 76 15 94 27 72 91 75 27 6 99 76 68 16 78 25 27 57 79 
31 67 71 78 8 41 9 98 68 85 62 26 38 1 65 49 56 25 72 15 7 11 48 3 64 9 8 30 18 52 46 87 63 96 6 49 91 24 20 51 94 9 93 51 4 8 0 2 22 79 1 91 61 75 53 88 44 64 29 59 92 13 95 14 9 70 27 64 4 5 35 60 8 76 41 20 69 28 88 6 1 83 45 54 55 89 68 30 22 37 40 54 64 17 96 72 77 63 73 22 74 19 83 55 75 74 4 31 79 70 99 97 17 33 49 18 24 76 94 92 65 89 64 71 60 96 28 55 36 30 29 33 54 98 78 81 77 84 4 89 70 58 89 81 48 19 35 70 77 85 33 27 1 75 20 45 29 4 53 93 58 9 62 11 20 
72 79 13 34 35 61 39 94 36 76 79 64 25 80 76 53 69 4 54 48 77 32 36 70 28 3 19 96 99 24 65 92 60 52 10 66 90 21 32 54 20 19 24 73 53 28 2 0 28 99 7 36 54 9 22 87 31 96 69 13 52 23 21 94 33 91 96 2 38 25 83 1 7 68 82 5 13 15 59 5 85 94 50 22 41 82 18 67 54 47 33 9 33 75 32 60 50 12 12 55 9 10 73 90 96 73 48 74 77 12 70 58 95 45 4 22 65 32 44 37 87 60 16 40 69 2 15 83 78 69 32 57 38 30 48 70 6 35 28 64 63 12 59 9 54 37 75 13 27 77 3 86 71 21 48 47 1 53 98 6 17 45 30 49 51 
4 47 40 5 5 71 5 69 96 77 8 53 57 20 79 93 83 57 67 72 67 70 51 97 97 20 52 70 40 94 54 99 41 46 95 17 23 66 10 44 61 25 13 69 34 45 22 28 0 87 18 97 58 33 79 2 22 95 1 77 22 85 92 80 53 57 67 92 89 79 96 57 10 12 85 60 14 49 33 46 20 84 34 84 47 55 73 66 72 57 34 54 60 74 69 50 36 69 72 52 97 7 85 5 24 22 36 60 40 67 61 34 9 4 69 7 8 68 30 95 78 98 37 75 30 91 56 50 82 46 11 16 71 24 37 25 70 26 73 99 77 79 45 97 12 11 84 94 53 31 31 63 22 23 43 57 96 93 38 44 86 96 73 95 2 
71 1 84 40 6 50 71 39 30 91 33 60 41 5 63 93 69 94 28 2 87 96 33 23 83 63 73 87 56 11 86 99 70 18 81 33 21 91 71 48 58 6 51 95 82 6 79 99 87 0 17 27 2 98 53 60 54 80 56 76 96 85 29 55 14 8 16 84 35 52 44 91 76 79 52 58 30 69 61 50 81 3 4 79 88 73 26 40 10 44 57 65 10 2 82 16 87 84 80 64 93 6 82 65 28 19 16 12 71 92 52 6 69 21 53 60 37 3 69 27 22 45 43 43 49 54 5 17 50 21 20 34 65 85 46 35 36 89 25 61 13 82 37 39 16 86 90 84 43 90 67 97 75 40 95 1 11 33 2 88 27 36 40 31 7 
22 30 49 68 62 51 77 61 23 19 4 18 53 72 77 97 12 32 89 34 36 48 33 43 90 95 3 42 24 73 44 37 71 88 26 18 51 85 30 51 34 56 16 80 56 47 1 7 18 17 0 66 80 55 59 45 82 17 92 62 77 84 85 3 87 35 77 86 44 23 72 22 80 98 48 60 72 64 36 30 54 35 14 70 48 91 6 55 98 33 13 28 92 99 70 18 31 34 58 14 3 74 35 52 16 8 72 77 13 22 67 10 37 60 72 46 34 92 78 34 74 98 85 39 71 86 37 95 13 43 69 26 89 95 41 82 87 58 57 82 54 3 13 6 29 22 47 90 94 23 98 51 98 15 82 69 82 22 4 90 73 51 52 20 53 
50 64 62 35 51 33 74 98 57 63 68 23 39 2 49 58 37 29 3 71 45 49 42 3 72 76 83 82 17 52 51 49 24 87 54 78 73 55 33 48 62 46 64 63 91 79 91 36 97 27 66 0 20 60 24 59 77 36 73 71 31 81 90 52 63 50 44 13 97 51 33 35 55 84 91 46 46 9 53 79 90 22 64 32 6 72 8 39 9 60 94 72 94 98 83 2 67 43 99 47 60 59 58 16 83 44 11 61 59 51 67 65 34 68 53 59 48 91 24 15 8 32 63 78 4 19 9 45 94 90 68 26 88 21 1 38 72 87 74 26 33 91 32 99 64 10 33 67 69 77 65 35 2 25 65 17 5 87 78 24 72 81 22 94 61 
58 76 71 35 77 91 6 10 11 46 96 55 20 9 37 95 58 77 72 61 79 11 43 21 74 26 47 52 10 30 43 15 77 85 72 59 49 67 86 88 89 3 9 49 20 96 61 54 58 2 80 20 0 48 99 19 83 15 28 62 27 69 80 85 76 60 9 3 81 25 63 33 61 96 45 21 86 92 90 8 19 49 77 37 63 55 31 3 4 7 66 77 11 36 67 66 76 32 56 20 85 71 45 67 56 86 96 60 63 77 81 96 13 81 19 19 9 60 47 72 98 75 65 78 79 47 2 36 83 66 7 49 64 12 87 82 59 95 28 31 18 59 44 72 47 36 7 19 45 41 82 48 41 75 73 58 59 85 4 30 58 45 26 61 9 
4 36 14 43 46 21 80 68 43 66 58 14 45 27 50 40 28 3 86 20 99 41 96 57 97 36 19 47 92 20 14 41 32 7 66 12 11 84 95 95 74 25 3 83 64 70 75 9 33 98 55 60 48 0 49 26 29 46 75 54 24 19 97 81 19 95 24 92 37 16 15 66 78 31 54 61 68 85 96 85 86 64 69 69 22 27 44 38 5 34 41 45 95 32 57 57 99 85 15 28 19 77 13 25 55 49 48 44 62 8 20 47 20 80 59 95 61 54 14 31 29 3 76 93 44 30 91 80 48 35 29 10 53 25 73 89 88 1 24 17 15 90 44 7 76 37 42 22 2 85 35 88 86 72 15 83 4 10 45 26 49 88 70 94 78 
69 54 37 79 97 53 85 79 73 53 97 31 21 41 15 91 80 61 20 16 1 26 17 40 61 80 87 59 31 3 8 46 59 58 56 67 24 88 87 55 80 48 43 36 12 51 53 22 79 53 59 24 99 49 0 35 76 40 28 14 46 90 19 2 38 69 21 31 84 97 89 12 42 76 73 6 87 44 38 98 76 40 94 34 15 78 97 18 73 83 97 37 63 13 80 58 84 24 86 32 20 96 52 69 16 39 55 68 44 33 73 34 93 37 13 55 89 36 92 95 11 97 88 68 31 67 39 31 45 65 90 17 99 76 68 32 1 24 84 78 90 10 28 40 91 18 76 63 38 61 44 42 39 17 84 85 89 19 66 10 15 56 31 8 83 
25 94 24 83 22 39 60 64 32 29 47 24 64 90 74 79 2 60 15 98 39 73 84 38 90 63 30 40 49 37 1 79 28 58 64 34 97 38 85 75 33 58 18 13 4 65 88 87 2 60 45 59 19 26 35 0 4 22 74 23 13 16 91 47 37 30 72 42 41 75 73 60 58 2 21 98 18 33 2 87 82 35 47 41 22 65 89 19 18 51 17 32 20 80 96 41 31 54 66 51 85 4 29 16 74 42 42 52 44 65 75 48 84 30 77 54 2 90 71 36 4 4 7 7 88 36 61 30 77 76 42 8 42 32 34 15 89 91 68 11 77 50 20 21 55 74 71 39 36 51 53 42 93 99 13 84 59 29 71 43 25 5 91 25 86 
44 34 23 39 93 66 32 21 13 88 90 51 22 33 22 62 13 73 14 99 19 88 29 27 80 77 36 84 50 23 6 64 73 84 8 8 66 17 84 66 61 40 16 82 40 88 44 31 22 54 82 77 83 29 76 4 0 74 29 88 98 57 15 10 20 65 73 1 93 95 38 42 30 56 50 19 16 58 60 89 86 41 89 73 97 83 33 61 42 60 62 83 38 23 48 88 14 24 74 28 3 54 9 6 81 11 71 41 66 36 73 66 52 40 68 28 52 37 69 8 27 39 9 82 11 64 16 80 59 22 6 2 15 81 35 36 86 39 58 8 57 81 18 45 86 77 72 85 88 53 34 39 80 30 5 60 32 78 9 92 29 94 88 82 6 
77 3 67 49 72 81 91 36 83 39 22 22 66 71 33 58 2 41 98 54 82 23 32 22 89 77 12 16 38 57 14 1 31 73 69 7 13 8 12 4 71 80 51 32 31 61 64 96 95 80 17 36 15 46 40 22 74 0 68 94 52 94 48 88 41 18 37 48 52 26 76 87 66 12 91 17 90 73 67 32 7 14 39 86 5 30 21 93 55 61 23 30 84 30 85 61 40 50 79 67 26 66 60 94 99 80 61 50 72 55 70 43 16 37 39 43 40 52 51 11 13 57 72 75 94 99 91 1 84 26 22 69 41 2 7 15 21 34 74 67 26 48 98 2 22 62 62 20 10 20 44 13 79 79 38 75 8 7 64 98 90 83 88 92 1 
27 85 93 82 93 58 8 56 8 21 93 72 69 97 72 6 9 16 83 70 37 50 92 4 23 75 53 76 52 99 9 55 19 7 87 5 21 81 85 45 19 38 26 71 23 33 29 69 1 56 92 73 28 75 28 74 29 68 0 16 72 31 82 88 53 48 54 49 63 12 11 54 51 71 53 64 50 18 45 29 96 89 50 43 38 23 88 86 20 5 40 24 27 11 20 43 64 90 34 86 64 57 89 26 85 54 35 60 45 22 94 90 59 60 8 71 71 50 13 4 82 3 42 43 19 36 64 60 33 94 58 28 77 89 8 6 88 43 65 78 74 46 4 70 77 97 99 27 54 78 8 31 65 71 72 23 48 65 92 97 98 75 36 10 38 
53 84 96 6 26 53 67 29 88 98 85 4 93 8 1 77 90 38 23 21 49 56 12 63 35 71 77 94 22 95 39 21 57 88 40 63 86 69 97 12 35 52 64 3 78 88 59 13 77 76 62 71 62 54 14 23 88 94 16 0 10 48 30 25 63 10 91 70 55 49 55 85 38 2 49 97 11 27 24 68 69 45 74 92 44 83 58 42 4 73 2 51 65 29 20 35 27 73 87 26 24 62 4 54 22 84 95 30 17 23 17 60 33 43 30 17 44 16 18 69 5 21 77 31 95 67 72 3 97 23 26 55 29 30 19 98 36 61 78 26 69 52 42 26 55 92 99 96 80 98 48 11 63 61 99 64 71 6 88 49 73 79 56 42 98 
81 49 54 92 98 90 33 46 9 52 59 24 19 39 47 26 64 8 62 36 4 89 39 29 56 48 38 94 1 59 67 85 45 19 58 1 22 16 96 53 74 10 52 71 63 28 92 52 22 96 77 31 27 24 46 13 98 52 72 10 0 89 30 38 1 95 1 76 16 51 6 65 4 84 77 50 79 64 20 74 91 58 48 68 66 11 1 95 8 57 12 51 16 32 62 56 13 82 62 48 72 36 37 96 98 65 24 93 1 66 97 90 75 78 89 88 49 5 57 4 74 73 72 14 76 63 43 81 32 47 71 30 18 48 38 13 62 61 33 58 33 86 23 10 44 70 98 39 5 38 74 6 34 75 18 9 16 30 53 17 36 66 21 99 39 
42 55 10 9 2 20 47 93 62 60 65 13 69 82 25 80 91 83 82 39 52 4 88 10 8 79 79 53 32 22 60 24 37 31 74 22 47 16 83 57 39 38 55 86 65 45 13 23 85 85 84 81 69 19 90 16 57 94 31 48 89 0 91 13 5 63 68 54 10 26 22 35 24 21 50 99 53 98 40 3 98 50 99 21 7 70 32 4 96 32 12 22 42 2 59 86 99 23 43 9 21 71 55 52 15 77 3 63 76 28 8 42 22 44 20 80 74 94 39 39 44 10 2 88 18 15 58 94 20 42 43 79 96 42 81 23 40 88 8 29 32 4 95 77 15 68 56 69 94 52 35 42 28 18 27 65 51 54 84 22 9 10 13 17 74 
83 33 42 41 14 95 76 57 24 95 41 78 17 30 81 94 16 39 12 50 49 29 17 55 38 32 70 57 94 35 98 56 60 7 78 21 32 83 29 41 72 9 28 26 57 45 95 21 92 29 85 90 80 97 19 91 15 48 82 30 30 91 0 26 64 12 48 20 75 26 43 44 98 81 55 83 39 20 7 5 94 58 4 91 91 10 6 93 57 99 71 92 30 53 45 87 5 37 11 87 84 23 55 50 85 4 54 27 33 1 16 79 54 29 25 83 16 59 26 67 1 61 86 68 18 50 80 74 19 41 92 78 95 62 81 84 4 2 45 38 63 63 22 25 97 60 8 58 97 79 28 32 97 46 38 59 43 29 96 21 23 40 2 1 13 
16 29 58 70 39 65 83 52 35 65 79 8 79 4 38 38 86 48 29 82 4 25 57 2 99 34 25 26 19 40 67 60 89 88 39 38 27 21 90 15 23 70 45 25 72 44 14 94 80 55 3 52 85 81 2 47 10 88 88 25 38 13 26 0 28 6 55 66 26 8 6 59 99 20 68 62 30 98 90 62 50 96 52 73 12 74 43 99 79 98 83 60 67 34 7 39 11 17 33 14 86 39 16 91 2 48 96 63 69 36 2 85 76 38 57 62 27 14 79 27 31 46 72 96 81 15 88 39 57 90 16 76 32 55 59 41 35 70 31 3 14 89 17 33 17 91 60 64 30 94 74 35 29 56 72 46 50 42 41 45 96 5 58 12 55 
65 56 89 6 86 43 45 5 95 15 79 53 60 75 17 45 81 61 45 59 89 21 10 29 1 44 70 80 40 55 6 41 57 14 32 51 35 48 37 39 16 16 59 53 36 25 9 33 53 14 87 63 76 19 38 37 20 41 53 63 1 5 64 28 0 24 46 61 7 38 72 44 8 20 44 30 62 67 65 21 36 75 2 97 78 26 49 91 88 95 41 81 44 49 29 59 14 25 36 30 43 8 66 79 43 24 25 27 15 74 47 15 36 22 67 79 25 85 24 10 95 47 97 90 1 24 64 24 8 29 65 49 15 77 71 30 50 73 35 20 97 25 94 20 91 1 79 85 58 67 29 83 6 64 71 5 30 69 38 99 45 54 50 14 27 
69 83 94 8 28 48 65 80 4 98 63 31 57 51 53 61 85 61 3 13 58 66 65 7 76 10 30 37 45 29 26 38 84 54 77 59 59 21 18 98 55 57 80 37 53 19 70 91 57 8 35 50 60 95 69 30 65 18 48 10 95 63 12 6 24 0 74 71 96 44 5 12 49 11 51 94 96 2 53 59 68 97 57 58 72 93 71 1 40 3 19 73 41 31 52 58 63 44 14 35 36 17 63 96 86 97 66 66 67 85 70 79 65 43 29 1 95 56 25 27 4 19 12 86 96 11 66 91 13 8 60 52 77 23 34 19 37 47 23 33 54 44 95 31 31 16 97 33 85 41 32 35 66 35 75 16 92 9 18 76 61 72 25 90 34 
26 32 77 79 39 22 38 76 56 53 63 27 45 92 69 16 28 49 4 76 17 88 84 45 74 57 78 5 50 12 89 3 57 62 60 82 91 59 96 14 28 67 5 2 47 76 27 96 67 16 77 44 9 24 21 72 73 37 54 91 1 68 48 55 46 74 0 65 80 48 90 34 68 53 94 54 79 68 98 58 81 54 28 99 47 54 56 70 20 73 91 90 10 16 93 36 67 9 89 96 80 70 85 55 37 85 81 9 8 25 79 9 10 94 81 91 13 67 30 67 25 38 62 86 47 91 49 31 68 20 44 2 88 81 82 32 16 89 71 4 69 49 54 35 75 24 10 10 83 9 72 42 88 47 75 70 98 98 56 60 2 9 64 80 79 
99 29 83 38 85 98 48 32 69 45 48 9 36 17 93 93 94 83 11 54 88 10 27 68 64 87 25 83 45 60 7 35 2 41 82 79 83 10 22 47 24 38 12 90 9 80 64 2 92 84 86 13 3 92 31 42 1 48 49 70 76 54 20 66 61 71 65 0 48 93 62 13 36 35 17 99 12 16 82 89 75 46 76 78 95 6 49 69 69 54 49 11 47 1 87 62 62 46 55 94 16 64 17 66 40 98 37 85 21 67 46 46 66 78 8 39 20 53 60 33 29 25 39 89 73 91 94 68 79 86 2 43 54 3 12 75 61 92 90 42 11 57 14 78 19 26 3 97 1 98 87 29 91 3 2 85 94 57 7 66 6 10 18 88 18 
88 95 12 79 34 2 74 77 16 17 28 97 40 50 91 42 8 9 32 25 64 12 3 33 58 47 43 95 24 3 16 70 49 39 28 7 70 97 11 62 27 23 37 52 81 1 4 38 89 35 44 97 81 37 84 41 93 52 63 55 16 10 75 26 7 96 80 48 0 13 76 6 10 44 1 86 89 18 64 27 29 88 2 78 34 81 16 48 78 74 38 25 26 5 16 95 55 26 33 48 8 59 47 76 62 49 68 81 5 58 55 19 98 49 27 27 25 64 33 43 31 3 80 26 11 29 15 33 7 72 96 44 36 46 93 29 28 16 10 95 32 54 71 22 67 61 38 98 58 72 92 58 96 91 21 95 6 2 27 8 62 4 30 22 89 
8 75 37 34 2 90 91 53 25 65 72 85 62 43 8 64 15 86 92 96 87 22 39 30 65 38 11 12 37 4 75 44 9 17 90 47 15 56 80 6 12 76 22 96 61 55 5 25 79 52 23 51 25 16 97 75 95 26 12 49 51 26 26 8 38 44 48 93 13 0 60 92 99 59 13 17 3 1 72 32 43 59 29 93 41 32 75 35 41 26 57 74 77 2 13 54 85 61 45 40 56 90 68 65 42 96 47 19 46 87 94 11 34 57 32 4 21 35 67 96 25 75 40 73 88 7 34 52 84 23 17 16 82 70 70 66 78 64 56 97 70 52 55 10 17 53 26 22 58 26 50 52 47 95 90 33 38 39 4 3 38 6 7 63 87 
27 9 17 28 32 39 85 39 95 31 43 82 33 71 61 8 76 69 97 23 22 59 86 70 40 37 66 43 82 87 60 91 55 48 40 13 80 60 62 62 61 19 93 63 4 47 35 83 96 44 72 33 63 15 89 73 38 76 11 55 6 22 43 6 72 5 90 62 76 60 0 90 44 25 95 67 36 88 87 64 17 95 28 44 11 83 45 37 8 77 43 44 16 75 32 49 87 11 22 92 24 45 25 27 86 27 43 97 18 76 18 43 53 54 74 88 97 41 7 1 4 80 94 33 35 28 13 84 94 91 6 58 51 35 86 45 96 28 71 90 18 49 66 20 64 27 33 2 85 16 79 83 56 53 57 23 58 76 64 32 44 96 35 76 97 
26 33 31 52 39 13 16 84 63 83 15 74 68 9 10 3 13 40 30 34 34 88 31 13 15 11 86 23 90 11 20 41 24 39 9 62 84 89 40 15 31 7 10 42 23 95 60 1 57 91 22 35 33 66 12 60 42 87 54 85 65 35 44 59 44 12 34 13 6 92 90 0 57 2 50 86 41 65 51 57 33 63 85 24 71 89 42 39 27 2 1 37 37 42 89 17 69 54 22 93 24 92 50 52 70 54 1 61 13 20 28 13 88 17 70 97 90 33 95 91 79 7 43 13 33 90 72 75 91 99 79 36 2 30 92 32 42 42 4 66 63 70 7 69 7 46 50 41 52 89 14 24 42 36 19 70 15 61 88 67 23 73 28 11 56 
23 9 85 78 29 19 66 81 27 11 94 40 54 32 35 47 62 64 56 25 95 95 87 91 23 51 54 85 70 28 51 84 94 98 4 50 79 8 89 78 62 78 91 68 32 2 8 7 10 76 80 55 61 78 42 58 30 66 51 38 4 24 98 99 8 49 68 36 10 99 44 57 0 21 71 26 95 25 88 13 70 19 45 12 47 15 51 76 65 88 30 64 67 8 1 18 46 61 11 39 53 10 13 42 24 71 58 76 24 55 91 2 51 75 9 65 70 76 97 87 14 29 62 78 98 30 64 57 86 63 97 8 28 63 74 18 86 86 93 61 31 20 8 3 44 59 17 49 29 63 99 7 75 60 53 9 5 44 75 51 96 22 11 65 67 
10 85 58 31 76 78 53 75 99 46 52 57 63 26 64 76 21 55 30 31 32 65 54 16 27 78 21 29 75 2 23 61 54 1 15 52 63 26 91 66 98 72 22 67 96 20 76 68 12 79 98 84 96 31 76 2 56 12 71 2 84 21 81 20 20 11 53 35 44 59 25 2 21 0 69 52 91 96 6 37 37 44 66 68 26 28 3 47 27 78 45 79 84 78 47 30 49 64 13 60 46 49 67 13 45 69 64 8 4 30 87 63 63 36 8 43 56 76 97 66 88 49 2 58 81 53 46 96 22 90 74 8 1 15 34 59 79 68 48 54 23 95 58 18 17 7 34 95 16 49 53 95 18 53 31 3 38 51 57 91 67 66 87 6 15 
68 78 36 44 32 78 70 71 48 89 19 61 76 35 67 53 38 14 34 88 69 79 32 75 16 20 14 57 86 62 3 46 71 66 99 28 26 10 72 93 74 35 13 43 96 71 41 82 85 52 48 91 45 54 73 21 50 91 53 49 77 50 55 68 44 51 94 17 1 13 95 50 71 69 0 12 43 79 15 85 1 4 60 72 93 49 10 8 24 23 99 7 33 88 69 83 97 12 26 89 94 96 16 94 72 80 68 70 6 42 61 86 18 39 93 2 16 50 24 41 36 75 41 36 50 29 87 31 40 16 89 40 34 81 23 65 87 77 7 11 80 29 47 24 44 62 44 65 1 75 97 1 1 32 75 41 12 72 60 76 6 20 31 95 45 
24 51 42 47 52 89 67 27 88 79 79 26 9 55 69 67 63 62 42 1 39 88 31 93 82 46 27 33 69 71 76 19 24 49 10 60 68 11 84 48 45 41 46 55 56 71 20 5 60 58 60 46 21 61 6 98 19 17 64 97 50 99 83 62 30 94 54 99 86 17 67 86 26 52 12 0 26 70 32 75 30 91 5 59 79 85 85 28 65 1 3 6 19 62 73 65 43 74 89 51 67 48 95 6 41 92 34 80 6 78 67 31 16 45 33 76 45 5 16 11 14 72 54 14 57 23 59 48 64 51 25 48 19 83 15 15 83 20 35 77 67 39 72 54 12 64 41 15 25 80 68 73 31 31 98 86 14 70 82 78 5 26 60 27 24 
28 80 82 10 67 91 90 58 36 60 11 66 35 98 14 26 67 41 66 88 72 72 37 17 77 35 7 59 62 13 76 69 43 70 76 15 18 37 46 77 81 53 98 53 11 35 69 13 14 30 72 46 86 68 87 18 16 90 50 11 79 53 39 30 62 96 79 12 89 3 36 41 95 91 43 26 0 62 39 89 83 85 14 89 91 73 48 52 98 64 29 28 60 95 79 60 51 11 92 85 23 38 30 13 21 67 53 16 3 42 58 2 98 63 46 44 4 48 88 5 40 69 6 72 60 8 34 58 90 58 72 29 48 5 62 52 2 91 75 25 41 97 37 52 88 84 68 3 68 65 28 21 28 15 18 77 92 11 90 59 75 8 40 3 68 
38 42 3 68 68 84 29 31 17 98 36 96 34 97 67 38 34 74 50 36 70 87 16 24 93 36 32 87 44 31 51 27 69 32 79 22 20 40 13 14 24 25 29 72 79 63 28 15 49 69 64 9 92 85 44 33 58 73 18 27 64 98 20 98 67 2 68 16 18 1 88 65 25 96 79 70 62 0 57 44 98 33 61 25 2 26 64 15 11 59 48 39 14 76 43 43 55 41 97 57 99 70 1 17 51 49 12 79 15 32 33 83 99 73 45 27 30 96 33 59 11 28 84 46 3 54 45 78 98 32 80 17 32 51 90 8 60 51 15 90 58 44 43 95 78 29 55 69 39 61 27 98 20 94 60 20 36 90 92 21 69 41 76 79 15 
58 65 86 4 33 40 20 65 88 43 50 28 93 71 92 4 58 75 26 46 54 83 22 16 27 8 84 69 47 68 42 61 62 66 82 88 55 21 20 6 65 50 40 31 56 10 88 59 33 61 36 53 90 96 38 2 60 67 45 24 20 40 7 90 65 53 98 82 64 72 87 51 88 6 15 32 39 57 0 48 74 15 1 65 24 89 69 46 52 43 90 35 86 85 59 67 59 89 88 47 64 69 45 33 60 23 8 26 81 78 66 89 32 53 3 26 5 67 87 23 31 58 76 38 59 34 57 83 33 74 76 89 40 66 89 74 42 59 76 92 27 93 29 73 8 76 55 16 62 87 24 20 75 25 88 68 53 12 17 70 24 40 38 35 30 
84 84 94 68 75 99 18 39 91 65 94 19 26 6 1 26 75 69 86 64 13 1 93 12 50 72 50 67 54 80 9 46 31 1 65 54 38 83 45 23 72 7 3 29 19 5 6 5 46 50 30 79 8 85 98 87 89 32 29 68 74 3 5 62 21 59 58 89 27 32 64 57 13 37 85 75 89 44 48 0 73 58 96 4 16 3 4 23 86 14 84 11 57 93 41 40 45 67 75 77 29 67 14 11 65 63 75 3 24 56 50 10 81 12 5 33 88 6 55 94 49 3 52 29 86 30 61 47 18 49 93 43 12 35 91 20 18 92 3 88 94 98 68 12 70 60 17 71 4 39 40 64 74 11 80 15 32 97 98 30 21 56 72 99 31 
39 25 37 55 33 16 6 19 79 6 80 87 68 64 35 85 73 25 49 9 97 43 48 5 89 2 66 23 75 62 48 59 73 76 74 14 1 76 20 42 18 33 48 24 95 63 1 85 20 81 54 90 19 86 76 82 86 7 96 69 91 98 94 50 36 68 81 75 29 43 17 33 70 37 1 30 83 98 74 73 0 85 97 35 95 6 11 54 94 67 58 87 21 47 33 35 94 56 41 70 14 75 27 56 69 86 72 21 6 88 61 82 91 58 73 95 29 93 22 2 63 54 12 21 36 29 81 15 48 15 90 58 78 24 79 68 79 29 65 85 44 50 77 55 24 4 79 74 85 55 79 30 49 41 81 87 38 2 9 48 90 77 85 11 31 
9 21 47 98 98 38 80 96 88 91 90 2 2 95 71 65 6 26 54 42 47 35 74 72 33 4 55 3 13 58 84 24 27 77 84 75 81 29 85 7 65 67 71 10 88 49 83 94 84 3 35 22 49 64 40 35 41 14 89 45 58 50 58 96 75 97 54 46 88 59 95 63 19 44 4 91 85 33 15 58 85 0 95 15 14 83 25 33 17 79 53 25 86 9 69 50 12 11 18 12 34 90 40 78 62 67 51 77 84 72 6 33 61 42 79 84 7 38 41 15 38 29 40 80 77 55 77 16 75 43 56 64 61 7 62 46 81 91 15 72 88 10 85 72 64 65 51 14 37 43 58 9 68 92 36 62 63 30 60 3 25 75 38 87 31 
33 45 81 64 6 97 11 42 58 77 5 35 99 25 17 1 1 34 49 15 41 67 45 95 26 47 1 74 36 8 28 2 36 20 16 35 62 99 64 16 13 13 51 9 78 47 45 50 34 4 14 64 77 69 94 47 89 39 50 74 48 99 4 52 2 57 28 76 2 29 28 85 45 66 60 5 14 61 1 96 97 95 0 44 83 71 21 84 90 61 71 53 5 94 95 5 84 15 63 8 8 49 21 83 3 82 76 52 93 98 54 32 59 47 52 5 4 25 3 31 55 29 28 42 40 39 23 84 32 17 5 44 32 95 81 26 36 44 65 65 98 32 24 61 22 74 25 12 98 25 8 43 90 66 59 79 59 13 18 35 80 9 34 56 21 
35 16 28 81 1 37 30 96 25 56 6 3 9 47 38 53 3 19 1 63 18 58 5 25 99 62 51 2 18 43 10 41 89 85 65 50 62 41 42 31 85 59 19 46 16 49 54 22 84 79 70 32 37 69 34 41 73 86 43 92 68 21 91 73 97 58 99 78 78 93 44 24 12 68 72 59 89 25 65 4 35 15 44 0 13 65 36 13 17 49 35 84 72 46 21 55 20 88 27 90 98 80 87 7 69 22 45 50 97 12 43 62 18 18 44 5 20 6 51 33 42 84 13 12 28 60 89 63 74 84 16 49 89 61 67 99 28 8 86 28 9 42 28 41 83 93 21 91 27 93 83 56 21 21 19 44 43 91 11 19 51 86 2 39 9 
11 31 73 29 38 99 18 58 56 43 87 18 90 21 18 82 5 79 39 11 94 93 67 81 53 7 82 34 12 4 71 14 95 83 53 71 4 86 64 47 39 87 92 94 90 91 55 41 47 88 48 6 63 22 15 22 97 5 38 44 66 7 91 12 78 72 47 95 34 41 11 71 47 26 93 79 91 2 24 16 95 14 83 13 0 17 42 46 79 68 57 68 5 71 57 86 18 80 80 75 2 28 87 63 22 99 16 61 30 76 88 54 79 66 65 40 67 37 15 96 43 3 61 36 51 86 51 82 92 7 72 13 9 17 19 56 49 31 6 66 36 50 92 34 43 86 36 16 52 37 9 38 31 86 42 77 64 95 42 56 83 12 23 49 28 
24 92 29 38 73 2 82 49 50 21 30 86 28 23 39 47 65 47 8 30 79 7 44 38 61 4 38 81 5 54 19 78 22 64 48 24 17 84 31 93 77 33 93 46 55 81 89 82 55 73 91 72 55 27 78 65 83 30 23 83 11 70 10 74 26 93 54 6 81 32 83 89 15 28 49 85 73 26 89 3 6 83 71 65 17 0 73 4 36 49 80 45 45 8 28 54 35 38 45 30 9 97 70 9 65 90 28 63 80 81 69 68 92 82 67 74 10 82 11 57 98 85 75 41 1 45 28 24 69 12 33 48 21 62 69 22 75 91 98 73 72 17 40 38 60 75 75 4 87 94 62 42 71 31 84 82 80 65 20 62 94 65 58 63 66 
16 15 3 65 44 33 47 43 53 89 54 12 30 1 83 85 58 79 22 31 62 71 19 64 78 9 77 8 88 90 79 63 61 39 27 54 54 6 52 33 38 49 37 70 63 11 68 18 73 26 6 8 31 44 97 89 33 21 88 58 1 32 6 43 49 71 56 49 16 75 45 42 51 3 10 85 48 64 69 4 11 25 21 36 42 73 0 71 36 65 33 33 42 91 60 92 81 48 77 40 84 65 86 69 70 26 68 16 9 93 99 66 40 32 84 26 84 23 99 76 33 62 50 94 97 95 7 24 21 88 90 4 62 49 59 32 59 25 39 73 17 8 67 20 44 97 90 74 4 11 33 2 98 76 96 96 79 36 54 43 79 39 88 24 13 
88 20 14 38 25 31 8 53 25 69 81 94 90 70 15 18 36 8 6 38 36 3 60 61 6 37 71 64 27 13 70 52 33 55 54 52 78 11 12 19 38 46 83 21 75 71 30 67 66 40 55 39 3 38 18 19 61 93 86 42 95 4 93 99 91 1 70 69 48 35 37 39 76 47 8 28 52 15 46 23 54 33 84 13 46 4 71 0 5 95 1 90 43 56 95 42 76 92 18 1 46 97 54 15 17 97 83 59 93 95 47 23 8 37 55 96 25 92 75 40 17 57 54 29 39 94 95 70 3 42 33 62 59 88 96 17 79 55 17 42 91 24 45 69 92 30 15 16 21 95 22 39 63 83 58 84 24 74 69 86 75 30 68 56 27 
26 27 42 94 17 8 18 23 16 19 73 54 78 23 38 55 31 78 16 98 59 13 91 82 47 85 21 70 66 75 62 95 91 87 17 13 25 49 54 30 84 56 74 92 51 26 22 54 72 10 98 9 4 5 73 18 42 55 20 4 8 96 57 79 88 40 20 69 78 41 8 27 65 27 24 65 98 11 52 86 94 17 90 17 79 36 36 5 0 9 51 61 75 5 20 54 95 27 48 63 60 69 47 29 1 24 96 18 93 73 43 15 52 35 47 6 61 54 62 24 23 98 58 9 32 32 57 38 36 41 30 77 12 28 19 64 3 19 23 13 6 89 20 13 25 53 54 4 34 75 35 24 61 1 29 71 68 70 10 14 62 23 6 72 18 
72 87 37 19 97 51 87 65 68 93 30 60 11 28 63 36 5 9 78 40 32 91 30 50 65 49 55 6 17 76 84 48 87 13 26 71 65 61 32 72 44 33 57 8 78 20 37 47 57 44 33 60 7 34 83 51 60 61 5 73 57 32 99 98 95 3 73 54 74 26 77 2 88 78 23 1 64 59 43 14 67 79 61 49 68 49 65 95 9 0 38 7 29 58 78 55 13 40 93 49 79 81 60 29 83 18 64 8 48 85 90 19 53 30 13 28 60 1 8 82 3 73 58 76 47 9 82 37 88 72 58 53 38 72 73 68 99 59 36 59 47 83 1 2 76 88 42 99 22 20 37 55 49 72 64 18 22 25 8 75 66 16 41 6 16 
93 8 41 79 97 51 62 71 74 50 39 83 62 26 1 79 76 39 81 11 31 5 78 79 11 82 16 43 76 60 36 62 19 22 8 11 20 68 75 4 88 27 66 18 56 9 40 33 34 57 13 94 66 41 97 17 62 23 40 2 12 12 71 83 41 19 91 49 38 57 43 1 30 45 99 3 29 48 90 84 58 53 71 35 57 80 33 1 51 38 0 10 93 8 7 51 90 17 65 43 93 15 99 43 44 41 88 87 51 27 92 11 34 67 40 37 47 54 63 40 94 38 2 97 37 97 89 49 20 75 33 84 1 20 55 92 73 29 50 36 78 3 63 73 70 8 2 14 90 33 49 77 25 5 82 12 4 82 44 31 78 85 34 44 14 
75 54 19 71 42 33 65 62 47 84 79 12 17 65 34 61 81 50 64 68 49 1 10 12 98 15 46 16 26 35 36 58 10 19 25 99 72 60 92 1 78 16 5 64 67 65 54 9 54 65 28 72 77 45 37 32 83 30 24 51 51 22 92 60 81 73 90 11 25 74 44 37 64 79 7 6 28 39 35 11 87 25 53 84 68 45 33 90 61 7 10 0 40 11 49 85 62 24 12 24 77 81 13 87 73 7 88 50 93 98 17 74 65 26 60 47 73 43 19 72 78 52 26 47 5 43 21 36 79 1 69 20 21 1 9 89 72 79 37 51 60 9 62 8 88 27 77 21 3 4 30 17 17 6 49 71 44 7 54 54 59 2 64 29 65 
63 48 98 93 25 44 8 61 21 16 55 84 80 46 50 51 15 15 98 55 31 35 24 1 2 16 30 36 64 70 57 65 30 46 5 5 63 34 69 51 14 60 48 40 37 3 64 33 60 10 92 94 11 95 63 20 38 84 27 65 16 42 30 67 44 41 10 47 26 77 16 37 67 84 33 19 60 14 86 57 21 86 5 72 5 45 42 43 75 29 93 40 0 87 16 59 58 24 2 49 74 14 72 73 15 38 71 92 72 33 9 4 6 48 66 31 44 76 73 93 27 25 31 78 51 43 94 2 24 11 12 7 77 4 20 70 62 46 32 11 84 1 34 53 15 65 87 98 69 53 27 22 49 80 55 68 77 44 33 46 61 33 25 45 96 
47 61 39 53 22 42 30 97 67 18 43 4 75 39 78 47 3 18 31 78 97 77 91 48 57 49 71 47 25 51 54 98 75 60 10 97 54 22 11 70 44 57 39 62 63 73 17 75 74 2 99 98 36 32 13 80 23 30 11 29 32 2 53 34 49 31 16 1 5 2 75 42 8 78 88 62 95 76 85 93 47 9 94 46 71 8 91 56 5 58 8 11 87 0 87 49 20 90 84 25 90 49 99 10 30 10 42 89 76 47 67 77 74 77 99 41 41 9 45 1 14 51 90 98 47 19 14 34 83 37 75 94 93 37 79 70 36 64 96 31 94 1 8 69 37 40 17 39 33 88 58 61 30 51 54 74 82 6 85 29 70 85 62 34 93 
33 35 64 11 28 70 56 28 95 62 65 84 77 58 32 24 53 46 33 46 97 9 9 24 73 44 15 82 17 98 23 24 31 61 26 12 5 77 21 41 91 31 80 57 37 65 96 32 69 82 70 83 67 57 80 96 48 85 20 20 62 59 45 7 29 52 93 87 16 13 32 89 1 47 69 73 79 43 59 41 33 69 95 21 57 28 60 95 20 78 7 49 16 87 0 41 83 74 45 58 97 10 2 83 85 84 24 52 65 39 37 21 10 83 44 69 20 58 86 30 35 31 14 33 56 91 41 66 68 73 85 33 11 88 67 65 55 82 6 4 81 72 38 95 23 55 54 34 87 41 60 41 35 60 51 3 12 26 41 39 43 56 60 17 33 
89 33 47 33 47 2 29 1 13 8 69 1 98 53 58 66 55 58 73 74 21 24 92 82 92 44 14 24 80 93 14 2 59 13 37 75 5 84 88 36 28 67 76 50 14 94 72 60 50 16 18 2 66 57 58 41 88 61 43 35 56 86 87 39 59 58 36 62 95 54 49 17 18 30 83 65 60 43 67 40 35 50 5 55 86 54 92 42 54 55 51 85 59 49 41 0 28 42 84 40 37 83 70 60 77 34 96 17 86 69 9 35 13 39 37 34 93 80 53 31 6 73 67 66 28 72 26 57 26 37 19 27 57 57 82 28 73 82 28 79 2 34 82 17 30 9 91 47 16 2 96 1 19 71 88 28 67 24 23 54 33 22 43 59 36 
24 20 90 47 36 98 44 27 26 65 45 94 1 53 59 1 16 78 45 69 7 62 15 91 57 58 77 21 85 22 49 3 40 29 90 38 72 7 73 52 47 28 19 43 66 20 77 50 36 87 31 67 76 99 84 31 14 40 64 27 13 99 5 11 14 63 67 62 55 85 87 69 46 49 97 43 51 55 59 45 94 12 84 20 18 35 81 76 95 13 90 62 58 20 83 28 0 30 86 92 5 8 68 30 53 26 1 93 37 78 37 88 85 19 41 84 29 29 52 81 8 3 93 85 44 27 75 50 30 55 33 68 42 38 25 57 38 93 69 3 73 44 54 95 82 30 29 69 75 60 50 68 21 25 23 1 7 3 19 26 16 32 63 19 62 
56 68 3 64 63 52 99 51 1 56 85 86 31 33 74 33 97 88 41 24 75 28 88 13 22 86 82 5 57 86 22 68 95 12 81 32 84 22 78 16 69 94 50 44 53 74 63 12 69 84 34 43 32 85 24 54 24 50 90 73 82 23 37 17 25 44 9 46 26 61 11 54 61 64 12 74 11 41 89 67 56 11 15 88 80 38 48 92 27 40 17 24 24 90 74 42 30 0 55 89 29 63 4 83 80 31 2 62 37 29 73 24 57 12 39 65 77 39 88 3 85 41 29 82 22 38 95 64 40 89 31 71 18 34 38 23 87 11 11 21 67 45 4 37 22 43 68 64 43 68 17 94 31 45 76 80 43 79 3 77 39 83 20 36 13 
66 25 99 94 69 31 56 21 98 3 74 52 4 70 77 13 89 27 68 82 36 16 48 57 87 68 48 24 20 76 8 84 26 14 53 44 70 15 1 50 5 21 64 96 27 67 73 12 72 80 58 99 56 15 86 66 74 79 34 87 62 43 11 33 36 14 89 55 33 45 22 22 11 13 26 89 92 97 88 75 41 18 63 27 80 45 77 18 48 93 65 12 2 84 45 84 86 55 0 96 9 10 99 7 57 63 9 19 95 4 69 8 58 11 25 42 57 5 38 19 18 66 25 80 4 38 64 74 96 41 14 39 35 80 45 49 7 29 11 27 45 87 58 69 7 94 69 91 82 90 49 98 46 66 54 90 93 84 19 26 7 80 7 4 58 
78 84 29 19 63 83 6 27 99 91 51 92 82 80 29 91 1 32 25 65 37 12 73 82 38 47 44 26 34 44 7 5 74 61 70 95 80 42 39 9 99 49 71 86 73 32 22 55 52 64 14 47 20 28 32 51 28 67 86 26 48 9 87 14 30 35 96 94 48 40 92 93 39 60 89 51 85 57 47 77 70 12 8 90 75 30 40 1 63 49 43 24 49 25 58 40 92 89 96 0 32 26 82 60 10 13 49 5 47 34 38 11 64 97 23 22 25 82 7 56 71 13 59 10 66 3 44 5 6 51 54 89 42 15 51 79 93 94 73 33 53 85 6 90 27 96 12 43 16 75 27 81 52 30 80 73 99 31 29 59 33 4 33 39 28 
4 95 79 37 33 50 51 66 78 5 81 33 65 6 77 76 60 59 79 82 74 86 38 29 73 51 76 47 66 4 78 9 74 83 55 38 61 66 89 68 32 39 55 90 90 66 74 9 97 93 3 60 85 19 20 85 3 26 64 24 72 21 84 86 43 36 80 16 8 56 24 24 53 46 94 67 23 99 64 29 14 34 8 98 2 9 84 46 60 79 93 77 74 90 97 37 5 29 9 32 0 68 30 58 55 67 56 86 52 26 10 54 86 14 78 71 14 68 79 59 74 16 63 19 85 21 66 8 54 9 33 89 51 41 37 43 4 37 59 49 98 34 69 78 28 40 22 30 76 43 50 6 70 19 99 97 22 54 33 42 97 28 28 76 97 
1 39 76 30 46 82 93 78 12 17 51 87 39 34 54 26 63 24 68 82 39 54 42 36 75 3 63 32 30 85 29 78 54 60 26 87 98 79 48 66 59 23 43 59 93 65 19 10 7 6 74 59 71 77 96 4 54 66 57 62 36 71 23 39 8 17 70 64 59 90 45 92 10 49 96 48 38 70 69 67 75 90 49 80 28 97 65 97 69 81 15 81 14 49 10 83 8 63 10 26 68 0 22 22 81 79 45 81 8 3 46 55 66 60 52 56 13 77 39 13 11 12 47 57 63 99 70 79 19 18 56 65 58 88 59 49 22 77 92 44 43 76 22 91 66 83 6 76 16 6 83 79 97 89 28 39 59 7 16 67 11 91 92 21 25 
78 48 59 40 89 83 64 19 91 78 36 85 68 65 59 56 2 38 51 33 72 91 90 81 93 1 26 26 39 7 44 15 76 88 42 1 54 69 6 35 90 65 70 98 92 69 83 73 85 82 35 58 45 13 52 29 9 60 89 4 37 55 55 16 66 63 85 17 47 68 25 50 13 67 16 95 30 1 45 14 27 40 21 87 87 70 86 54 47 60 99 13 72 99 2 70 68 4 99 82 30 22 0 80 77 82 89 13 74 54 21 35 4 62 73 62 60 45 36 80 64 64 88 79 83 10 32 41 71 15 84 16 24 26 86 32 13 5 4 80 45 31 66 22 36 65 10 82 81 43 13 57 78 76 15 70 21 93 11 8 31 48 34 4 4 
7 6 43 29 43 96 53 61 25 69 73 82 31 54 32 70 92 43 49 94 57 48 31 9 15 82 26 19 84 2 85 14 78 84 19 39 33 39 47 35 42 62 42 22 48 46 55 90 5 65 52 16 67 25 69 16 6 94 26 54 96 52 50 91 79 96 55 66 76 65 27 52 42 13 94 6 13 17 33 11 56 78 83 7 63 9 69 15 29 29 43 87 73 10 83 60 30 83 7 60 58 22 80 0 55 85 89 78 87 39 65 52 89 66 55 20 3 99 54 64 40 47 41 59 10 6 16 73 77 99 16 22 88 34 13 54 49 76 44 34 34 20 91 34 85 43 78 74 11 21 75 62 86 42 15 26 61 78 90 90 18 1 72 39 80 
53 80 27 55 58 72 35 83 55 31 16 6 22 54 95 6 68 94 36 15 72 61 40 17 15 59 73 12 54 66 71 99 61 3 12 26 88 92 75 86 64 85 21 27 99 92 75 96 24 28 16 83 56 55 16 74 81 99 85 22 98 15 85 2 43 86 37 40 62 42 86 70 24 45 72 41 21 51 60 65 69 62 3 69 22 65 70 17 1 83 44 73 15 30 85 77 53 80 57 10 55 81 77 55 0 1 53 2 24 17 20 55 99 4 72 87 44 42 15 91 11 87 29 90 27 99 96 65 39 44 68 93 19 89 37 39 77 79 87 99 50 5 92 99 37 48 41 65 76 51 20 69 37 52 11 92 52 93 85 14 83 87 26 20 74 
86 64 22 30 26 22 99 60 48 53 40 12 27 54 14 15 82 90 53 31 68 89 6 7 50 19 43 54 70 97 98 7 27 34 81 23 7 54 72 39 97 88 17 23 13 94 74 73 22 19 8 44 86 49 39 42 11 80 54 84 65 77 4 48 24 97 85 98 49 96 27 54 71 69 80 92 67 49 23 63 86 67 82 22 99 90 26 97 24 18 41 7 38 10 84 34 26 31 63 13 67 79 82 85 1 0 13 11 14 75 79 27 86 79 65 98 51 30 62 45 17 57 51 31 7 15 92 63 72 88 71 27 31 51 2 39 71 67 74 57 26 24 74 8 94 85 63 66 70 90 48 80 67 58 9 18 42 69 16 21 3 36 22 48 49 
71 88 59 56 33 19 84 63 78 85 3 70 96 13 39 88 42 82 32 39 50 30 34 22 89 46 62 46 92 19 29 96 7 92 4 45 3 81 94 3 83 68 1 91 54 23 4 48 36 16 72 11 96 48 55 42 71 61 35 95 24 3 54 96 25 66 81 37 68 47 43 1 58 64 68 34 53 12 8 75 72 51 76 45 16 28 68 83 96 64 88 88 71 42 24 96 1 2 9 49 56 45 89 89 53 13 0 83 98 45 63 51 29 72 87 12 41 90 53 41 40 88 74 56 24 66 40 31 59 84 14 81 13 63 8 38 26 84 75 76 73 50 59 71 67 91 41 94 37 84 48 18 66 76 44 94 83 61 73 51 25 15 23 29 46 
3 33 17 91 34 47 78 39 41 37 36 10 11 81 92 3 84 97 2 97 62 84 75 35 46 66 45 7 65 54 74 69 85 10 2 94 41 95 58 46 55 70 40 52 43 98 31 74 60 12 77 61 60 44 68 52 41 50 60 30 93 63 27 63 27 66 9 85 81 19 97 61 76 8 70 80 16 79 26 3 21 77 52 50 61 63 16 59 18 8 87 50 92 89 52 17 93 62 19 5 86 81 13 78 2 11 83 0 37 79 29 47 16 71 38 31 76 12 21 91 86 73 45 4 31 63 77 44 71 87 17 3 55 24 2 23 11 33 98 15 34 76 67 37 37 27 59 54 40 34 27 66 30 31 38 3 24 83 24 55 65 38 47 80 76 
77 43 93 28 7 45 38 24 60 99 98 47 70 97 88 92 45 27 65 88 83 51 20 48 87 28 45 21 20 8 90 98 68 3 18 47 6 13 18 59 88 67 68 59 17 55 79 77 40 71 13 59 63 62 44 44 66 72 45 17 1 76 33 69 15 67 8 21 5 46 18 13 24 4 6 6 3 15 81 24 6 84 93 97 30 80 9 93 93 48 51 93 72 76 65 86 37 37 95 47 52 8 74 87 24 14 98 37 0 10 9 69 87 86 53 59 49 15 8 86 6 90 36 42 48 86 64 88 4 71 41 42 86 42 19 33 28 86 36 61 68 12 44 13 64 21 93 63 71 14 19 92 25 8 82 13 29 57 32 91 53 82 78 34 72 
92 75 38 61 66 92 90 69 96 60 80 75 34 34 60 65 98 47 32 1 99 70 94 46 31 97 54 6 55 71 7 87 78 77 51 86 22 90 47 18 40 8 36 98 49 62 70 12 67 92 22 51 77 8 33 65 36 55 22 23 66 28 1 36 74 85 25 67 58 87 76 20 55 30 42 78 42 32 78 56 88 72 98 12 76 81 93 95 73 85 27 98 33 47 39 69 78 29 4 34 26 3 54 39 17 75 45 79 10 0 23 81 66 66 72 32 31 99 25 15 47 60 84 99 32 54 45 95 43 85 98 31 48 71 70 18 55 52 30 96 11 84 28 41 60 56 80 30 32 29 62 58 23 45 92 88 79 43 86 44 80 62 48 84 58 
22 67 12 13 52 10 55 70 80 32 16 94 37 52 47 99 7 19 19 38 84 39 38 43 84 84 33 68 76 47 54 29 34 44 91 14 4 78 38 34 72 16 22 71 21 48 99 70 61 52 67 67 81 20 73 75 73 70 94 17 97 8 16 2 47 70 79 46 55 94 18 28 91 87 61 67 58 33 66 50 61 6 54 43 88 69 99 47 43 90 92 17 9 67 37 9 37 73 69 38 10 46 21 65 20 79 63 29 9 23 0 34 37 74 80 50 66 12 47 48 68 79 49 1 9 43 70 65 37 63 53 92 69 77 11 92 47 38 36 92 92 65 83 35 48 62 81 28 1 88 70 69 42 30 42 63 37 59 53 94 77 41 27 75 63 
76 89 23 18 32 5 5 62 90 36 16 33 10 56 63 88 88 25 67 67 86 84 90 26 78 59 29 12 70 26 14 74 92 82 19 32 12 61 88 93 37 26 87 28 8 25 97 58 34 6 10 65 96 47 34 48 66 43 90 60 90 42 79 85 15 79 9 46 19 11 43 13 2 63 86 31 2 83 89 10 82 33 32 62 54 68 66 23 15 19 11 74 4 77 21 35 88 24 8 11 54 55 35 52 55 27 51 47 69 81 34 0 12 85 42 1 62 70 7 31 55 40 99 95 47 78 38 49 27 4 48 82 88 1 71 46 4 1 55 5 46 47 73 47 94 4 98 23 47 16 40 58 72 68 53 52 18 68 20 57 35 6 33 35 82 
8 99 7 72 8 78 44 88 32 33 95 39 1 81 87 59 57 40 16 43 88 75 16 36 72 21 6 45 71 35 73 35 52 18 46 47 80 58 88 9 40 95 52 4 85 24 17 95 9 69 37 34 13 20 93 84 52 16 59 33 75 22 54 76 36 65 10 66 98 34 53 88 51 63 18 16 98 99 32 81 91 61 59 18 79 92 40 8 52 53 34 65 6 74 10 13 85 57 58 64 86 66 4 89 99 86 29 16 87 66 37 12 0 89 73 19 14 6 6 30 33 31 66 57 73 13 35 16 9 25 82 22 13 27 78 76 72 9 59 3 17 70 19 91 68 98 76 14 87 74 23 72 81 24 26 4 2 54 11 22 18 88 70 66 39 
78 31 97 92 14 64 12 67 57 51 67 43 56 55 62 25 50 76 44 62 48 96 13 76 59 97 21 45 94 56 55 84 37 89 45 82 68 52 74 45 71 63 91 32 24 27 33 45 4 21 60 68 81 80 37 30 40 37 60 43 78 44 29 38 22 43 94 78 49 57 54 17 75 36 39 45 63 73 53 12 58 42 47 18 66 82 32 37 35 30 67 26 48 77 83 39 19 12 11 97 14 60 62 66 4 79 72 71 86 66 74 85 89 0 17 11 98 19 47 29 55 91 94 79 45 65 27 76 19 17 73 41 83 55 52 5 87 32 15 73 98 1 96 44 61 71 15 35 9 29 37 79 6 30 12 15 57 20 3 97 55 60 30 7 97 
73 18 15 8 4 24 30 20 34 52 35 64 70 13 40 46 48 40 40 19 1 48 98 27 63 44 62 27 23 72 90 59 34 54 49 67 7 15 4 6 17 28 65 11 77 34 49 4 69 53 72 53 19 59 13 77 68 39 8 30 89 20 25 57 67 29 81 8 27 32 74 70 9 8 93 33 46 45 3 5 73 79 52 44 65 67 84 55 47 13 40 60 66 99 44 37 41 39 25 23 78 52 73 55 72 65 87 38 53 72 80 42 73 17 0 73 2 46 43 82 5 56 76 29 70 56 21 86 83 42 36 77 33 5 92 78 76 41 27 31 81 76 41 84 65 8 53 66 55 82 89 54 70 92 60 59 61 83 90 9 82 25 57 31 60 
76 69 88 84 29 96 77 37 39 6 84 24 11 86 72 15 73 7 21 1 66 6 65 54 43 85 8 86 82 64 51 49 84 51 21 37 76 68 51 10 11 94 4 54 38 84 18 22 7 60 46 59 19 95 55 54 28 43 71 17 88 80 83 62 79 1 91 39 27 4 88 97 65 43 2 76 44 27 26 33 95 84 5 5 40 74 26 96 6 28 37 47 31 41 69 34 84 65 42 22 71 56 62 20 87 98 12 31 59 32 50 1 19 11 73 0 77 88 97 10 82 45 56 68 86 61 37 91 25 16 41 73 89 24 9 92 22 97 71 39 21 93 32 32 63 33 68 86 79 34 70 18 85 78 75 46 7 30 49 61 20 10 97 55 63 
77 65 76 57 16 60 90 18 93 34 94 41 4 11 3 78 60 69 2 46 22 60 1 88 19 12 52 57 29 95 49 10 41 76 92 53 47 49 64 42 26 19 9 44 16 95 24 65 8 37 34 48 9 61 89 2 52 40 71 44 49 74 16 27 25 95 13 20 25 21 97 90 70 56 16 45 4 30 5 88 29 7 4 20 67 10 84 25 61 60 47 73 44 41 20 93 29 77 57 25 14 13 60 3 44 51 41 76 49 31 66 62 14 98 2 77 0 27 74 81 44 9 66 85 83 46 22 60 70 13 18 99 8 63 46 17 95 29 35 47 76 55 94 17 73 53 37 18 71 45 44 62 95 38 27 60 48 86 36 88 61 59 48 97 97 
44 61 36 52 30 65 33 22 21 1 19 64 40 82 60 87 94 40 1 83 22 12 70 75 59 99 98 81 98 12 39 15 14 7 17 35 17 55 64 51 48 91 60 25 5 41 76 32 68 3 92 91 60 54 36 90 37 52 50 16 5 94 59 14 85 56 67 53 64 35 41 33 76 76 50 5 48 96 67 6 93 38 25 6 37 82 23 92 54 1 54 43 76 9 58 80 29 39 5 82 68 77 45 99 42 30 90 12 15 99 12 70 6 19 46 88 27 0 35 25 23 94 97 23 5 23 15 16 53 2 36 20 36 60 81 98 10 76 58 25 38 27 85 55 43 27 84 67 49 61 13 88 23 37 94 10 62 49 97 75 83 26 6 79 37 
21 79 64 33 67 83 51 78 15 10 75 64 78 79 26 33 83 47 46 95 40 36 51 67 76 91 51 54 74 13 58 32 65 37 36 32 64 10 61 74 12 85 2 23 16 19 94 44 30 69 78 24 47 14 92 71 69 51 13 18 57 39 26 79 24 25 30 60 33 67 7 95 97 97 24 16 88 33 87 55 22 41 3 51 15 11 99 75 62 8 63 19 73 45 86 53 52 88 38 7 79 39 36 54 15 62 53 21 8 25 47 7 6 47 43 97 74 35 0 15 95 47 83 18 71 68 36 74 13 69 65 37 55 83 62 59 66 69 85 92 82 35 5 39 37 88 27 21 12 69 40 95 57 24 52 70 26 6 5 7 84 2 82 48 25 
31 18 33 77 62 32 52 27 10 32 19 32 38 72 58 92 81 22 83 72 77 52 48 78 13 47 84 38 58 50 35 25 52 95 30 14 5 23 53 78 79 74 10 88 9 15 92 37 95 27 34 15 72 31 95 36 8 11 4 69 4 39 67 27 10 27 67 33 43 96 1 91 87 66 41 11 5 59 23 94 2 15 31 33 96 57 76 40 24 82 40 72 93 1 30 31 81 3 19 56 59 13 80 64 91 45 41 91 86 15 48 31 30 29 82 10 81 25 15 0 2 67 22 72 3 80 55 4 23 59 29 54 58 35 64 85 15 14 21 19 32 25 65 4 81 70 5 80 58 2 47 56 13 41 88 42 97 59 40 77 56 47 68 61 99 
37 40 92 63 84 2 43 33 68 36 26 19 17 85 33 73 99 68 30 71 61 85 19 61 29 38 22 47 51 80 69 25 74 17 8 48 20 34 49 63 64 80 62 16 49 39 65 87 78 22 74 8 98 29 11 4 27 13 82 5 74 44 1 31 95 4 25 29 31 25 4 79 14 88 36 14 40 11 31 49 63 38 55 42 43 98 33 17 23 3 94 78 27 14 35 6 8 85 18 71 74 11 64 40 11 17 40 86 6 47 68 55 33 55 5 82 44 23 95 2 0 30 84 94 45 48 64 81 95 29 42 20 53 37 47 73 73 97 62 56 23 11 8 59 21 70 48 70 8 97 72 3 26 6 23 66 85 94 50 60 41 61 38 19 61 
8 36 50 52 97 85 24 9 82 89 18 41 26 30 31 39 93 74 27 97 3 74 69 53 46 89 10 12 21 68 66 23 7 77 29 19 41 99 52 8 44 37 25 76 37 64 89 60 98 45 98 32 75 3 97 4 39 57 3 21 73 10 61 46 47 19 38 25 3 75 80 7 29 49 75 72 69 28 58 3 54 29 29 84 3 85 62 57 98 73 38 52 25 51 31 73 3 41 66 13 16 12 64 47 87 57 88 73 90 60 79 40 31 91 56 45 9 94 47 67 30 0 12 86 41 21 79 3 56 92 77 75 90 83 37 78 13 26 93 64 5 95 55 7 34 12 43 12 55 93 45 59 21 51 35 72 4 68 79 18 63 17 87 55 65 
46 82 1 97 59 79 90 9 80 61 50 6 47 13 53 84 39 25 8 54 41 13 68 50 50 41 78 65 30 55 52 75 57 99 7 26 38 57 7 33 94 1 38 68 67 7 64 16 37 43 85 63 65 76 88 7 9 72 42 77 72 2 86 72 97 12 62 39 80 40 94 43 62 2 41 54 6 84 76 52 12 40 28 13 61 75 50 54 58 58 2 26 31 90 14 67 93 29 25 59 63 47 88 41 29 51 74 45 36 84 49 99 66 94 76 56 66 97 83 22 84 12 0 91 23 34 83 52 13 26 78 3 50 71 23 43 23 21 64 87 76 30 19 23 20 85 7 83 12 70 2 83 49 5 5 84 84 36 77 88 7 10 58 4 37 
69 29 23 31 83 69 44 21 4 39 38 93 8 64 92 21 11 72 53 1 78 36 67 37 95 7 12 57 33 70 25 26 22 63 30 64 63 81 64 80 42 13 96 24 78 72 71 40 75 43 39 78 78 93 68 7 82 75 43 31 14 88 68 96 90 86 86 89 26 73 33 13 78 58 36 14 72 46 38 29 21 80 42 12 36 41 94 29 9 76 97 47 78 98 33 66 85 82 80 10 19 57 79 59 90 31 56 4 42 99 1 95 57 79 29 68 85 23 18 72 94 86 91 0 40 32 43 63 31 88 58 66 86 1 2 53 5 7 94 45 67 5 48 48 48 37 26 20 39 76 86 95 2 56 84 98 68 18 19 87 3 63 91 10 98 
58 23 98 23 35 55 89 69 48 12 21 80 44 8 42 25 88 33 4 43 44 17 75 61 23 45 68 84 44 82 86 20 60 23 98 87 59 15 94 67 24 24 71 55 19 53 60 69 30 49 71 4 79 44 31 88 11 94 19 95 76 18 18 81 1 96 47 73 11 88 35 33 98 81 50 57 60 3 59 86 36 77 40 28 51 1 97 39 32 47 37 5 51 47 56 28 44 22 4 66 85 63 83 10 27 7 24 31 48 32 9 47 73 45 70 86 83 5 71 3 45 41 23 40 0 78 50 46 8 91 87 97 68 50 6 85 47 74 73 82 9 86 64 95 54 45 26 93 41 8 63 66 15 56 38 67 44 65 85 18 72 19 83 38 92 
83 39 71 6 31 26 96 83 71 45 41 83 1 71 79 72 66 13 22 41 84 10 70 96 77 31 36 23 92 42 48 97 31 71 97 6 6 32 2 42 34 98 52 59 45 15 96 2 91 54 86 19 47 30 67 36 64 99 36 67 63 15 50 15 24 11 91 91 29 7 28 90 30 53 29 23 8 54 34 30 29 55 39 60 86 45 95 94 32 9 97 43 43 19 91 72 27 38 38 3 21 99 10 6 99 15 66 63 86 54 43 78 13 65 56 61 46 23 68 80 48 21 34 32 78 0 76 93 19 31 60 35 75 65 88 48 46 52 84 7 49 54 81 25 17 14 15 60 93 87 22 18 18 31 43 29 6 83 90 21 36 81 73 11 36 
97 42 37 92 58 84 29 55 43 44 53 75 57 83 58 28 96 87 84 40 60 85 56 48 57 59 38 57 48 32 39 75 46 70 95 24 80 20 25 78 89 10 83 67 39 44 28 15 56 5 37 9 2 91 39 61 16 91 64 72 43 58 80 88 64 66 49 94 15 34 13 72 64 46 87 59 34 45 57 61 81 77 23 89 51 28 7 95 57 82 89 21 94 14 41 26 75 95 64 44 66 70 32 16 96 92 40 77 64 45 70 38 35 27 21 37 22 15 36 55 64 79 83 43 50 76 0 17 35 74 86 54 75 72 49 56 21 79 6 38 13 40 28 50 34 96 55 51 49 84 97 62 5 83 84 94 56 63 57 91 61 39 72 70 13 
14 75 19 96 97 28 65 86 6 8 24 41 15 64 46 38 89 66 80 25 67 59 66 70 90 34 42 77 47 83 85 62 69 83 3 20 87 43 23 77 47 47 84 16 12 80 55 83 50 17 95 45 36 80 31 30 80 1 60 3 81 94 74 39 24 91 31 68 33 52 84 75 57 96 31 48 58 78 83 47 15 16 84 63 82 24 24 70 38 37 49 36 2 34 66 57 50 64 74 5 8 79 41 73 65 63 31 44 88 95 65 49 16 76 86 91 60 16 74 4 81 3 52 63 46 93 17 0 28 19 54 35 93 83 95 44 95 37 84 36 7 87 31 11 31 56 37 56 62 20 51 93 46 76 57 32 94 60 76 31 90 81 42 78 4 
11 78 28 23 50 57 87 94 21 63 19 26 56 65 86 96 60 8 63 41 79 49 82 35 39 66 10 75 58 34 39 86 58 16 89 31 75 32 89 49 26 87 74 92 30 84 36 78 82 50 13 94 83 48 45 77 59 84 33 97 32 20 19 57 8 13 68 79 7 84 94 91 86 22 40 64 90 98 33 18 48 75 32 74 92 69 21 3 36 88 20 79 24 83 68 26 30 40 96 6 54 19 71 77 39 72 59 71 4 43 37 27 9 19 83 25 70 53 13 23 95 56 13 31 8 19 35 28 0 28 7 10 67 68 83 75 36 57 45 60 72 9 78 35 72 73 94 82 35 62 79 66 56 10 60 2 48 58 3 20 26 54 12 9 30 
24 71 29 77 47 93 59 75 58 57 80 69 56 45 26 83 74 3 70 93 86 22 51 62 87 22 16 72 80 74 32 8 20 96 91 5 45 74 49 92 46 76 6 27 97 41 30 69 46 21 43 90 66 35 65 76 22 26 94 23 47 42 41 90 29 8 20 86 72 23 91 99 63 90 16 51 58 32 74 49 15 43 17 84 7 12 88 42 41 72 75 1 11 37 73 37 55 89 41 51 9 18 15 99 44 88 84 87 71 85 63 4 25 17 42 16 13 2 69 59 29 92 26 88 91 31 74 19 28 0 43 42 93 83 54 26 28 39 42 48 78 38 78 56 38 70 51 61 23 90 94 55 6 83 84 35 60 37 26 32 17 41 56 88 83 
82 26 53 23 84 9 89 90 60 97 52 50 53 70 74 17 96 97 68 73 51 48 49 33 12 90 94 37 2 10 79 54 83 19 61 8 11 28 35 14 31 75 58 25 74 22 29 32 11 20 69 68 7 29 90 42 6 22 58 26 71 43 92 16 65 60 44 2 96 17 6 79 97 74 89 25 72 80 76 93 90 56 5 16 72 33 90 33 30 58 33 69 12 75 85 19 33 31 14 54 33 56 84 16 68 71 14 17 41 98 53 48 82 73 36 41 18 36 65 29 42 77 78 58 87 60 86 54 7 43 0 39 12 61 13 59 6 27 20 36 42 14 85 64 71 66 52 1 56 29 99 31 83 15 77 35 82 68 45 16 60 56 26 25 84 
8 49 95 19 42 56 52 24 55 94 33 83 79 76 75 55 92 21 9 32 23 72 5 48 20 58 86 51 13 89 79 89 32 22 70 52 7 62 23 76 95 6 19 6 6 61 33 57 16 34 26 26 49 10 17 8 2 69 28 55 30 79 78 76 49 52 2 43 44 16 58 36 8 8 40 48 29 17 89 43 58 64 44 49 13 48 4 62 77 53 84 20 7 94 33 27 68 71 39 89 89 65 16 22 93 27 81 3 42 31 92 82 22 41 77 73 99 20 37 54 20 75 3 66 97 35 54 35 10 42 39 0 96 76 43 48 51 74 86 68 38 20 28 90 58 81 4 1 88 15 72 84 45 58 74 26 30 64 80 56 10 95 15 78 57 
25 51 51 94 21 77 23 95 78 53 38 87 98 89 7 97 35 4 73 5 38 57 51 19 89 1 77 32 40 75 9 62 71 10 1 99 33 15 40 2 87 70 46 27 94 97 54 38 71 65 89 88 64 53 99 42 15 41 77 29 18 96 95 32 15 77 88 54 36 82 51 2 28 1 34 19 48 32 40 12 78 61 32 89 9 21 62 59 12 38 1 21 77 93 11 57 42 18 35 42 51 58 24 88 19 31 13 55 86 48 69 88 13 83 33 89 8 36 55 58 53 90 50 86 68 75 75 93 67 93 12 96 0 72 81 72 81 38 20 20 32 61 43 83 68 32 98 16 22 61 70 54 61 62 35 30 29 17 5 47 92 3 90 29 18 
75 63 47 30 41 47 11 91 25 25 31 47 54 35 3 53 51 86 44 30 14 52 57 92 51 78 30 24 20 96 37 76 61 3 87 67 41 54 19 33 26 43 63 45 31 23 98 30 24 85 95 21 12 25 76 32 81 2 89 30 48 42 62 55 77 23 81 3 46 70 35 30 63 15 81 83 5 51 66 35 24 7 95 61 17 62 49 88 28 72 20 1 4 37 88 57 38 34 80 15 41 88 26 34 89 51 63 24 42 71 77 1 27 55 5 24 63 60 83 35 37 83 71 1 50 65 72 83 68 83 61 76 72 0 31 6 85 99 78 20 99 61 89 82 5 51 72 34 8 71 90 57 48 51 61 26 38 30 91 80 83 56 13 54 43 
93 45 8 19 51 50 32 14 59 44 41 14 61 15 31 74 52 95 96 36 16 68 79 92 75 68 53 29 56 2 96 69 76 79 15 65 9 41 64 28 97 4 87 94 45 49 78 48 37 46 41 1 87 73 68 34 35 7 8 19 38 81 81 59 71 34 82 12 93 70 86 92 74 34 23 15 62 90 89 91 79 62 81 67 19 69 59 96 19 73 55 9 20 79 67 82 25 38 45 51 37 59 86 13 37 2 8 2 19 70 11 71 78 52 92 9 46 81 62 64 47 37 23 2 6 88 49 95 83 54 13 43 81 31 0 30 74 61 69 39 39 70 33 80 37 3 46 9 86 87 6 97 41 74 45 18 1 65 87 47 26 42 53 33 81 
21 55 86 53 5 12 10 12 80 52 51 22 1 60 78 6 83 36 90 36 85 4 39 74 92 16 26 1 60 20 73 18 34 79 69 28 67 91 75 10 38 34 79 81 2 86 81 70 25 35 82 38 82 89 32 15 36 15 6 98 13 23 84 41 30 19 32 75 29 66 45 32 18 59 65 15 52 8 74 20 68 46 26 99 56 22 32 17 64 68 92 89 70 70 65 28 57 23 49 79 43 49 32 54 39 39 38 23 33 18 92 46 76 5 78 92 17 98 59 85 73 78 43 53 85 48 56 44 75 26 59 48 72 6 30 0 58 65 66 16 65 96 59 4 85 85 53 55 54 82 91 55 89 50 11 60 99 5 58 18 52 14 2 49 20 
33 1 17 32 10 9 7 43 37 11 74 81 15 89 79 67 83 18 77 49 47 93 11 82 91 71 87 40 58 12 38 44 18 7 74 96 96 44 89 37 7 77 87 82 39 72 77 6 70 36 87 72 59 88 1 89 86 21 88 36 62 40 4 35 50 37 16 61 28 78 96 42 86 79 87 83 2 60 42 18 79 81 36 28 49 75 59 79 3 99 73 72 62 36 55 73 38 87 7 93 4 22 13 49 77 71 26 11 28 55 47 4 72 87 76 22 95 10 66 15 73 13 23 5 47 46 21 95 36 28 6 51 81 85 74 58 0 46 16 31 57 71 65 67 6 25 13 76 49 25 41 1 87 86 1 47 23 76 52 61 24 50 4 81 52 
13 87 30 50 1 62 31 11 81 95 69 82 61 34 92 81 52 18 73 31 39 51 95 13 41 4 38 62 67 73 78 29 79 97 16 56 73 12 18 8 23 21 67 68 5 96 84 35 26 89 58 87 95 1 24 91 39 34 43 61 61 88 2 70 73 47 89 92 16 64 28 42 86 68 77 20 91 51 59 92 29 91 44 8 31 91 25 55 19 59 29 79 46 64 82 82 93 11 29 94 37 77 5 76 79 67 84 33 86 52 38 1 9 32 41 97 29 76 69 14 97 26 21 7 74 52 79 37 57 39 27 74 38 99 61 65 46 0 62 75 45 58 13 32 84 43 19 44 61 27 44 70 34 17 11 39 33 79 85 81 36 13 4 20 32 
66 17 12 99 91 75 68 89 59 50 81 95 67 25 97 95 92 56 59 48 90 54 25 42 60 48 16 33 89 42 35 18 97 60 87 1 58 74 8 55 30 58 51 58 33 38 4 28 73 25 57 74 28 24 84 68 58 74 65 78 33 8 45 31 35 23 71 90 10 56 71 4 93 48 7 35 75 15 76 3 65 15 65 86 6 98 39 17 23 36 50 37 32 96 6 28 69 11 11 73 59 92 4 44 87 74 75 98 36 30 36 55 59 15 27 71 35 58 85 21 62 93 64 94 73 84 6 84 45 42 20 86 20 78 69 66 16 62 0 46 91 74 91 72 13 94 97 31 31 55 40 5 32 84 59 49 25 1 27 11 99 73 22 74 30 
95 20 62 84 22 24 19 25 52 19 16 50 96 4 43 51 25 44 69 1 55 88 40 58 3 43 23 67 58 24 40 53 1 37 90 44 25 73 28 12 84 2 22 66 86 85 89 64 99 61 82 26 31 17 78 11 8 67 78 26 58 29 38 3 20 33 4 42 95 97 90 66 61 54 11 77 25 90 92 88 85 72 65 28 66 73 73 42 13 59 36 51 11 31 4 79 3 21 27 33 49 44 80 34 99 57 76 15 61 96 92 5 3 73 31 39 47 25 92 19 56 64 87 45 82 7 38 36 60 48 36 68 20 20 39 16 31 75 46 0 49 89 24 13 98 59 50 21 4 7 45 38 43 87 34 73 18 89 39 30 85 69 67 15 41 
61 10 15 94 75 89 13 48 64 11 64 52 40 42 19 3 56 53 59 80 28 80 59 71 9 2 92 59 54 36 20 49 83 26 45 44 95 32 87 90 32 67 94 1 71 67 70 63 77 13 54 33 18 15 90 77 57 26 74 69 33 32 63 14 97 54 69 11 32 70 18 63 31 23 80 67 41 58 27 94 44 88 98 9 36 72 17 91 6 47 78 60 84 94 81 2 73 67 45 53 98 43 45 34 50 26 73 34 68 11 92 46 17 98 81 21 76 38 82 32 23 5 76 67 9 49 13 7 72 78 42 38 32 99 39 65 57 45 91 49 0 24 93 59 75 23 83 52 65 53 17 43 58 51 23 48 37 1 14 56 20 58 6 75 64 
25 93 31 46 22 90 74 69 74 62 65 15 72 31 84 90 69 96 82 8 30 93 56 3 76 82 37 47 56 59 68 92 42 6 68 91 34 52 79 37 88 80 73 12 61 57 58 12 79 82 3 91 59 90 10 50 81 48 46 52 86 4 63 89 25 44 49 57 54 52 49 70 20 95 29 39 97 44 93 98 50 10 32 42 50 17 8 24 89 83 3 9 1 1 72 34 44 45 87 85 34 76 31 20 5 24 50 76 12 84 65 47 70 1 76 93 55 27 35 25 11 95 30 5 86 54 40 87 9 38 14 20 61 61 70 96 71 58 74 89 24 0 16 99 79 18 16 31 96 2 62 24 34 40 9 86 99 72 35 75 52 82 48 93 87 
83 52 9 52 34 83 75 44 84 40 92 31 8 23 90 33 66 26 64 53 49 40 1 35 72 48 46 80 3 30 32 95 68 62 16 63 48 59 3 81 98 78 71 34 4 51 89 59 45 37 13 32 44 44 28 20 18 98 4 42 23 95 22 17 94 95 54 14 71 55 66 7 8 58 47 72 37 43 29 68 77 85 24 28 92 40 67 45 20 1 63 62 34 8 38 82 54 4 58 6 69 22 66 91 92 74 59 67 44 28 83 73 19 96 41 32 94 85 5 65 8 55 19 48 64 81 28 31 78 78 85 28 43 89 33 59 65 13 91 24 93 16 0 29 68 37 19 10 26 47 98 37 10 69 81 12 63 23 84 15 52 45 56 15 10 
98 11 41 87 39 83 92 92 89 7 21 11 17 54 89 8 38 90 93 10 16 81 39 81 30 17 67 38 34 15 71 60 86 9 51 65 95 16 51 59 54 62 77 19 13 66 81 9 97 39 6 99 72 7 40 21 45 2 70 26 10 77 25 33 20 31 35 78 22 10 20 69 3 18 24 54 52 95 73 12 55 72 61 41 34 38 20 69 13 2 73 8 53 69 95 17 95 37 69 90 78 91 22 34 99 8 71 37 13 41 35 47 91 44 84 32 17 55 39 4 59 7 23 48 95 25 50 11 35 56 64 90 83 82 80 4 67 32 72 13 59 99 29 0 80 65 23 21 40 84 70 25 4 70 24 4 64 39 82 52 97 57 9 29 2 
3 69 49 16 38 6 66 14 83 8 55 86 67 97 57 90 58 30 53 25 74 83 94 67 96 69 4 54 45 2 65 22 63 7 35 5 53 49 17 77 16 78 81 61 68 89 48 54 12 16 29 64 47 76 91 55 86 22 77 55 44 15 97 17 91 31 75 19 67 17 64 7 44 17 44 12 88 78 8 70 24 64 22 83 43 60 44 92 25 76 70 88 15 37 23 30 82 22 7 27 28 66 36 85 37 94 67 37 64 60 48 94 68 61 65 63 73 43 37 81 21 34 20 48 54 17 34 31 72 38 71 58 68 5 37 85 6 84 13 98 75 79 68 80 0 34 23 71 43 78 82 4 50 8 9 33 66 6 44 64 50 92 14 23 49 
93 24 31 72 44 43 86 7 56 80 24 5 62 92 43 86 98 52 38 52 30 83 86 88 11 22 59 91 54 50 56 87 35 21 53 7 92 4 44 64 84 79 37 6 12 21 19 37 11 86 22 10 36 37 18 74 77 62 97 92 70 68 60 91 1 16 24 26 61 53 27 46 59 7 62 64 84 29 76 60 4 65 74 93 86 75 97 30 53 88 8 27 65 40 55 9 30 43 94 96 40 83 65 43 48 85 91 27 21 56 62 4 98 71 8 33 53 27 88 70 70 12 85 37 45 14 96 56 73 70 66 81 32 51 3 85 25 43 94 59 23 18 37 65 34 0 81 97 70 16 5 77 69 86 83 86 75 32 51 10 32 64 57 28 40 
99 15 24 49 34 47 54 3 79 13 7 8 70 92 5 37 88 68 48 86 52 3 96 72 73 62 96 89 38 95 60 72 25 57 15 25 12 26 80 24 87 86 69 6 14 1 35 75 84 90 47 33 7 42 76 71 72 62 99 99 98 56 8 60 79 97 10 3 38 26 33 50 17 34 44 41 68 55 55 17 79 51 25 21 36 75 90 15 54 42 2 77 87 17 54 91 29 68 69 12 22 6 10 78 41 63 41 59 93 80 81 98 76 15 53 68 37 84 27 5 48 43 7 26 26 15 55 37 94 51 52 4 98 72 46 53 13 19 97 50 83 16 19 23 23 81 0 99 71 62 90 78 54 75 79 69 68 46 14 60 57 62 55 65 90 
11 64 67 29 96 22 43 68 71 1 25 55 51 83 12 67 45 48 52 92 50 31 71 15 64 30 73 34 63 40 57 93 98 14 71 24 37 65 12 33 16 51 37 72 29 76 70 13 94 84 90 67 19 22 63 39 85 20 27 96 39 69 58 64 85 33 10 97 98 22 2 41 49 95 65 15 3 69 16 71 74 14 12 91 16 4 74 16 4 99 14 21 98 39 34 47 69 64 91 43 30 76 82 74 65 66 94 54 63 30 28 23 14 35 66 86 18 67 21 80 70 12 83 20 93 60 51 56 82 61 1 1 16 34 9 55 76 44 31 21 52 31 10 21 71 97 99 0 98 4 43 11 14 73 50 45 55 78 35 81 83 8 5 31 56 
55 22 93 84 42 52 7 94 28 4 1 60 59 98 25 74 58 21 24 76 89 86 74 27 14 45 73 35 74 28 27 10 73 94 31 28 7 29 78 66 79 86 77 15 4 15 77 27 53 43 94 69 45 2 38 36 88 10 54 80 5 94 97 30 58 85 83 1 58 58 85 52 29 16 1 25 68 39 62 4 85 37 98 27 52 87 4 21 34 22 90 3 69 33 87 16 75 43 82 16 76 16 81 11 76 70 37 40 71 32 1 47 87 9 55 79 71 49 12 58 8 55 12 39 41 93 49 62 35 23 56 88 22 8 86 54 49 61 31 4 65 96 26 40 43 70 71 98 0 42 40 9 10 29 81 93 16 1 33 42 39 50 66 57 62 
97 47 65 28 72 74 10 5 24 52 49 85 80 37 23 12 42 72 71 15 65 48 56 40 36 97 90 26 61 58 90 11 13 4 29 31 61 69 14 80 36 17 45 81 98 94 85 77 31 90 23 77 41 85 61 51 53 20 78 98 38 52 79 94 67 41 9 98 72 26 16 89 63 49 75 80 65 61 87 39 55 43 25 93 37 94 11 95 75 20 33 4 53 88 41 2 60 68 90 75 43 6 43 21 51 90 84 34 14 29 88 16 74 29 82 34 45 61 69 2 97 93 70 76 8 87 84 20 62 90 29 15 61 71 87 82 25 27 55 7 53 2 47 84 78 16 62 4 42 0 39 34 8 96 15 25 87 88 71 30 74 70 61 13 72 
83 4 13 44 70 43 37 29 54 16 81 99 15 7 7 36 33 80 1 82 14 66 16 91 62 67 17 79 70 20 78 21 51 79 93 69 30 60 95 76 7 2 48 26 71 27 33 3 31 67 98 65 82 35 44 53 34 44 8 48 74 35 28 74 29 32 72 87 92 50 79 14 99 53 97 68 28 27 24 40 79 58 8 83 9 62 33 22 35 37 49 30 27 58 60 96 50 17 49 27 50 83 13 75 20 48 48 27 19 62 70 40 23 37 89 70 44 13 40 47 72 45 2 86 63 22 97 51 79 94 99 72 70 90 6 91 41 44 40 45 17 62 98 70 82 5 90 43 40 39 0 34 82 4 60 77 55 38 54 31 1 68 83 14 95 
87 57 18 20 71 14 88 36 70 68 29 42 78 39 5 43 28 9 24 62 53 42 97 59 28 35 86 20 73 33 31 84 64 6 73 26 50 60 39 74 2 22 45 55 29 72 27 86 63 97 51 35 48 88 42 42 39 13 31 11 6 42 32 35 83 35 42 29 58 52 83 24 7 95 1 73 21 98 20 64 30 9 43 56 38 42 2 39 24 55 77 17 22 61 41 1 68 94 98 81 6 79 57 62 69 80 18 66 92 58 69 58 72 79 54 18 62 88 95 56 3 59 83 95 66 18 62 93 66 55 31 84 54 57 97 55 1 70 5 38 43 24 37 25 4 77 78 11 9 34 34 0 32 94 90 14 1 55 58 25 45 86 95 79 97 
71 89 34 80 24 19 60 83 69 82 89 36 13 99 80 40 56 24 23 41 95 57 50 46 6 89 75 84 87 12 53 16 65 82 35 94 56 84 1 63 9 58 52 19 75 91 1 71 22 75 98 2 41 86 39 93 80 79 65 63 34 28 97 29 6 66 88 91 96 47 56 42 75 18 1 31 28 20 75 74 49 68 90 21 31 71 98 63 61 49 25 17 49 30 35 19 21 31 46 52 70 97 78 86 37 67 66 30 25 23 42 72 81 6 70 85 95 23 57 13 26 21 49 2 15 18 5 46 56 6 83 45 61 48 41 89 87 34 32 43 58 34 10 4 50 69 54 14 10 8 82 32 0 26 59 97 38 66 54 79 67 57 4 2 53 
67 81 11 71 87 24 9 78 24 60 2 57 12 32 29 53 64 61 88 13 60 42 56 83 49 87 33 53 83 52 89 47 34 91 60 51 7 78 72 18 83 23 21 85 90 75 75 21 23 40 15 25 75 72 17 99 30 79 71 61 75 18 46 56 64 35 47 3 91 95 53 36 60 53 32 31 15 94 25 11 41 92 66 21 86 31 76 83 1 72 5 6 80 51 60 71 25 45 66 30 19 89 76 42 52 58 76 31 8 45 30 68 24 30 92 78 38 37 24 41 6 51 5 56 56 31 83 76 10 83 15 58 62 51 74 50 86 17 84 87 51 40 69 70 8 86 75 73 29 96 4 94 26 0 49 28 23 24 68 28 24 38 49 7 4 
72 47 29 89 40 46 54 47 47 67 74 14 80 63 54 94 81 57 60 28 35 80 7 85 37 78 63 76 13 88 32 39 60 40 15 68 41 5 27 87 12 17 3 45 16 27 20 48 43 95 82 65 73 15 84 13 5 38 72 99 18 27 38 72 71 75 75 2 21 90 57 19 53 31 75 98 18 60 88 80 81 36 59 19 42 84 96 58 29 64 82 49 55 54 51 88 23 76 54 80 99 28 15 15 11 9 44 38 82 92 42 53 26 12 60 75 27 94 52 88 23 35 5 84 38 43 84 57 60 84 77 74 35 61 45 11 1 11 59 34 23 9 81 24 9 83 79 50 81 15 60 90 59 49 0 8 55 79 21 58 68 56 59 46 85 
49 55 76 87 32 96 88 79 40 16 22 12 96 48 31 85 92 10 9 45 4 45 33 53 83 98 7 85 49 86 84 20 36 99 81 3 64 70 93 66 79 68 47 59 42 6 45 47 57 1 69 17 58 83 85 84 60 75 23 64 9 65 59 46 5 16 70 85 95 33 23 70 9 3 41 86 77 20 68 15 87 62 79 44 77 82 96 84 71 18 12 71 68 74 3 28 1 80 90 73 97 39 70 26 92 18 94 3 13 88 63 52 4 15 59 46 60 10 70 42 66 72 84 98 67 29 94 32 2 35 35 26 30 26 18 60 47 39 49 73 48 86 12 4 33 86 69 45 93 25 77 14 97 28 8 0 99 50 56 86 28 93 73 47 48 
55 80 6 12 38 53 19 7 67 62 1 53 35 63 22 21 77 47 3 1 65 95 30 14 68 39 74 64 9 65 44 61 20 8 13 99 8 67 77 6 81 38 77 71 14 99 29 1 96 11 82 5 59 4 89 59 32 8 48 71 16 51 43 50 30 92 98 94 6 38 58 15 5 38 12 14 92 36 53 32 38 63 59 43 64 80 79 24 68 22 4 44 77 82 12 67 7 43 93 99 22 59 21 61 52 42 83 24 29 79 37 18 2 57 61 7 48 62 26 97 85 4 84 68 44 6 56 94 48 60 82 30 29 38 1 99 23 33 25 18 37 99 63 64 66 75 68 55 16 87 55 1 38 23 55 99 0 43 82 81 30 59 46 83 99 
16 72 82 66 39 34 22 92 78 65 77 67 7 35 28 74 57 61 19 55 81 80 94 10 7 11 38 97 84 77 1 7 7 33 87 86 76 74 95 77 93 61 37 96 2 76 4 53 93 33 22 87 85 10 19 29 78 7 65 6 30 54 29 42 69 9 98 57 2 39 76 61 44 51 72 70 11 90 12 97 2 30 13 91 95 65 36 74 70 25 82 7 44 6 26 24 3 79 84 31 54 7 93 78 93 69 61 83 57 43 59 68 54 20 83 30 86 49 6 59 94 68 36 18 65 83 63 60 58 37 68 64 17 30 65 5 76 79 1 89 1 72 23 39 6 32 46 78 1 88 38 55 66 24 79 50 43 0 95 65 57 45 66 35 19 
6 15 6 94 57 55 68 81 27 20 33 22 70 72 6 8 27 66 4 65 93 87 79 26 39 22 3 80 65 61 52 24 24 11 64 57 27 44 89 60 40 79 46 49 52 68 53 98 38 2 4 78 4 45 66 71 9 64 92 88 53 84 96 41 38 18 56 7 27 4 64 88 75 57 60 82 90 92 17 98 9 60 18 11 42 20 54 69 10 8 44 54 33 85 41 23 19 3 19 29 33 16 11 90 85 16 73 24 32 86 53 20 11 3 90 49 36 97 5 40 50 79 77 19 85 90 57 76 3 26 45 80 5 91 87 58 52 85 27 39 14 35 84 82 44 51 14 35 33 71 54 58 54 68 21 56 82 95 0 22 41 26 73 71 4 
18 78 43 16 88 15 15 21 25 45 41 82 86 43 36 53 63 63 15 17 58 34 20 48 19 17 46 99 27 9 11 32 97 69 86 19 56 88 55 45 7 81 15 11 77 16 93 6 44 88 90 24 30 26 10 43 92 98 97 49 17 22 21 45 99 76 60 66 8 3 32 67 51 91 76 78 59 21 70 30 48 3 35 19 56 62 43 86 14 75 31 54 46 29 39 54 26 77 26 59 42 67 8 90 14 21 51 55 91 44 94 57 22 97 9 61 88 75 7 77 60 18 88 87 18 21 91 31 20 32 16 56 47 80 47 18 61 81 11 30 56 75 15 52 64 10 60 81 42 30 31 25 79 28 58 86 81 65 22 0 63 52 23 79 3 
43 16 87 52 29 58 21 24 18 88 82 95 45 21 73 70 54 22 80 91 1 55 29 65 72 79 14 42 53 40 73 92 61 45 79 13 32 84 17 93 27 91 25 91 84 78 58 17 86 27 73 72 58 49 15 25 29 90 98 73 36 9 23 96 45 61 2 6 62 38 44 23 96 67 6 5 75 69 24 21 90 25 80 51 83 94 79 75 62 66 78 59 61 70 43 33 16 39 7 33 97 11 31 18 83 3 25 65 53 80 77 35 18 55 82 20 61 83 84 56 41 63 7 3 72 36 61 90 26 17 60 10 92 83 26 52 24 36 99 85 20 52 52 97 50 32 57 83 39 74 1 45 67 24 68 28 30 57 41 63 0 26 47 75 31 
21 26 53 99 37 62 86 64 88 62 84 35 71 91 83 58 93 14 68 18 10 16 79 89 54 8 42 39 18 85 40 1 19 99 3 25 83 74 63 30 74 1 85 47 72 25 9 45 96 36 51 81 45 88 56 5 94 83 75 79 66 10 40 5 54 72 9 10 4 6 96 73 22 66 20 26 8 41 40 56 77 75 9 86 12 65 39 30 23 16 85 2 33 85 56 22 32 83 80 4 28 91 48 1 87 36 15 38 82 62 41 6 88 60 25 10 59 26 2 47 61 17 10 63 19 81 39 81 54 41 56 95 3 56 42 14 50 13 73 69 58 82 45 57 92 64 62 8 50 70 68 86 57 38 56 93 59 45 26 52 26 0 23 90 81 
49 54 58 87 67 41 10 72 2 22 31 62 73 51 49 63 23 23 35 60 91 28 42 40 16 54 34 40 28 98 77 84 97 82 10 38 96 79 74 57 77 38 72 73 56 27 62 30 73 40 52 22 26 70 31 91 88 88 36 56 21 13 2 58 50 25 64 18 30 7 35 28 11 87 31 60 40 76 38 72 85 38 34 2 23 58 88 68 6 41 34 64 25 62 60 43 63 20 7 33 28 92 34 72 26 22 23 47 78 48 27 33 70 30 57 97 48 6 82 68 38 87 58 91 83 73 72 42 12 56 26 15 90 13 53 2 4 4 22 67 6 48 56 9 14 57 55 5 66 61 83 95 4 49 59 73 46 66 73 23 47 23 0 3 97 
23 85 57 46 11 73 43 7 46 1 88 92 13 23 52 90 39 28 82 91 39 38 93 86 53 54 4 7 43 19 14 72 63 80 76 70 55 63 57 57 65 77 31 33 10 57 11 49 95 31 20 94 61 94 8 25 82 92 10 42 99 17 1 12 14 90 80 88 22 63 76 11 65 6 95 27 3 79 35 99 11 87 56 39 49 63 24 56 72 6 44 29 45 34 17 59 19 36 4 39 76 21 4 39 20 48 29 80 34 84 75 35 66 7 31 55 97 79 48 61 19 55 4 10 38 11 70 78 9 88 25 78 29 54 33 49 81 20 74 15 75 93 15 29 23 28 65 31 57 13 14 79 2 7 46 47 83 35 71 79 75 90 3 0 16 
14 59 79 64 85 66 67 22 59 64 54 86 47 3 95 84 21 26 65 96 18 6 25 22 47 68 5 9 49 4 70 10 10 98 31 65 78 5 54 68 35 81 94 29 81 79 20 51 2 7 53 61 9 78 83 86 6 1 38 98 39 74 13 55 27 34 79 18 89 87 97 56 67 15 45 24 68 15 30 31 31 31 21 9 28 66 13 27 18 16 14 65 96 93 33 36 62 13 58 28 97 25 4 80 74 49 46 76 72 58 63 82 39 97 60 63 97 37 25 99 61 65 37 98 92 36 13 4 30 83 84 57 18 43 81 20 52 32 30 41 64 87 10 2 49 40 90 56 62 72 95 97 53 4 85 48 99 19 4 3 31 81 97 16 0 
