170
0 38 13 73 10 76 6 80 65 17 2 77 72 7 26 51 21 19 85 12 29 30 15 51 69 88 88 95 97 87 14 10 8 64 62 23 58 2 1 61 82 9 89 14 48 73 31 72 4 71 22 50 58 4 69 25 44 77 27 53 81 42 83 16 65 69 26 99 88 8 27 26 23 10 68 24 28 38 58 84 39 9 33 35 11 24 16 88 26 72 93 75 63 47 33 89 24 56 66 78 4 1 78 7 53 86 71 3 77 92 22 76 8 78 73 76 77 44 21 31 37 8 46 69 58 83 97 14 11 24 82 8 25 75 93 21 33 13 66 95 61 25 83 98 3 93 99 11 55 97 83 87 71 67 72 49 55 16 6 18 43 21 49 23 14 98 54 85 11 97 
38 0 56 62 57 90 22 97 84 26 15 14 85 44 7 78 57 60 16 25 10 67 72 54 70 37 22 41 78 92 50 48 78 41 79 46 88 17 29 46 68 67 79 47 1 30 64 76 36 54 94 34 3 85 84 49 55 33 29 56 83 32 29 95 75 9 33 9 85 78 51 80 42 65 84 25 21 45 16 31 92 15 20 27 87 8 54 48 61 35 33 20 68 25 84 95 39 48 6 80 64 88 33 43 75 67 89 99 31 18 69 65 61 79 18 40 36 82 29 23 39 42 75 78 71 26 49 51 63 45 55 1 87 17 20 10 93 52 11 69 24 15 64 22 47 4 57 89 81 47 55 80 72 15 78 16 26 54 85 59 86 30 45 38 23 92 55 77 13 60 
13 56 0 27 77 72 88 40 44 77 39 92 70 99 34 44 27 57 70 74 53 90 28 44 2 83 95 97 27 85 31 65 23 99 53 4 71 13 40 84 49 62 71 14 37 24 23 67 93 96 54 10 42 58 89 94 77 83 12 37 17 31 85 58 36 42 82 3 86 94 37 47 81 28 73 29 3 14 42 37 41 19 98 39 64 47 90 3 99 29 79 76 59 43 27 22 59 17 93 38 12 23 7 97 15 88 76 36 64 33 92 50 1 23 98 71 37 19 28 29 53 95 51 47 8 86 17 30 12 62 15 31 9 41 49 31 24 67 93 65 13 18 34 11 29 76 6 82 6 43 87 53 58 57 79 88 82 11 73 49 20 13 26 78 17 5 89 28 51 69 
73 62 27 0 4 59 13 3 77 97 97 62 16 75 13 19 31 60 6 17 96 97 61 44 32 45 25 63 80 22 20 78 34 5 40 68 35 35 43 79 83 39 49 82 6 92 9 41 70 6 8 79 38 79 34 28 52 78 31 44 47 10 68 4 68 55 98 64 81 29 38 65 38 94 19 79 71 93 53 11 33 47 64 94 19 37 30 40 29 55 30 56 91 28 61 13 18 72 92 8 84 57 52 33 77 63 52 97 31 23 6 92 96 23 77 23 19 94 30 19 53 32 50 99 84 94 46 52 87 16 72 49 29 84 28 44 20 80 71 89 87 12 66 94 16 52 99 87 46 64 43 23 83 41 45 17 18 89 1 98 83 72 15 37 27 33 2 49 89 23 
10 57 77 4 0 35 95 22 69 68 49 19 98 12 12 53 77 69 46 65 90 41 8 8 34 59 8 35 5 6 62 51 77 46 97 22 93 72 93 26 98 2 14 39 86 28 39 85 34 2 32 39 29 76 32 52 67 68 33 75 33 98 6 1 38 73 44 25 17 97 97 42 25 22 28 47 36 63 69 63 33 46 89 43 58 26 33 34 7 66 52 32 8 14 4 29 16 30 67 62 84 97 59 83 35 31 58 97 50 47 84 42 21 41 51 5 10 1 91 22 75 22 34 39 38 44 34 96 42 72 70 71 24 87 40 32 38 39 57 88 29 37 67 11 85 1 17 31 4 79 60 54 70 50 75 47 28 34 73 69 40 33 98 8 34 63 15 78 44 62 
76 90 72 59 35 0 86 37 13 54 27 83 13 26 2 42 56 56 65 16 93 41 61 71 50 51 33 91 21 53 39 66 81 58 53 90 20 95 65 43 48 22 98 2 90 39 13 19 78 78 89 91 84 40 99 16 38 97 37 99 2 33 31 8 51 51 33 44 42 70 2 98 52 31 83 50 82 83 96 72 22 19 47 45 92 10 5 78 64 24 96 60 65 83 32 2 85 79 69 55 26 84 28 57 93 9 56 77 47 50 12 9 62 75 24 89 90 83 83 6 43 47 22 52 74 43 14 19 24 46 96 53 34 55 15 58 62 41 73 66 23 3 87 2 73 52 72 88 78 63 49 1 43 40 4 58 44 54 44 75 99 98 76 60 67 75 92 6 27 68 
6 22 88 13 95 86 0 32 12 4 55 2 14 60 57 82 9 39 5 71 77 74 6 80 85 60 32 91 8 67 33 47 76 83 45 65 38 48 74 91 85 16 66 53 70 67 90 29 20 18 6 80 11 30 18 82 47 8 18 87 62 65 8 30 56 29 44 99 56 6 51 93 64 53 35 99 84 78 38 90 55 5 44 12 30 77 90 33 51 52 43 24 90 44 89 96 29 65 87 59 89 52 23 11 32 10 7 31 68 19 13 74 75 92 66 86 54 43 7 10 37 88 60 9 54 88 19 22 68 15 21 86 10 43 67 21 17 59 78 43 36 76 29 86 35 45 93 83 9 31 65 78 19 39 12 57 53 84 77 69 26 70 32 60 63 30 67 33 72 61 
80 97 40 3 22 37 32 0 94 73 28 98 94 69 39 61 98 10 68 79 64 21 36 56 29 46 93 57 52 5 80 76 32 77 53 39 84 81 75 71 27 58 31 65 39 19 96 42 96 58 49 43 53 23 65 71 62 61 97 28 1 27 51 21 27 66 78 19 61 83 60 63 39 24 69 70 62 88 67 20 37 18 22 78 27 33 9 9 21 69 83 55 86 94 75 90 24 95 91 14 12 43 11 89 25 48 69 44 92 14 7 3 68 94 5 29 36 83 78 47 79 7 92 81 21 24 64 72 7 22 65 51 91 10 93 68 86 34 72 9 52 34 62 8 60 42 28 52 41 72 46 95 10 89 47 59 22 55 1 20 20 86 28 98 22 95 19 68 36 96 
65 84 44 77 69 13 12 94 0 30 23 57 11 43 73 32 13 83 8 88 9 62 24 35 95 4 56 69 16 25 95 63 27 99 48 88 36 17 88 91 79 88 58 25 56 50 53 25 16 68 74 47 21 67 95 13 26 1 98 99 78 12 91 25 55 48 78 41 60 96 80 90 32 57 34 39 93 21 15 10 68 82 80 4 48 71 43 6 21 58 60 55 78 25 59 80 37 81 59 52 64 74 84 89 83 56 79 71 28 24 54 70 69 24 47 40 67 78 27 25 18 88 2 46 59 22 18 57 34 44 76 99 3 97 91 84 27 27 53 56 8 63 32 80 93 77 47 88 71 70 56 93 99 88 86 75 16 15 57 88 2 85 76 77 91 19 63 46 66 53 
17 26 77 97 68 54 4 73 30 0 29 88 39 21 98 52 60 95 65 15 98 53 45 17 65 31 83 11 46 89 79 60 98 43 65 6 91 77 56 43 21 89 69 19 93 50 84 16 18 62 8 65 56 3 91 5 17 78 69 31 53 85 37 99 60 32 36 33 51 52 6 34 1 10 32 36 89 61 39 12 45 44 8 63 57 97 94 53 25 44 52 11 95 50 19 11 62 40 7 8 80 13 1 4 52 16 68 82 60 67 16 62 65 20 45 88 62 22 1 64 95 85 2 85 61 77 23 15 25 47 33 81 71 55 25 78 90 36 58 32 40 15 94 49 14 20 16 98 42 36 26 52 35 23 34 62 79 8 33 4 68 96 58 97 47 90 22 93 85 59 
2 15 39 97 49 27 55 28 23 29 0 65 41 79 79 63 63 48 28 72 43 15 94 52 19 79 11 36 50 94 80 90 5 6 87 30 54 81 73 30 39 79 55 43 65 69 45 85 74 51 81 51 36 73 16 40 3 36 98 80 16 16 95 67 35 84 94 19 75 19 26 18 50 38 21 41 53 24 19 80 52 33 38 31 41 51 74 69 81 16 64 65 92 21 55 24 7 25 1 49 81 29 89 2 74 22 1 77 33 41 82 84 31 88 54 34 83 23 4 35 50 89 71 38 34 13 38 80 66 7 80 93 4 33 86 45 30 47 68 67 29 58 85 44 95 94 21 53 32 26 64 53 60 18 23 55 14 31 24 51 22 72 4 24 13 78 8 53 31 27 
77 14 92 62 19 83 2 98 57 88 65 0 9 97 85 82 74 40 57 61 26 66 96 28 19 87 2 35 3 18 86 12 94 54 60 83 12 84 4 84 1 94 86 52 92 33 87 85 82 6 12 70 10 47 75 94 33 39 43 64 24 41 64 64 32 19 41 6 93 80 83 75 41 26 69 50 83 87 47 14 22 81 82 95 50 52 15 31 11 86 5 8 55 60 85 99 42 36 57 14 12 53 67 22 82 95 35 62 92 86 61 93 99 92 75 9 76 82 28 26 87 37 15 4 93 85 73 44 9 56 18 61 33 99 84 28 96 53 51 81 92 80 27 38 25 57 41 53 39 20 45 21 64 22 66 69 93 19 69 17 79 60 57 45 36 40 62 33 68 54 
72 85 70 16 98 13 14 94 11 39 41 9 0 63 76 9 35 34 93 26 68 2 99 9 90 28 30 90 78 11 62 17 80 75 77 98 1 31 4 82 65 39 68 31 22 27 96 11 70 34 37 10 1 56 70 11 4 40 78 38 17 26 47 8 44 1 57 15 56 56 53 79 98 54 61 1 15 61 67 96 40 72 8 17 67 62 70 51 59 80 15 78 13 12 80 96 35 7 70 86 45 71 73 13 47 83 8 30 61 83 74 47 87 85 98 48 89 74 77 88 46 37 88 40 38 7 44 59 2 84 30 49 56 46 9 35 30 1 80 20 5 72 2 9 27 41 90 33 71 97 8 39 82 30 4 75 51 92 17 50 43 71 9 32 26 35 55 98 97 71 
7 44 99 75 12 26 60 69 43 21 79 97 63 0 6 64 95 25 47 21 23 1 70 23 28 26 65 46 39 58 53 53 33 70 80 6 34 65 54 54 54 13 81 97 34 52 56 81 55 13 86 11 82 79 72 85 30 13 64 8 71 83 64 65 45 70 76 89 35 15 60 89 34 25 4 42 31 23 54 97 92 92 83 98 37 7 39 99 32 63 48 63 35 72 43 21 91 51 23 3 64 1 93 6 73 53 10 95 98 12 99 41 92 77 88 62 3 23 83 94 99 48 30 96 99 81 2 76 2 53 93 65 76 79 63 77 49 37 50 15 74 22 33 72 1 47 25 81 38 17 53 69 93 91 8 61 10 35 64 67 69 14 67 92 1 35 71 17 38 18 
26 7 34 13 12 2 57 39 73 98 79 85 76 6 0 39 83 15 38 63 1 34 50 78 32 58 59 74 77 29 77 54 59 32 95 14 39 92 88 60 47 63 87 62 40 72 3 60 26 58 33 31 53 92 42 79 58 46 86 26 74 75 7 3 31 78 79 92 97 43 19 84 90 89 57 43 5 12 25 23 7 5 80 29 54 31 22 28 6 36 73 83 49 52 95 25 77 41 86 29 41 48 24 29 85 90 38 6 24 69 21 14 57 30 29 92 55 29 64 82 61 70 84 73 80 49 53 93 93 97 58 95 40 91 79 62 58 6 77 26 80 94 38 45 61 16 93 42 64 8 3 47 76 53 67 26 38 4 26 85 65 1 53 82 47 85 18 55 36 79 
51 78 44 19 53 42 82 61 32 52 63 82 9 64 39 0 61 51 47 24 66 1 33 13 91 76 26 56 70 6 15 88 3 92 65 99 88 59 25 46 15 78 87 33 92 73 39 84 21 25 72 28 38 96 83 17 55 97 53 74 6 67 81 95 51 3 90 33 8 90 86 37 67 74 12 36 43 40 53 94 85 21 74 8 53 70 58 63 90 84 17 29 46 83 82 69 68 62 84 70 39 75 64 73 13 35 25 84 35 23 90 41 88 76 78 39 76 22 16 56 69 83 69 12 37 58 28 80 2 13 2 9 90 64 91 16 86 81 85 28 94 8 15 76 13 62 21 38 63 67 34 58 75 73 6 1 3 5 65 58 36 31 5 76 81 15 3 53 55 16 
21 57 27 31 77 56 9 98 13 60 63 74 35 95 83 61 0 97 89 1 60 63 2 92 68 82 42 84 45 98 7 88 57 50 48 73 60 94 83 81 99 93 39 11 88 66 96 89 60 74 96 92 35 51 52 83 83 52 92 25 56 69 66 38 58 98 88 45 58 42 33 28 56 64 81 92 77 57 27 63 54 93 23 39 21 59 44 20 46 76 38 85 35 88 59 2 41 86 38 59 8 25 25 84 42 95 28 33 15 26 14 79 37 25 4 57 94 32 29 77 3 61 60 73 41 16 38 8 83 39 48 61 61 49 83 9 86 69 40 64 55 14 62 41 74 75 69 25 26 34 19 79 47 79 8 78 9 39 50 15 18 46 58 78 88 27 32 59 24 38 
19 60 57 60 69 56 39 10 83 95 48 40 34 25 15 51 97 0 43 94 90 82 97 27 47 19 25 40 76 40 7 69 40 47 22 68 74 25 72 33 13 87 66 8 3 97 21 4 86 95 36 18 18 56 44 53 96 26 90 30 52 68 48 21 72 80 9 24 61 57 10 47 61 66 63 22 14 23 28 26 18 33 94 15 86 53 26 61 84 69 90 25 58 64 13 19 27 78 26 1 23 15 75 40 76 20 10 72 54 67 28 89 3 72 86 20 15 14 98 83 23 62 82 12 29 45 3 4 11 32 92 97 30 56 30 34 42 66 50 26 86 49 54 49 1 39 8 22 6 16 78 81 64 98 31 33 73 45 41 68 25 79 68 51 49 36 53 32 2 65 
85 16 70 6 46 65 5 68 8 65 28 57 93 47 38 47 89 43 0 32 19 67 16 44 40 21 2 1 46 83 30 27 8 53 4 22 84 80 63 70 68 9 73 44 96 90 77 73 59 69 59 82 64 93 53 38 48 52 24 71 1 24 23 88 60 9 3 19 4 15 80 68 35 82 65 45 43 35 79 45 61 68 43 23 42 69 42 40 81 43 68 99 14 26 39 76 6 93 23 40 74 15 48 72 2 34 71 61 20 16 98 99 54 70 21 36 39 50 82 59 13 76 54 25 96 23 34 25 31 88 1 88 36 46 64 9 42 15 63 11 30 31 38 98 40 11 68 55 78 46 74 69 24 82 65 82 82 33 94 15 31 39 97 88 1 38 67 43 62 19 
12 25 74 17 65 16 71 79 88 15 72 61 26 21 63 24 1 94 32 0 1 46 83 95 72 71 97 54 1 43 41 40 25 41 93 73 32 5 30 36 36 49 31 48 1 80 8 53 10 25 52 86 92 76 15 82 62 41 13 28 45 1 55 65 17 91 18 60 91 96 38 73 84 82 40 44 71 91 24 31 74 64 91 49 45 95 17 60 91 45 86 49 18 52 49 7 77 67 87 36 45 79 99 1 39 19 82 37 49 4 52 49 4 89 58 17 88 64 87 22 34 95 32 69 39 72 70 54 13 97 47 41 18 94 79 62 36 59 32 31 49 31 97 97 21 7 75 36 37 74 39 72 57 72 68 50 62 83 99 84 86 88 48 1 66 22 22 40 77 61 
29 10 53 96 90 93 77 64 9 98 43 26 68 23 1 66 60 90 19 1 0 3 41 78 44 84 60 67 79 86 51 23 38 14 16 85 47 39 90 55 28 30 49 16 74 30 52 50 89 65 14 53 95 60 35 4 65 81 93 58 1 10 91 39 18 14 43 53 10 39 26 58 82 52 70 54 90 70 30 91 63 77 21 56 89 96 2 63 55 11 32 70 96 48 49 11 41 26 73 88 23 50 56 89 4 29 25 21 66 88 10 12 22 59 88 95 65 79 88 72 87 83 1 43 35 67 58 93 7 71 3 13 91 5 1 35 77 9 24 62 28 16 12 86 54 91 48 61 89 30 84 51 70 39 84 75 96 48 6 60 12 36 52 85 74 13 36 17 10 85 
30 67 90 97 41 41 74 21 62 53 15 66 2 1 34 1 63 82 67 46 3 0 59 49 22 48 72 57 52 68 4 93 51 54 88 80 93 40 81 83 83 3 31 86 48 66 42 57 42 80 45 95 80 87 34 55 16 28 38 6 65 35 43 88 45 91 43 45 53 89 58 81 3 65 74 96 50 32 32 42 40 15 3 48 36 51 33 33 42 43 96 17 84 29 32 92 12 39 88 17 57 10 65 84 27 3 39 86 31 87 54 32 31 37 16 22 93 48 74 45 5 67 44 19 60 91 30 78 10 24 91 9 92 15 88 48 73 38 42 90 31 40 6 34 75 20 94 38 90 16 13 98 65 1 70 51 48 19 69 68 67 75 70 56 66 82 51 49 5 51 
15 72 28 61 8 61 6 36 24 45 94 96 99 70 50 33 2 97 16 83 41 59 0 57 79 39 11 95 25 40 59 56 1 39 94 86 96 71 74 56 16 97 50 56 7 33 30 94 79 20 29 79 42 93 25 90 11 70 16 47 30 45 20 84 75 80 45 99 13 87 78 50 32 54 88 93 79 3 70 97 23 43 3 21 57 40 38 27 22 4 63 29 10 55 2 29 7 45 68 33 30 70 13 91 16 75 93 17 24 16 12 5 72 95 25 81 38 64 61 82 50 79 12 1 48 24 82 91 13 57 82 29 36 81 9 17 7 22 35 48 46 43 26 36 76 27 54 88 75 67 78 61 53 50 37 61 96 48 70 35 62 33 48 19 92 92 74 82 13 42 
51 54 44 44 8 71 80 56 35 17 52 28 9 23 78 13 92 27 44 95 78 49 57 0 58 71 3 35 81 67 88 72 15 27 40 91 59 46 83 85 53 14 10 26 48 65 89 40 86 22 46 45 89 84 69 68 71 36 35 25 62 88 74 21 77 73 59 56 16 83 42 64 28 97 83 90 72 74 97 61 90 80 89 23 35 56 8 38 99 1 76 74 64 58 65 40 15 23 27 16 82 77 93 27 50 89 33 26 99 53 61 78 6 47 65 11 98 2 57 73 92 57 22 87 38 73 75 93 15 15 50 89 46 87 31 84 78 72 59 63 43 19 59 76 13 29 46 50 95 23 77 57 90 39 87 12 20 89 51 75 92 91 41 60 3 9 76 72 30 96 
69 70 2 32 34 50 85 29 95 65 19 19 90 28 32 91 68 47 40 72 44 22 79 58 0 11 73 64 14 36 62 28 6 49 37 83 68 7 39 19 72 54 16 53 47 98 75 54 4 25 44 26 27 2 7 19 35 32 97 81 99 44 52 37 83 9 3 20 63 95 76 26 36 80 63 77 77 75 71 48 79 32 34 44 10 57 87 47 38 37 11 51 78 20 46 35 36 8 72 2 4 47 62 7 4 9 37 85 49 82 15 16 49 44 44 58 86 68 47 51 3 1 82 59 19 46 66 28 97 84 59 21 97 44 85 12 99 91 47 38 89 41 7 45 31 59 34 66 22 90 58 1 78 68 16 71 4 48 43 2 82 48 17 69 22 62 30 45 97 67 
88 37 83 45 59 51 60 46 4 31 79 87 28 26 58 76 82 19 21 71 84 48 39 71 11 0 35 89 87 78 98 39 11 22 17 79 8 54 54 68 78 13 87 86 29 14 62 7 58 46 62 52 94 7 58 41 8 5 93 8 19 52 73 3 83 47 19 87 30 36 12 53 77 38 79 70 25 70 30 78 25 43 11 66 86 54 21 14 27 7 32 84 50 66 55 1 51 82 38 77 71 21 55 16 46 30 71 15 14 77 82 48 44 76 63 26 26 73 43 62 45 45 54 33 29 6 21 62 8 52 98 51 84 22 10 78 12 68 36 38 42 10 16 94 86 77 30 53 26 87 38 16 23 92 37 46 67 4 59 96 73 73 90 17 86 75 33 63 7 74 
88 22 95 25 8 33 32 93 56 83 11 2 30 65 59 26 42 25 2 97 60 72 11 3 73 35 0 38 3 46 14 42 34 4 5 31 66 70 89 75 37 66 57 78 71 17 43 98 58 94 6 90 88 30 96 70 87 42 82 52 47 59 40 84 16 76 94 94 53 57 26 80 37 5 83 95 12 43 23 85 29 57 33 59 87 69 67 23 3 74 2 34 81 8 64 70 6 43 16 36 47 82 24 21 5 24 26 47 32 26 19 12 54 46 7 21 6 68 12 45 45 27 86 57 81 54 38 47 12 65 57 84 23 57 77 75 72 37 51 32 24 29 1 40 62 33 67 59 47 80 38 54 91 89 34 35 26 79 20 84 53 76 85 64 97 80 99 42 39 40 
95 41 97 63 35 91 91 57 69 11 36 35 90 46 74 56 84 40 1 54 67 57 95 35 64 89 38 0 7 9 1 88 43 19 45 44 94 6 3 63 37 95 60 84 20 24 31 18 99 40 56 24 17 10 92 31 49 50 38 52 22 1 32 94 19 40 45 50 45 24 37 82 90 70 75 86 69 62 44 47 54 75 13 36 18 12 5 88 27 66 17 76 26 64 25 17 80 85 57 20 34 66 30 39 84 54 70 92 65 20 55 76 70 71 94 23 82 29 98 74 58 51 21 30 33 44 92 48 47 58 80 2 13 40 20 56 60 58 67 89 58 54 56 3 34 45 54 38 63 74 61 70 73 87 83 13 49 9 84 65 27 53 18 28 43 49 54 93 15 85 
97 78 27 80 5 21 8 52 16 46 50 3 78 39 77 70 45 76 46 1 79 52 25 81 14 87 3 7 0 46 29 16 34 90 71 15 91 80 66 14 27 52 24 94 11 73 52 30 20 3 37 23 57 99 95 59 22 35 40 55 29 12 60 3 4 87 11 28 2 62 71 13 31 68 80 62 58 8 43 4 54 90 13 75 76 60 35 70 51 98 93 22 86 76 44 4 85 7 2 66 97 19 54 8 71 47 26 35 56 72 64 95 12 13 50 80 68 55 70 82 42 32 83 34 74 10 89 75 96 2 20 12 73 42 24 36 59 30 15 2 50 95 40 28 58 20 33 12 52 88 86 65 77 61 9 40 85 98 19 4 47 41 32 96 43 63 24 17 89 32 
87 92 85 22 6 53 67 5 25 89 94 18 11 58 29 6 98 40 83 43 86 68 40 67 36 78 46 9 46 0 98 76 84 7 19 46 65 54 86 44 51 43 14 8 1 6 14 9 39 67 60 98 67 6 26 89 7 16 75 60 20 51 23 3 76 76 51 42 9 48 84 28 10 71 19 79 70 62 84 36 36 57 54 23 14 49 22 8 7 78 29 44 85 71 98 29 74 90 7 54 14 73 55 90 51 49 39 58 35 69 66 52 25 86 48 39 85 39 32 79 79 9 37 96 73 38 78 35 40 20 68 32 71 65 56 60 57 27 90 78 31 53 89 32 84 44 1 52 11 73 40 77 14 70 70 50 12 13 60 14 90 32 20 26 65 87 67 19 87 92 
14 50 31 20 62 39 33 80 95 79 80 86 62 53 77 15 7 7 30 41 51 4 59 88 62 98 14 1 29 98 0 99 99 37 49 15 41 46 79 64 1 55 21 85 24 56 60 41 38 3 35 70 44 91 41 84 61 46 19 69 27 61 46 59 24 2 41 14 78 63 52 95 48 62 58 65 98 24 2 3 68 84 5 9 78 15 14 99 7 96 69 98 87 29 74 35 84 59 49 10 15 32 25 25 23 75 26 20 97 75 62 86 8 54 89 62 76 69 18 44 29 18 53 49 92 95 60 22 87 72 93 10 11 21 84 16 47 39 20 61 7 24 32 92 1 84 72 10 68 66 3 66 48 87 26 20 5 53 71 5 23 63 60 41 70 71 24 77 32 59 
10 48 65 78 51 66 47 76 63 60 90 12 17 53 54 88 88 69 27 40 23 93 56 72 28 39 42 88 16 76 99 0 28 73 31 19 57 45 37 60 89 57 84 57 2 49 9 55 24 94 54 71 24 43 69 62 31 73 27 36 89 95 22 61 33 91 87 19 10 30 75 31 59 40 95 26 74 74 54 76 78 61 27 7 85 68 78 34 92 52 37 34 84 41 14 65 52 74 7 57 22 60 31 46 69 58 20 83 32 71 61 76 34 18 79 97 1 83 42 68 86 63 35 25 98 73 13 51 64 65 34 60 36 20 7 24 97 61 19 97 63 10 24 41 77 98 7 80 35 81 7 33 13 71 96 52 46 18 88 87 85 7 58 58 84 73 7 88 19 31 
8 78 23 34 77 81 76 32 27 98 5 94 80 33 59 3 57 40 8 25 38 51 1 15 6 11 34 43 34 84 99 28 0 7 88 14 54 62 41 39 17 48 39 98 1 66 49 70 32 66 1 76 77 20 85 83 64 39 55 87 13 22 19 46 60 61 13 29 12 14 61 83 60 88 84 3 34 92 10 3 77 44 82 18 89 54 51 76 7 37 95 17 77 99 63 23 71 70 83 16 96 19 22 10 3 79 79 7 97 60 37 26 6 62 9 7 21 57 14 94 4 79 6 82 91 40 99 8 33 11 69 45 99 82 80 98 20 50 67 62 51 26 41 25 56 3 87 6 10 95 81 26 54 72 66 56 64 8 69 87 40 58 74 78 39 32 77 60 82 28 
64 41 99 5 46 58 83 77 99 43 6 54 75 70 32 92 50 47 53 41 14 54 39 27 49 22 4 19 90 7 37 73 7 0 90 40 9 4 15 99 10 76 79 82 65 74 84 16 65 53 48 27 54 17 26 8 25 5 10 26 37 90 81 53 70 55 26 42 19 12 81 4 2 18 51 91 19 46 45 49 21 92 17 36 30 8 29 7 30 98 97 95 3 89 91 61 70 1 87 15 69 74 16 87 90 45 68 16 51 35 53 15 71 31 29 93 73 35 60 15 81 13 87 64 86 79 3 10 76 31 33 20 68 77 31 71 9 18 75 67 49 66 17 33 18 78 59 12 67 34 8 7 5 63 1 22 21 38 51 59 82 79 7 47 13 62 50 52 28 60 
62 79 53 40 97 53 45 53 48 65 87 60 77 80 95 65 48 22 4 93 16 88 94 40 37 17 5 45 71 19 49 31 88 90 0 15 22 88 54 14 75 35 50 71 24 54 52 13 71 11 99 5 97 12 75 38 32 44 95 38 87 1 39 26 23 45 94 47 86 14 32 47 82 67 37 53 35 32 14 48 19 26 64 87 6 24 20 31 5 8 52 99 67 65 28 96 56 1 44 44 91 63 65 5 7 25 24 28 31 69 26 94 51 68 3 99 86 57 19 13 25 38 70 65 59 1 65 14 22 38 99 15 18 91 90 23 21 51 73 49 11 24 97 66 13 21 86 22 47 32 27 35 59 91 83 70 15 80 84 79 63 26 68 18 20 55 38 1 81 62 
23 46 4 68 22 90 65 39 88 6 30 83 98 6 14 99 73 68 22 73 85 80 86 91 83 79 31 44 15 46 15 19 14 40 15 0 62 4 17 54 78 25 65 20 72 63 54 5 5 72 84 70 80 61 98 54 33 88 7 3 41 6 22 4 12 80 68 7 76 47 17 64 5 20 41 38 63 59 6 80 87 75 45 11 7 33 41 9 67 96 73 58 25 95 34 48 95 53 92 12 37 7 61 30 50 56 7 41 64 8 76 27 56 32 83 96 55 78 77 7 96 91 79 58 14 84 24 21 66 91 85 55 67 84 88 38 17 8 81 69 16 16 83 21 48 21 59 10 97 56 60 89 8 26 10 11 37 40 21 83 76 29 99 41 86 84 6 11 49 61 
58 88 71 35 93 20 38 84 36 91 54 12 1 34 39 88 60 74 84 32 47 93 96 59 68 8 66 94 91 65 41 57 54 9 22 62 0 68 60 34 22 77 84 7 22 15 42 66 79 69 39 92 54 81 95 13 90 78 61 58 52 15 68 49 55 10 23 34 99 57 81 15 32 20 43 32 74 28 62 15 54 41 91 44 12 74 73 32 52 59 16 49 4 26 65 29 69 60 60 84 78 5 70 67 74 44 88 84 74 79 63 5 73 41 98 13 19 55 36 20 32 10 71 30 33 86 95 87 85 84 12 85 97 96 83 29 90 37 18 96 22 11 80 62 40 89 91 72 84 46 13 20 45 20 85 64 42 64 31 52 12 54 32 75 92 69 11 21 88 73 
2 17 13 35 72 95 48 81 17 77 81 84 31 65 92 59 94 25 80 5 39 40 71 46 7 54 70 6 80 54 46 45 62 4 88 4 68 0 78 1 39 89 48 6 47 75 72 94 58 18 47 38 88 88 74 4 51 64 64 61 53 49 52 7 64 94 2 25 23 89 49 35 23 40 19 64 75 89 18 8 28 87 79 3 51 17 44 80 12 78 14 95 39 1 72 27 93 77 95 89 55 17 63 74 57 54 40 19 65 79 69 59 51 54 44 48 51 48 88 95 55 75 66 4 45 12 53 57 41 15 39 98 14 47 62 6 62 15 78 66 93 48 77 14 6 23 42 7 16 31 47 93 33 19 30 72 4 1 51 70 41 36 52 16 50 9 68 66 35 35 
1 29 40 43 93 65 74 75 88 56 73 4 4 54 88 25 83 72 63 30 90 81 74 83 39 54 89 3 66 86 79 37 41 15 54 17 60 78 0 86 39 3 46 59 18 34 93 9 45 6 10 42 51 74 78 63 8 33 80 67 42 78 77 49 92 14 76 2 33 28 10 37 8 55 12 90 37 81 59 77 64 24 33 66 80 76 74 63 18 87 66 6 77 60 45 93 30 57 57 68 54 18 13 53 83 94 20 61 58 34 62 89 74 80 33 61 71 19 35 74 39 72 23 16 55 28 24 27 12 61 31 62 98 74 45 81 24 65 72 18 65 13 85 39 77 38 38 84 44 88 78 14 44 91 28 47 69 5 99 32 59 90 42 64 97 83 55 88 40 72 
61 46 84 79 26 43 91 71 91 43 30 84 82 54 60 46 81 33 70 36 55 83 56 85 19 68 75 63 14 44 64 60 39 99 14 54 34 1 86 0 37 40 71 17 11 26 48 12 79 64 44 94 42 24 34 89 47 26 46 31 95 87 26 97 38 7 23 30 84 32 88 98 54 16 84 87 16 79 36 7 2 9 83 12 79 81 93 40 7 27 74 77 65 35 27 83 39 92 9 19 25 6 56 46 3 25 48 58 40 80 38 52 10 38 9 70 16 57 67 38 23 76 19 7 78 72 35 41 53 25 50 7 33 67 13 59 87 33 49 46 56 33 27 16 60 57 31 67 28 94 21 49 39 23 65 62 85 88 68 70 67 8 16 26 95 63 28 94 19 91 
82 68 49 83 98 48 85 27 79 21 39 1 65 54 47 15 99 13 68 36 28 83 16 53 72 78 37 37 27 51 1 89 17 10 75 78 22 39 39 37 0 85 74 80 37 1 13 24 98 10 47 87 76 75 6 70 43 4 34 77 21 58 2 67 80 78 62 78 79 86 51 86 17 2 22 58 23 17 68 38 61 79 81 91 1 38 77 81 82 8 61 93 24 13 51 16 64 9 3 43 18 16 51 26 64 52 55 28 45 59 80 5 12 37 22 93 10 91 22 13 46 98 29 40 3 48 71 51 19 92 93 37 83 74 57 66 5 48 39 80 76 19 50 64 71 55 43 70 42 21 17 1 40 68 36 22 87 52 91 65 4 9 60 2 10 62 25 38 96 71 
9 67 62 39 2 22 16 58 88 89 79 94 39 13 63 78 93 87 9 49 30 3 97 14 54 13 66 95 52 43 55 57 48 76 35 25 77 89 3 40 85 0 52 83 84 74 6 58 19 46 63 87 79 87 67 51 22 94 73 71 77 81 37 69 37 77 45 48 45 52 21 3 47 77 37 46 15 25 85 72 31 94 96 12 51 73 69 95 80 63 49 83 36 13 82 32 71 3 71 86 26 25 53 37 2 90 52 96 63 42 68 67 43 55 53 72 31 29 24 10 9 46 94 46 70 21 92 8 18 64 40 62 57 50 43 44 96 86 90 59 98 22 27 23 91 52 59 98 71 28 4 32 11 54 44 25 23 88 16 76 68 24 55 59 67 16 92 27 25 6 
89 79 71 49 14 98 66 31 58 69 55 86 68 81 87 87 39 66 73 31 49 31 50 10 16 87 57 60 24 14 21 84 39 79 50 65 84 48 46 71 74 52 0 27 45 94 81 82 68 58 66 1 12 34 19 61 6 6 72 15 81 26 55 19 85 45 59 71 96 49 11 91 47 73 33 29 76 4 53 34 82 56 91 20 64 12 4 40 31 23 78 63 65 57 72 36 53 47 9 81 61 4 23 32 96 96 56 11 79 56 19 95 88 78 16 90 55 63 75 51 78 56 67 37 63 37 14 66 53 27 73 90 93 92 48 99 13 54 43 17 49 21 8 85 24 77 38 16 5 16 9 49 37 67 78 19 45 39 12 30 97 74 6 94 31 45 2 39 5 33 
14 47 14 82 39 2 53 65 25 19 43 52 31 97 62 33 11 8 44 48 16 86 56 26 53 86 78 84 94 8 85 57 98 82 71 20 7 6 59 17 80 83 27 0 86 71 61 4 13 68 12 14 29 4 98 71 29 75 90 16 42 14 2 52 77 84 72 56 10 81 8 28 45 6 47 79 96 70 51 65 88 61 33 88 28 45 45 44 25 19 76 80 1 55 47 95 2 20 71 71 35 63 10 5 63 49 47 49 91 81 11 71 26 20 9 65 3 73 65 94 20 74 67 32 66 65 69 46 92 94 23 98 55 62 48 25 24 27 34 84 95 41 19 15 39 64 7 72 53 15 44 80 84 41 22 61 97 23 49 86 72 96 38 85 67 57 51 66 89 21 
48 1 37 6 86 90 70 39 56 93 65 92 22 34 40 92 88 3 96 1 74 48 7 48 47 29 71 20 11 1 24 2 1 65 24 72 22 47 18 11 37 84 45 86 0 1 76 15 94 27 72 91 75 27 6 99 76 68 16 78 25 27 57 79 2 22 79 1 91 61 75 53 88 44 64 29 59 92 13 95 14 9 70 27 64 4 5 35 60 8 76 41 20 69 28 88 6 1 83 45 54 55 89 68 30 22 37 40 54 64 17 96 72 77 63 73 22 74 19 83 55 75 74 4 31 79 70 99 97 17 33 49 18 24 76 94 92 65 89 64 71 60 96 28 55 36 30 29 33 54 98 78 81 77 84 4 89 70 58 89 81 48 19 35 70 77 85 33 27 1 
73 30 24 92 28 39 67 19 50 50 69 33 27 52 72 73 66 97 90 80 30 66 33 65 98 14 17 24 73 6 56 49 66 74 54 63 15 75 34 26 1 74 94 71 1 0 75 20 45 29 4 53 93 58 9 62 11 20 28 99 7 36 54 9 22 87 31 96 69 13 52 23 21 94 33 91 96 2 38 25 83 1 7 68 82 5 13 15 59 5 85 94 50 22 41 82 18 67 54 47 33 9 33 75 32 60 50 12 12 55 9 10 73 90 96 73 48 74 77 12 70 58 95 45 4 22 65 32 44 37 87 60 16 40 69 2 15 83 78 69 32 57 38 30 48 70 6 35 28 64 63 12 59 9 54 37 75 13 27 77 3 86 71 21 48 47 1 53 98 6 
31 64 23 9 39 13 90 96 53 84 45 87 96 56 3 39 96 21 77 8 52 42 30 89 75 62 43 31 52 14 60 9 49 84 52 54 42 72 93 48 13 6 81 61 76 75 0 17 45 30 49 51 87 18 97 58 33 79 2 22 95 1 77 22 85 92 80 53 57 67 92 89 79 96 57 10 12 85 60 14 49 33 46 20 84 34 84 47 55 73 66 72 57 34 54 60 74 69 50 36 69 72 52 97 7 85 5 24 22 36 60 40 67 61 34 9 4 69 7 8 68 30 95 78 98 37 75 30 91 56 50 82 46 11 16 71 24 37 25 70 26 73 99 77 79 45 97 12 11 84 94 53 31 31 63 22 23 43 57 96 93 38 44 86 96 73 95 2 17 27 
72 76 67 41 85 19 29 42 25 16 85 85 11 81 60 84 89 4 73 53 50 57 94 40 54 7 98 18 30 9 41 55 70 16 13 5 66 94 9 12 24 58 82 4 15 20 17 0 2 98 53 60 54 80 56 76 96 85 29 55 14 8 16 84 35 52 44 91 76 79 52 58 30 69 61 50 81 3 4 79 88 73 26 40 10 44 57 65 10 2 82 16 87 84 80 64 93 6 82 65 28 19 16 12 71 92 52 6 69 21 53 60 37 3 69 27 22 45 43 43 49 54 5 17 50 21 20 34 65 85 46 35 36 89 25 61 13 82 37 39 16 86 90 84 43 90 67 97 75 40 95 1 11 33 2 88 27 36 40 31 7 66 80 55 59 45 82 17 92 62 
4 36 93 70 34 78 20 96 16 18 74 82 70 55 26 21 60 86 59 10 89 42 79 86 4 58 58 99 20 39 38 24 32 65 71 5 79 58 45 79 98 19 68 13 94 45 45 2 0 77 84 85 3 87 35 77 86 44 23 72 22 80 98 48 60 72 64 36 30 54 35 14 70 48 91 6 55 98 33 13 28 92 99 70 18 31 34 58 14 3 74 35 52 16 8 72 77 13 22 67 10 37 60 72 46 34 92 78 34 74 98 85 39 71 86 37 95 13 43 69 26 89 95 41 82 87 58 57 82 54 3 13 6 29 22 47 90 94 23 98 51 98 15 82 69 82 22 4 90 73 51 52 20 53 20 60 24 59 77 36 73 71 31 81 90 52 63 50 44 13 
71 54 96 6 2 78 18 58 68 62 51 6 34 13 58 25 74 95 69 25 65 80 20 22 25 46 94 40 3 67 3 94 66 53 11 72 69 18 6 64 10 46 58 68 27 29 30 98 77 0 97 51 33 35 55 84 91 46 46 9 53 79 90 22 64 32 6 72 8 39 9 60 94 72 94 98 83 2 67 43 99 47 60 59 58 16 83 44 11 61 59 51 67 65 34 68 53 59 48 91 24 15 8 32 63 78 4 19 9 45 94 90 68 26 88 21 1 38 72 87 74 26 33 91 32 99 64 10 33 67 69 77 65 35 2 25 65 17 5 87 78 24 72 81 22 94 61 48 99 19 83 15 28 62 27 69 80 85 76 60 9 3 81 25 63 33 61 96 45 21 
22 94 54 8 32 89 6 49 74 8 81 12 37 86 33 72 96 36 59 52 14 45 29 46 44 62 6 56 37 60 35 54 1 48 99 84 39 47 10 44 47 63 66 12 72 4 49 53 84 97 0 86 92 90 8 19 49 77 37 63 55 31 3 4 7 66 77 11 36 67 66 76 32 56 20 85 71 45 67 56 86 96 60 63 77 81 96 13 81 19 19 9 60 47 72 98 75 65 78 79 47 2 36 83 66 7 49 64 12 87 82 59 95 28 31 18 59 44 72 47 36 7 19 45 41 82 48 41 75 73 58 59 85 4 30 58 45 26 61 9 49 26 29 46 75 54 24 19 97 81 19 95 24 92 37 16 15 66 78 31 54 61 68 85 96 85 86 64 69 69 
50 34 10 79 39 91 80 43 47 65 51 70 10 11 31 28 92 18 82 86 53 95 79 45 26 52 90 24 23 98 70 71 76 27 5 70 92 38 42 94 87 87 1 14 91 53 51 60 85 51 86 0 22 27 44 38 5 34 41 45 95 32 57 57 99 85 15 28 19 77 13 25 55 49 48 44 62 8 20 47 20 80 59 95 61 54 14 31 29 3 76 93 44 30 91 80 48 35 29 10 53 25 73 89 88 1 24 17 15 90 44 7 76 37 42 22 2 85 35 88 86 72 15 83 4 10 45 26 49 88 70 94 78 35 76 40 28 14 46 90 19 2 38 69 21 31 84 97 89 12 42 76 73 6 87 44 38 98 76 40 94 34 15 78 97 18 73 83 97 37 
58 3 42 38 29 84 11 53 21 56 36 10 1 82 53 38 35 18 64 92 95 80 42 89 27 94 88 17 57 67 44 24 77 54 97 80 54 88 51 42 76 79 12 29 75 93 87 54 3 33 92 22 0 63 13 80 58 84 24 86 32 20 96 52 69 16 39 55 68 44 33 73 34 93 37 13 55 89 36 92 95 11 97 88 68 31 67 39 31 45 65 90 17 99 76 68 32 1 24 84 78 90 10 28 40 91 18 76 63 38 61 44 42 39 17 84 85 89 19 66 10 15 56 31 8 83 4 22 74 23 13 16 91 47 37 30 72 42 41 75 73 60 58 2 21 98 18 33 2 87 82 35 47 41 22 65 89 19 18 51 17 32 20 80 96 41 31 54 66 51 
4 85 58 79 76 40 30 23 67 3 73 47 56 79 92 96 51 56 93 76 60 87 93 84 2 7 30 10 99 6 91 43 20 17 12 61 81 88 74 24 75 87 34 4 27 58 18 80 87 35 90 27 63 0 85 4 29 16 74 42 42 52 44 65 75 48 84 30 77 54 2 90 71 36 4 4 7 7 88 36 61 30 77 76 42 8 42 32 34 15 89 91 68 11 77 50 20 21 55 74 71 39 36 51 53 42 93 99 13 84 59 29 71 43 25 5 91 25 86 74 29 88 98 57 15 10 20 65 73 1 93 95 38 42 30 56 50 19 16 58 60 89 86 41 89 73 97 83 33 61 42 60 62 83 38 23 48 88 14 24 74 28 3 54 9 6 81 11 71 41 
69 84 89 34 32 99 18 65 95 91 16 75 70 72 42 83 52 44 53 15 35 34 25 69 7 58 96 92 95 26 41 69 85 26 75 98 95 74 78 34 6 67 19 98 6 9 97 56 35 55 8 44 13 85 0 66 36 73 66 52 40 68 28 52 37 69 8 27 39 9 82 11 64 16 80 59 22 6 2 15 81 35 36 86 39 58 8 57 81 18 45 86 77 72 85 88 53 34 39 80 30 5 60 32 78 9 92 29 94 88 82 6 68 94 52 94 48 88 41 18 37 48 52 26 76 87 66 12 91 17 90 73 67 32 7 14 39 86 5 30 21 93 55 61 23 30 84 30 85 61 40 50 79 67 26 66 60 94 99 80 61 50 72 55 70 43 16 37 39 43 
25 49 94 28 52 16 82 71 13 5 40 94 11 85 79 17 83 53 38 82 4 55 90 68 19 41 70 31 59 89 84 62 83 8 38 54 13 4 63 89 70 51 61 71 99 62 58 76 77 84 19 38 80 4 66 0 40 52 51 11 13 57 72 75 94 99 91 1 84 26 22 69 41 2 7 15 21 34 74 67 26 48 98 2 22 62 62 20 10 20 44 13 79 79 38 75 8 7 64 98 90 83 88 92 1 16 72 31 82 88 53 48 54 49 63 12 11 54 51 71 53 64 50 18 45 29 96 89 50 43 38 23 88 86 20 5 40 24 27 11 20 43 64 90 34 86 64 57 89 26 85 54 35 60 45 22 94 90 59 60 8 71 71 50 13 4 82 3 42 43 
44 55 77 52 67 38 47 62 26 17 3 33 4 30 58 55 83 96 48 62 65 16 11 71 35 8 87 49 22 7 61 31 64 25 32 33 90 51 8 47 43 22 6 29 76 11 33 96 86 91 49 5 58 29 36 40 0 19 36 64 60 33 94 58 28 77 89 8 6 88 43 65 78 74 46 4 70 77 97 99 27 54 78 8 31 65 71 72 23 48 65 92 97 98 75 36 10 38 10 48 30 25 63 10 91 70 55 49 55 85 38 2 49 97 11 27 24 68 69 45 74 92 44 83 58 42 4 73 2 51 65 29 20 35 27 73 87 26 24 62 4 54 22 84 95 30 17 23 17 60 33 43 30 17 44 16 18 69 5 21 77 31 95 67 72 3 97 23 26 55 
77 33 83 78 68 97 8 61 1 78 36 39 40 13 46 97 52 26 52 41 81 28 70 36 32 5 42 50 35 16 46 73 39 5 44 88 78 64 33 26 4 94 6 75 68 20 79 85 44 46 77 34 84 16 73 52 19 0 29 30 19 98 36 61 78 26 69 52 42 26 55 92 99 96 80 98 48 11 63 61 99 64 71 6 88 49 73 79 56 42 98 89 30 38 1 95 1 76 16 51 6 65 4 84 77 50 79 64 20 74 91 58 48 68 66 11 1 95 8 57 12 51 16 32 62 56 13 82 62 48 72 36 37 96 98 65 24 93 1 66 97 90 75 78 89 88 49 5 57 4 74 73 72 14 76 63 43 81 32 47 71 30 18 48 38 13 62 61 33 58 
27 29 12 31 33 37 18 97 98 69 98 43 78 64 86 53 92 90 24 13 93 38 16 35 97 93 82 38 40 75 19 27 55 10 95 7 61 64 80 46 34 73 72 90 16 28 2 29 23 46 37 41 24 74 66 51 36 29 0 33 86 23 10 44 70 98 39 5 38 74 6 34 75 18 9 16 30 53 17 36 66 21 99 39 91 13 5 63 68 54 10 26 22 35 24 21 50 99 53 98 40 3 98 50 99 21 7 70 32 4 96 32 12 22 42 2 59 86 99 23 43 9 21 71 55 52 15 77 3 63 76 28 8 42 22 44 20 80 74 94 39 39 44 10 2 88 18 15 58 94 20 42 43 79 96 42 81 23 40 88 8 29 32 4 95 77 15 68 56 69 
53 56 37 44 75 99 87 28 99 31 80 64 38 8 26 74 25 30 71 28 58 6 47 25 81 8 52 52 55 60 69 36 87 26 38 3 58 61 67 31 77 71 15 16 78 99 22 55 72 9 63 45 86 42 52 11 64 30 33 0 94 52 35 42 28 18 27 65 51 54 84 22 9 10 13 17 74 26 64 12 48 20 75 26 43 44 98 81 55 83 39 20 7 5 94 58 4 91 91 10 6 93 57 99 71 92 30 53 45 87 5 37 11 87 84 23 55 50 85 4 54 27 33 1 16 79 54 29 25 83 16 59 26 67 1 61 86 68 18 50 80 74 19 41 92 78 95 62 81 84 4 2 45 38 63 63 22 25 97 60 8 58 97 79 28 32 97 46 38 59 
81 83 17 47 33 2 62 1 78 53 16 24 17 71 74 6 56 52 1 45 1 65 30 62 99 19 47 22 29 20 27 89 13 37 87 41 52 53 42 95 21 77 81 42 25 7 95 14 22 53 55 95 32 42 40 13 60 19 86 94 0 43 29 96 21 23 40 2 1 13 28 6 55 66 26 8 6 59 99 20 68 62 30 98 90 62 50 96 52 73 12 74 43 99 79 98 83 60 67 34 7 39 11 17 33 14 86 39 16 91 2 48 96 63 69 36 2 85 76 38 57 62 27 14 79 27 31 46 72 96 81 15 88 39 57 90 16 76 32 55 59 41 35 70 31 3 14 89 17 33 17 91 60 64 30 94 74 35 29 56 72 46 50 42 41 45 96 5 58 12 
42 32 31 10 98 33 65 27 12 85 16 41 26 83 75 67 69 68 24 1 10 35 45 88 44 52 59 1 12 51 61 95 22 90 1 6 15 49 78 87 58 81 26 14 27 36 1 8 80 79 31 32 20 52 68 57 33 98 23 52 43 0 55 24 46 61 7 38 72 44 8 20 44 30 62 67 65 21 36 75 2 97 78 26 49 91 88 95 41 81 44 49 29 59 14 25 36 30 43 8 66 79 43 24 25 27 15 74 47 15 36 22 67 79 25 85 24 10 95 47 97 90 1 24 64 24 8 29 65 49 15 77 71 30 50 73 35 20 97 25 94 20 91 1 79 85 58 67 29 83 6 64 71 5 30 69 38 99 45 54 50 14 27 74 71 96 44 5 12 49 
83 29 85 68 6 31 8 51 91 37 95 64 47 64 7 81 66 48 23 55 91 43 20 74 52 73 40 32 60 23 46 22 19 81 39 22 68 52 77 26 2 37 55 2 57 54 77 16 98 90 3 57 96 44 28 72 94 36 10 35 29 55 0 11 51 94 96 2 53 59 68 97 57 58 72 93 71 1 40 3 19 73 41 31 52 58 63 44 14 35 36 17 63 96 86 97 66 66 67 85 70 79 65 43 29 1 95 56 25 27 4 19 12 86 96 11 66 91 13 8 60 52 77 23 34 19 37 47 23 33 54 44 95 31 31 16 97 33 85 41 32 35 66 35 75 16 92 9 18 76 61 72 25 90 34 65 80 48 90 34 68 53 94 54 79 68 98 58 81 54 
16 95 58 4 1 8 30 21 25 99 67 64 8 65 3 95 38 21 88 65 39 88 84 21 37 3 84 94 3 3 59 61 46 53 26 4 49 7 49 97 67 69 19 52 79 9 22 84 48 22 4 57 52 65 52 75 58 61 44 42 96 24 11 0 28 99 47 54 56 70 20 73 91 90 10 16 93 36 67 9 89 96 80 70 85 55 37 85 81 9 8 25 79 9 10 94 81 91 13 67 30 67 25 38 62 86 47 91 49 31 68 20 44 2 88 81 82 32 16 89 71 4 69 49 54 35 75 24 10 10 83 9 72 42 88 47 75 70 98 98 56 60 2 9 64 80 79 48 93 62 13 36 35 17 99 12 16 82 89 75 46 76 78 95 6 49 69 69 54 49 
65 75 36 68 38 51 56 27 55 60 35 32 44 45 31 51 58 72 60 17 18 45 75 77 83 83 16 19 4 76 24 33 60 70 23 12 55 64 92 38 80 37 85 77 2 22 85 35 60 64 7 99 69 75 37 94 28 78 70 28 21 46 51 28 0 11 47 1 87 62 62 46 55 94 16 64 17 66 40 98 37 85 21 67 46 46 66 78 8 39 20 53 60 33 29 25 39 89 73 91 94 68 79 86 2 43 54 3 12 75 61 92 90 42 11 57 14 78 19 26 3 97 1 98 87 29 91 3 2 85 94 57 7 66 6 10 18 88 18 13 76 6 10 44 1 86 89 18 64 27 29 88 2 78 34 81 16 48 78 74 38 25 26 5 16 95 55 26 33 48 
69 9 42 55 73 51 29 66 48 32 84 19 1 70 78 3 98 80 9 91 14 91 80 73 9 47 76 40 87 76 2 91 61 55 45 80 10 94 14 7 78 77 45 84 22 87 92 52 72 32 66 85 16 48 69 99 77 26 98 18 23 61 94 99 11 0 8 59 47 76 62 49 68 81 5 58 55 19 98 49 27 27 25 64 33 43 31 3 80 26 11 29 15 33 7 72 96 44 36 46 93 29 28 16 10 95 32 54 71 22 67 61 38 98 58 72 92 58 96 91 21 95 6 2 27 8 62 4 30 22 89 60 92 99 59 13 17 3 1 72 32 43 59 29 93 41 32 75 35 41 26 57 74 77 2 13 54 85 61 45 40 56 90 68 65 42 96 47 19 46 
26 33 82 98 44 33 44 78 78 36 94 41 57 76 79 90 88 9 3 18 43 43 45 59 3 19 94 45 11 51 41 87 13 26 94 68 23 2 76 23 62 45 59 72 79 31 80 44 64 6 77 15 39 84 8 91 89 69 39 27 40 7 96 47 47 8 0 87 94 11 34 57 32 4 21 35 67 96 25 75 40 73 88 7 34 52 84 23 17 16 82 70 70 66 78 64 56 97 70 52 55 10 17 53 26 22 58 26 50 52 47 95 90 33 38 39 4 3 38 6 7 63 87 90 44 25 95 67 36 88 87 64 17 95 28 44 11 83 45 37 8 77 43 44 16 75 32 49 87 11 22 92 24 45 25 27 86 27 43 97 18 76 18 43 53 54 74 88 97 41 
99 9 3 64 25 44 99 19 41 33 19 6 15 89 92 33 45 24 19 60 53 45 99 56 20 87 94 50 28 42 14 19 29 42 47 7 34 25 2 30 78 48 71 56 1 96 53 91 36 72 11 28 55 30 27 1 8 52 5 65 2 38 2 54 1 59 87 0 7 1 4 80 94 33 35 28 13 84 94 91 6 58 51 35 86 45 96 28 71 90 18 49 66 20 64 27 33 2 85 16 79 83 56 53 57 23 58 76 64 32 44 96 35 76 97 57 2 50 86 41 65 51 57 33 63 85 24 71 89 42 39 27 2 1 37 37 42 89 17 69 54 22 93 24 92 50 52 70 54 1 61 13 20 28 13 88 17 70 97 90 33 95 91 79 7 43 13 33 90 72 
88 85 86 81 17 42 56 61 60 51 75 93 56 35 97 8 58 61 4 91 10 53 13 16 63 30 53 45 2 9 78 10 12 19 86 76 99 23 33 84 79 45 96 10 91 69 57 76 30 8 36 19 68 77 39 84 6 42 38 51 1 72 53 56 87 47 94 7 0 75 91 99 79 36 2 30 92 32 42 42 4 66 63 70 7 69 7 46 50 41 52 89 14 24 42 36 19 70 15 61 88 67 23 73 28 11 56 21 71 26 95 25 88 13 70 19 45 12 47 15 51 76 65 88 30 64 67 8 1 18 46 61 11 39 53 10 13 42 24 71 58 76 24 55 91 2 51 75 9 65 70 76 97 87 14 29 62 78 98 30 64 57 86 63 97 8 28 63 74 18 
8 78 94 29 97 70 6 83 96 52 19 80 56 15 43 90 42 57 15 96 39 89 87 83 95 36 57 24 62 48 63 30 14 12 14 47 57 89 28 32 86 52 49 81 61 13 67 79 54 39 67 77 44 54 9 26 88 26 74 54 13 44 59 70 62 76 11 1 75 0 86 86 93 61 31 20 8 3 44 59 17 49 29 63 99 7 75 60 53 9 5 44 75 51 96 22 11 65 67 69 52 91 96 6 37 37 44 66 68 26 28 3 47 27 78 45 79 84 78 47 30 49 64 13 60 46 49 67 13 45 69 64 8 4 30 87 63 63 36 8 43 56 76 97 66 88 49 2 58 81 53 46 96 22 90 74 8 1 15 34 59 79 68 48 54 23 95 58 18 17 
27 51 37 38 97 2 51 60 80 6 26 83 53 60 19 86 33 10 80 38 26 58 78 42 76 12 26 37 71 84 52 75 61 81 32 17 81 49 10 88 51 21 11 8 75 52 92 52 35 9 66 13 33 2 82 22 43 55 6 84 28 8 68 20 62 62 34 4 91 86 0 7 34 95 16 49 53 95 18 53 31 3 38 51 57 91 67 66 87 6 15 12 43 79 15 85 1 4 60 72 93 49 10 8 24 23 99 7 33 88 69 83 97 12 26 89 94 96 16 94 72 80 68 70 6 42 61 86 18 39 93 2 16 50 24 41 36 75 41 36 50 29 87 31 40 16 89 40 34 81 23 65 87 77 7 11 80 29 47 24 44 62 44 65 1 75 97 1 1 32 
26 80 47 65 42 98 93 63 90 34 18 75 79 89 84 37 28 47 68 73 58 81 50 64 26 53 80 82 13 28 95 31 83 4 47 64 15 35 37 98 86 3 91 28 53 23 89 58 14 60 76 25 73 90 11 69 65 92 34 22 6 20 97 73 46 49 57 80 99 86 7 0 75 41 12 72 60 76 6 20 31 95 45 26 70 32 75 30 91 5 59 79 85 85 28 65 1 3 6 19 62 73 65 43 74 89 51 67 48 95 6 41 92 34 80 6 78 67 31 16 45 33 76 45 5 16 11 14 72 54 14 57 23 59 48 64 51 25 48 19 83 15 15 83 20 35 77 67 39 72 54 12 64 41 15 25 80 68 73 31 31 98 86 14 70 82 78 5 26 60 
23 42 81 38 25 52 64 39 32 1 50 41 98 34 90 67 56 61 35 84 82 3 32 28 36 77 37 90 31 10 48 59 60 2 82 5 32 23 8 54 17 47 47 45 88 21 79 30 70 94 32 55 34 71 64 41 78 99 75 9 55 44 57 91 55 68 32 94 79 93 34 75 0 27 24 62 39 89 83 85 14 89 91 73 48 52 98 64 29 28 60 95 79 60 51 11 92 85 23 38 30 13 21 67 53 16 3 42 58 2 98 63 46 44 4 48 88 5 40 69 6 72 60 8 34 58 90 58 72 29 48 5 62 52 2 91 75 25 41 97 37 52 88 84 68 3 68 65 28 21 28 15 18 77 92 11 90 59 75 8 40 3 68 57 44 98 33 61 25 2 
10 65 28 94 22 31 53 24 57 10 38 26 54 25 89 74 64 66 82 82 52 65 54 97 80 38 5 70 68 71 62 40 88 18 67 20 20 40 55 16 2 77 73 6 44 94 96 69 48 72 56 49 93 36 16 2 74 96 18 10 66 30 58 90 94 81 4 33 36 61 95 41 27 0 26 64 15 11 59 48 39 14 76 43 43 55 41 97 57 99 70 1 17 51 49 12 79 15 32 33 83 99 73 45 27 30 96 33 59 11 28 84 46 3 54 45 78 98 32 80 17 32 51 90 8 60 51 15 90 58 44 43 95 78 29 55 69 39 61 27 98 20 94 60 20 36 90 92 21 69 41 76 79 15 48 74 15 1 65 24 89 69 46 52 43 90 35 86 85 59 
68 84 73 19 28 83 35 69 34 32 21 69 61 4 57 12 81 63 65 40 70 74 88 83 63 79 83 75 80 19 58 95 84 51 37 41 43 19 12 84 22 37 33 47 64 33 57 61 91 94 20 48 37 4 80 7 46 80 9 13 26 62 72 10 16 5 21 35 2 31 16 12 24 26 0 67 59 89 88 47 64 69 45 33 60 23 8 26 81 78 66 89 32 53 3 26 5 67 87 23 31 58 76 38 59 34 57 83 33 74 76 89 40 66 89 74 42 59 76 92 27 93 29 73 8 76 55 16 62 87 24 20 75 25 88 68 53 12 17 70 24 40 38 35 30 73 58 96 4 16 3 4 23 86 14 84 11 57 93 41 40 45 67 75 77 29 67 14 11 65 
24 25 29 79 47 50 99 70 39 36 41 50 1 42 43 36 92 22 45 44 54 96 93 90 77 70 95 86 62 79 65 26 3 91 53 38 32 64 90 87 58 46 29 79 29 91 10 50 6 98 85 44 13 4 59 15 4 98 16 17 8 67 93 16 64 58 35 28 30 20 49 72 62 64 67 0 63 75 3 24 56 50 10 81 12 5 33 88 6 55 94 49 3 52 29 86 30 61 47 18 49 93 43 12 35 91 20 18 92 3 88 94 98 68 12 70 60 17 71 4 39 40 64 74 11 80 15 32 97 98 30 21 56 72 99 31 85 97 35 95 6 11 54 94 67 58 87 21 47 33 35 94 56 41 70 14 75 27 56 69 86 72 21 6 88 61 82 91 58 73 
28 21 3 71 36 82 84 62 93 89 53 83 15 31 5 43 77 14 43 71 90 50 79 72 77 25 12 69 58 70 98 74 34 19 35 63 74 75 37 16 23 15 76 96 59 96 12 81 55 83 71 62 55 7 22 21 70 48 30 74 6 65 71 93 17 55 67 13 92 8 53 60 39 15 59 63 0 95 29 93 22 2 63 54 12 21 36 29 81 15 48 15 90 58 78 24 79 68 79 29 65 85 44 50 77 55 24 4 79 74 85 55 79 30 49 41 81 87 38 2 9 48 90 77 85 11 31 95 15 14 83 25 33 17 79 53 25 86 9 69 50 12 11 18 12 34 90 40 78 62 67 51 77 84 72 6 33 61 42 79 84 7 38 41 15 38 29 40 80 77 
38 45 14 93 63 83 78 88 21 61 24 87 61 23 12 40 57 23 35 91 70 32 3 74 75 70 43 62 8 62 24 74 92 46 32 59 28 89 81 79 17 25 4 70 92 2 85 3 98 2 45 8 89 7 6 34 77 11 53 26 59 21 1 36 66 19 96 84 32 3 95 76 89 11 89 75 95 0 55 77 16 75 43 56 64 61 7 62 46 81 91 15 72 88 10 85 72 64 65 51 14 37 43 58 9 68 92 36 62 63 30 60 3 25 75 38 87 31 44 83 71 21 84 90 61 71 53 5 94 95 5 84 15 63 8 8 49 21 83 3 82 76 52 93 98 54 32 59 47 52 5 4 25 3 31 55 29 28 42 40 39 23 84 32 17 5 44 32 95 81 
58 16 42 53 69 96 38 67 15 39 19 47 67 54 25 53 27 28 79 24 30 32 70 97 71 30 23 44 43 84 2 54 10 45 14 6 62 18 59 36 68 85 53 51 13 38 60 4 33 67 67 20 36 88 2 74 97 63 17 64 99 36 40 67 40 98 25 94 42 44 18 6 83 59 88 3 29 55 0 26 36 44 65 65 98 32 24 61 22 74 25 12 98 25 8 43 90 66 59 79 59 13 18 35 80 9 34 56 21 13 65 36 13 17 49 35 84 72 46 21 55 20 88 27 90 98 80 87 7 69 22 45 50 97 12 43 62 18 18 44 5 20 6 51 33 42 84 13 12 28 60 89 63 74 84 16 49 89 61 67 99 28 8 86 28 9 42 28 41 83 
84 31 37 11 63 72 90 20 10 12 80 14 96 97 23 94 63 26 45 31 91 42 97 61 48 78 85 47 4 36 3 76 3 49 48 80 15 8 77 7 38 72 34 65 95 25 14 79 13 43 56 47 92 36 15 67 99 61 36 12 20 75 3 9 98 49 75 91 42 59 53 20 85 48 47 24 93 77 26 0 93 21 91 27 93 83 56 21 21 19 44 43 91 11 19 51 86 2 39 9 17 42 46 79 68 57 68 5 71 57 86 18 80 80 75 2 28 87 63 22 99 16 61 30 76 88 54 79 66 65 40 67 37 15 96 43 3 61 36 51 86 51 82 92 7 72 13 9 17 19 56 49 31 6 66 36 50 92 34 43 86 36 16 52 37 9 38 31 86 42 
39 92 41 33 33 22 55 37 68 45 52 22 40 92 7 85 54 18 61 74 63 40 23 90 79 25 29 54 54 36 68 78 77 21 19 87 54 28 64 2 61 31 82 88 14 83 49 88 28 99 86 20 95 61 81 26 27 99 66 48 68 2 19 89 37 27 40 6 4 17 31 31 14 39 64 56 22 16 36 93 0 77 64 95 42 56 83 12 23 49 28 73 4 36 49 80 45 45 8 28 54 35 38 45 30 9 97 70 9 65 90 28 63 80 81 69 68 92 82 67 74 10 82 11 57 98 85 75 41 1 45 28 24 69 12 33 48 21 62 69 22 75 91 98 73 72 17 40 38 60 75 75 4 87 94 62 42 71 31 84 82 80 65 20 62 94 65 58 63 66 
9 15 19 47 46 19 5 18 82 44 33 81 72 92 5 21 93 33 68 64 77 15 43 80 32 43 57 75 90 57 84 61 44 92 26 75 41 87 24 9 79 94 56 61 9 1 33 73 92 47 96 80 11 30 35 48 54 64 21 20 62 97 73 96 85 27 73 58 66 49 3 95 89 14 69 50 2 75 44 21 77 0 71 36 65 33 33 42 91 60 92 81 48 77 40 84 65 86 69 70 26 68 16 9 93 99 66 40 32 84 26 84 23 99 76 33 62 50 94 97 95 7 24 21 88 90 4 62 49 59 32 59 25 39 73 17 8 67 20 44 97 90 74 4 11 33 2 98 76 96 96 79 36 54 43 79 39 88 24 13 5 95 1 90 43 56 95 42 76 92 
33 20 98 64 89 47 44 22 80 8 38 82 8 83 80 74 23 94 43 91 21 3 3 89 34 11 33 13 13 54 5 27 82 17 64 45 91 79 33 83 81 96 91 33 70 7 46 26 99 60 60 59 97 77 36 98 78 71 99 75 30 78 41 80 21 25 88 51 63 29 38 45 91 76 45 10 63 43 65 91 64 71 0 18 1 46 97 54 15 17 97 83 59 93 95 47 23 8 37 55 96 25 92 75 40 17 57 54 29 39 94 95 70 3 42 33 62 59 88 96 17 79 55 17 42 91 24 45 69 92 30 15 16 21 95 22 39 63 83 58 84 24 74 69 86 75 30 68 56 27 9 51 61 75 5 20 54 95 27 48 63 60 69 47 29 1 24 96 18 93 
35 27 39 94 43 45 12 78 4 63 31 95 17 98 29 8 39 15 23 49 56 48 21 23 44 66 59 36 75 23 9 7 18 36 87 11 44 3 66 12 91 12 20 88 27 68 20 40 70 59 63 95 88 76 86 2 8 6 39 26 98 26 31 70 67 64 7 35 70 63 51 26 73 43 33 81 54 56 65 27 95 36 18 0 73 43 15 52 35 47 6 61 54 62 24 23 98 58 9 32 32 57 38 36 41 30 77 12 28 19 64 3 19 23 13 6 89 20 13 25 53 54 4 34 75 35 24 61 1 29 71 68 70 10 14 62 23 6 72 18 38 7 29 58 78 55 13 40 93 49 79 81 60 29 83 18 64 8 48 85 90 19 53 30 13 28 60 1 8 82 
11 87 64 19 58 92 30 27 48 57 41 50 67 37 54 53 21 86 42 45 89 36 57 35 10 86 87 18 76 14 78 85 89 30 6 7 12 51 80 79 1 51 64 28 64 82 84 10 18 58 77 61 68 42 39 22 31 88 91 43 90 49 52 85 46 33 34 86 7 99 57 70 48 43 60 12 12 64 98 93 42 65 1 73 0 3 73 58 76 47 9 82 37 88 72 58 53 38 72 73 68 99 59 36 59 47 83 1 2 76 88 42 99 22 20 37 55 49 72 64 18 22 25 8 75 66 16 41 6 16 10 93 8 7 51 90 17 65 43 93 15 99 43 44 41 88 87 51 27 92 11 34 67 40 37 47 54 63 40 94 38 2 97 37 97 89 49 20 75 33 
24 8 47 37 26 10 77 33 71 97 51 52 62 7 31 70 59 53 69 95 96 51 40 56 57 54 69 12 60 49 15 68 54 8 24 33 74 17 76 81 38 73 12 45 4 5 34 44 31 16 81 54 31 8 58 62 65 49 13 44 62 91 58 55 46 43 52 45 69 7 91 32 52 55 23 5 21 61 32 83 56 33 46 43 3 0 84 1 20 55 92 73 29 50 36 78 3 63 73 70 8 2 14 90 33 49 77 25 5 82 12 4 82 44 31 78 85 34 44 14 40 11 49 85 62 24 12 24 77 81 13 87 73 7 88 50 93 98 17 74 65 26 60 47 73 43 19 72 78 52 26 47 5 43 21 36 79 1 69 20 21 1 9 89 72 79 37 51 60 9 
16 54 90 30 33 5 90 9 43 94 74 15 70 39 22 58 44 26 42 17 2 33 38 8 87 21 67 5 35 22 14 78 51 29 20 41 73 44 74 93 77 69 4 45 5 13 84 57 34 83 96 14 67 42 8 62 71 73 5 98 50 88 63 37 66 31 84 96 7 75 67 75 98 41 8 33 36 7 24 56 83 33 97 15 73 84 0 62 8 88 27 77 21 3 4 30 17 17 6 49 71 44 7 54 54 59 2 64 29 65 87 16 59 58 24 2 49 74 14 72 73 15 38 71 92 72 33 9 4 6 48 66 31 44 76 73 93 27 25 31 78 51 43 94 2 24 11 12 7 77 4 20 70 62 46 32 11 84 1 34 53 15 65 87 98 69 53 27 22 49 
88 48 3 40 34 78 33 9 6 53 69 31 51 99 28 63 20 61 40 60 63 33 27 38 47 14 23 88 70 8 99 34 76 7 31 9 32 80 63 40 81 95 40 44 35 15 47 65 58 44 13 31 39 32 57 20 72 79 63 81 96 95 44 85 78 3 23 28 46 60 66 30 64 97 26 88 29 62 61 21 12 42 54 52 58 1 62 0 80 55 68 77 44 33 46 61 33 25 45 96 87 49 20 90 84 25 90 49 99 10 30 10 42 89 76 47 67 77 74 77 99 41 41 9 45 1 14 51 90 98 47 19 14 34 83 37 75 94 93 37 79 70 36 64 96 31 94 1 8 69 37 40 17 39 33 88 58 61 30 51 54 74 82 6 85 29 70 85 62 34 
26 61 99 29 7 64 51 21 21 25 81 11 59 32 6 90 46 84 81 91 55 42 22 99 38 27 3 27 51 7 7 92 7 30 5 67 52 12 18 7 82 80 31 25 60 59 55 10 14 11 81 29 31 34 81 10 23 56 68 55 52 41 14 81 8 80 17 71 50 53 87 91 29 57 81 6 81 46 22 21 23 91 15 35 76 20 8 80 0 93 41 83 74 45 58 97 10 2 83 85 84 24 52 65 39 37 21 10 83 44 69 20 58 86 30 35 31 14 33 56 91 41 66 68 73 85 33 11 88 67 65 55 82 6 4 81 72 38 95 23 55 54 34 87 41 60 41 35 60 51 3 12 26 41 39 43 56 60 17 33 28 42 84 40 37 83 70 60 77 34 
72 35 29 55 66 24 52 69 58 44 16 86 80 63 36 84 76 69 43 45 11 43 4 1 37 7 74 66 98 78 96 52 37 98 8 96 59 78 87 27 8 63 23 19 8 5 73 2 3 61 19 3 45 15 18 20 48 42 54 83 73 81 35 9 39 26 16 90 41 9 6 5 28 99 78 55 15 81 74 19 49 60 17 47 47 55 88 55 93 0 96 17 86 69 9 35 13 39 37 34 93 80 53 31 6 73 67 66 28 72 26 57 26 37 19 27 57 57 82 28 73 82 28 79 2 34 82 17 30 9 91 47 16 2 96 1 19 71 88 28 67 24 23 54 33 22 43 59 36 30 86 92 5 8 68 30 53 26 1 93 37 78 37 88 85 19 41 84 29 29 
93 33 79 30 52 96 43 83 60 52 64 5 15 48 73 17 38 90 68 86 32 96 63 76 11 32 2 17 93 29 69 37 95 97 52 73 16 14 66 74 61 49 78 76 76 85 66 82 74 59 19 76 65 89 45 44 65 98 10 39 12 44 36 8 20 11 82 18 52 5 15 59 60 70 66 94 48 91 25 44 28 92 97 6 9 92 27 68 41 96 0 52 81 8 3 93 85 44 27 75 50 30 55 33 68 42 38 25 57 38 93 69 3 73 44 54 95 82 30 29 69 75 60 50 68 21 25 23 1 7 3 19 26 16 32 63 19 62 55 89 29 63 4 83 80 31 2 62 37 29 73 24 57 12 39 65 77 39 88 3 85 41 29 82 22 38 95 64 40 89 
75 20 76 56 32 60 24 55 55 11 65 8 78 63 83 29 85 25 99 49 70 17 29 74 51 84 34 76 22 44 98 34 17 95 99 58 49 95 6 77 93 83 63 80 41 94 72 16 35 51 9 93 90 91 86 13 92 89 26 20 74 49 17 25 53 29 70 49 89 44 12 79 95 1 89 49 15 15 12 43 73 81 83 61 82 73 77 77 83 17 52 0 31 71 18 34 38 23 87 11 11 21 67 45 4 37 22 43 68 64 43 68 17 94 31 45 76 80 43 79 3 77 39 83 20 36 13 96 9 10 99 7 57 63 9 19 95 4 69 8 58 11 25 42 57 5 38 19 18 66 25 80 4 38 64 74 96 41 14 39 35 80 45 49 7 29 11 27 45 87 
63 68 59 91 8 65 90 86 78 95 92 55 13 35 49 46 35 58 14 18 96 84 10 64 78 50 81 26 86 85 87 84 77 3 67 25 4 39 77 65 24 36 65 1 20 50 57 87 52 67 60 44 17 68 77 79 97 30 22 7 43 29 63 79 60 15 70 66 14 75 43 85 79 17 32 3 90 72 98 91 4 48 59 54 37 29 21 44 74 86 81 31 0 58 69 7 94 69 91 82 90 49 98 46 66 54 90 93 84 19 26 7 80 7 4 58 32 26 82 60 10 13 49 5 47 34 38 11 64 97 23 22 25 82 7 56 71 13 59 10 66 3 44 5 6 51 54 89 42 15 51 79 93 94 73 33 53 85 6 90 27 96 12 43 16 75 27 81 52 30 
47 25 43 28 14 83 44 94 25 50 21 60 12 72 52 83 88 64 26 52 48 29 55 58 20 66 8 64 76 71 29 41 99 89 65 95 26 1 60 35 13 13 57 55 69 22 34 84 16 65 47 30 99 11 72 79 98 38 35 5 99 59 96 9 33 33 66 20 24 51 79 85 60 51 53 52 58 88 25 11 36 77 93 62 88 50 3 33 45 69 8 71 58 0 80 73 99 31 29 59 33 4 33 39 28 68 30 58 55 67 56 86 52 26 10 54 86 14 78 71 14 68 79 59 74 16 63 19 85 21 66 8 54 9 33 89 51 41 37 43 4 37 59 49 98 34 69 78 28 40 22 30 76 43 50 6 70 19 99 97 22 54 33 42 97 28 28 76 97 22 
33 84 27 61 4 32 89 75 59 19 55 85 80 43 95 82 59 13 39 49 49 32 2 65 46 55 64 25 44 98 74 14 63 91 28 34 65 72 45 27 51 82 72 47 28 41 54 80 8 34 72 91 76 77 85 38 75 1 24 94 79 14 86 10 29 7 78 64 42 96 15 28 51 49 3 29 78 10 8 19 49 40 95 24 72 36 4 46 58 9 3 18 69 80 0 22 81 79 45 81 8 3 46 55 66 60 52 56 13 77 39 13 11 12 47 57 63 99 70 79 19 18 56 65 58 88 59 49 22 77 92 44 43 76 22 91 66 83 6 76 16 6 83 79 97 89 28 39 59 7 16 67 11 91 92 21 25 80 77 82 89 13 74 54 21 35 4 62 73 62 
89 95 22 13 29 2 96 90 80 11 24 99 96 21 25 69 2 19 76 7 11 92 29 40 35 1 70 17 4 29 35 65 23 61 96 48 29 27 93 83 16 32 36 95 88 82 60 64 72 68 98 80 68 50 88 75 36 95 21 58 98 25 97 94 25 72 64 27 36 22 85 65 11 12 26 86 24 85 43 51 80 84 47 23 58 78 30 61 97 35 93 34 7 73 22 0 60 45 36 80 64 64 88 79 83 10 32 41 71 15 84 16 24 26 86 32 13 5 4 80 45 31 66 22 36 65 10 82 81 43 13 57 78 76 15 70 21 93 11 8 31 48 34 4 4 55 85 89 78 87 39 65 52 89 66 55 20 3 99 54 64 40 47 41 59 10 6 16 73 77 
24 39 59 18 16 85 29 24 37 62 7 42 35 91 77 68 41 27 6 77 41 12 7 15 36 51 6 80 85 74 84 52 71 70 56 95 69 93 30 39 64 71 53 2 6 18 74 93 77 53 75 48 32 20 53 8 10 1 50 4 83 36 66 81 39 96 56 33 19 11 1 1 92 79 5 30 79 72 90 86 45 65 23 98 53 3 17 33 10 13 85 38 94 99 81 60 0 99 16 22 88 34 13 54 49 76 44 34 34 20 91 34 85 43 78 74 11 21 75 62 86 42 15 26 61 78 90 90 18 1 72 39 80 1 53 2 24 17 20 55 99 4 72 87 44 42 15 91 11 87 29 90 27 99 96 65 39 44 68 93 19 89 37 39 77 79 87 99 50 5 
56 48 17 72 30 79 65 95 81 40 25 36 7 51 41 62 86 78 93 67 26 39 45 23 8 82 43 85 7 90 59 74 70 1 1 53 60 77 57 92 9 3 47 20 1 67 69 6 13 59 65 35 1 21 34 7 38 76 99 91 60 30 66 91 89 44 97 2 70 65 4 3 85 15 67 61 68 64 66 2 45 86 8 58 38 63 17 25 2 39 44 23 69 31 79 45 99 0 92 99 37 48 41 65 76 51 20 69 37 52 11 92 52 93 85 14 83 87 26 20 74 13 11 14 75 79 27 86 79 65 98 51 30 62 45 17 57 51 31 7 15 92 63 72 88 71 27 31 51 2 39 71 67 74 57 26 24 74 8 94 85 63 66 70 90 48 80 67 58 9 
66 6 93 92 67 69 87 91 59 7 1 57 70 23 86 84 38 26 23 87 73 88 68 27 72 38 16 57 2 7 49 7 83 87 44 92 60 95 57 9 3 71 9 71 83 54 50 82 22 48 78 29 24 55 39 64 10 16 53 91 67 43 67 13 73 36 70 85 15 67 60 6 23 32 87 47 79 65 59 39 8 69 37 9 72 73 6 45 83 37 27 87 91 29 45 36 16 92 0 18 42 69 16 21 3 36 22 48 49 83 98 45 63 51 29 72 87 12 41 90 53 41 40 88 74 56 24 66 40 31 59 84 14 81 13 63 8 38 26 84 75 76 73 50 59 71 67 91 41 94 37 84 48 18 66 76 44 94 83 61 73 51 25 15 23 29 46 37 79 29 
78 80 38 8 62 55 59 14 52 8 49 14 86 3 29 70 59 1 40 36 88 17 33 16 2 77 36 20 66 54 10 57 16 15 44 12 84 89 68 19 43 86 81 71 45 47 36 65 67 91 79 10 84 74 80 98 48 51 98 10 34 8 85 67 91 46 52 16 61 69 72 19 38 33 23 18 29 51 79 9 28 70 55 32 73 70 49 96 85 34 75 11 82 59 81 80 22 99 18 0 47 16 71 38 31 76 12 21 91 86 73 45 4 31 63 77 44 71 87 17 3 55 24 2 23 11 33 98 15 34 76 67 37 37 27 59 54 40 34 27 66 30 31 38 3 24 83 24 55 65 38 47 80 76 10 9 69 87 86 53 59 49 15 8 86 6 90 36 42 48 
4 64 12 84 84 26 89 12 64 80 81 12 45 64 41 39 8 23 74 45 23 57 30 82 4 71 47 34 97 14 15 22 96 69 91 37 78 55 54 25 18 26 61 35 54 33 69 28 10 24 47 53 78 71 30 90 30 6 40 6 7 66 70 30 94 93 55 79 88 52 93 62 30 83 31 49 65 14 59 17 54 26 96 32 68 8 71 87 84 93 50 11 90 33 8 64 88 37 42 47 0 86 64 88 4 71 41 42 86 42 19 33 28 86 36 61 68 12 44 13 64 21 93 63 71 14 19 92 25 8 82 13 29 57 32 91 53 82 78 34 72 23 81 66 66 72 32 31 99 25 15 47 60 84 99 32 54 45 95 43 85 98 31 48 71 70 18 55 52 30 
1 88 23 57 97 84 52 43 74 13 29 53 71 1 48 75 25 15 15 79 50 10 70 77 47 21 82 66 19 73 32 60 19 74 63 7 5 17 18 6 16 25 4 63 55 9 72 19 37 15 2 25 90 39 5 83 25 65 3 93 39 79 79 67 68 29 10 83 67 91 49 73 13 99 58 93 85 37 13 42 35 68 25 57 99 2 44 49 24 80 30 21 49 4 3 64 34 48 69 16 86 0 96 11 84 28 41 60 56 80 30 32 29 62 58 23 45 92 88 79 43 86 44 80 62 48 84 58 34 37 74 80 50 66 12 47 48 68 79 49 1 9 43 70 65 37 63 53 92 69 77 11 92 47 38 36 92 92 65 83 35 48 62 81 28 1 88 70 69 42 
78 33 7 52 59 28 23 11 84 1 89 67 73 93 24 64 25 75 48 99 56 65 13 93 62 55 24 30 54 55 25 31 22 16 65 61 70 63 13 56 51 53 23 10 89 33 52 16 60 8 36 73 10 36 60 88 63 4 98 57 11 43 65 25 79 28 17 56 23 96 10 65 21 73 76 43 44 43 18 46 38 16 92 38 59 14 7 20 52 53 55 67 98 33 46 88 13 41 16 71 64 96 0 30 42 63 37 59 53 94 77 41 27 75 63 12 85 42 1 62 70 7 31 55 40 99 95 47 78 38 49 27 4 48 82 88 1 71 46 4 1 55 5 46 47 73 47 94 4 98 23 47 16 40 58 72 68 53 52 18 68 20 57 35 6 33 35 82 89 73 
7 43 97 33 83 57 11 89 89 4 2 22 13 6 29 73 84 40 72 1 89 84 91 27 7 16 21 39 8 90 25 46 10 87 5 30 67 74 53 46 26 37 32 5 68 75 97 12 72 32 83 89 28 51 32 92 10 84 50 99 17 24 43 38 86 16 53 53 73 6 8 43 67 45 38 12 50 58 35 79 45 9 75 36 36 90 54 90 65 31 33 45 46 39 55 79 54 65 21 38 88 11 30 0 19 14 6 6 30 33 31 66 57 73 13 35 16 9 25 82 22 13 27 78 76 72 9 59 3 17 70 19 91 68 98 76 14 87 74 23 72 81 24 26 4 2 54 11 22 18 88 70 66 39 17 11 98 19 47 29 55 91 94 79 45 65 27 76 19 17 
53 75 15 77 35 93 32 25 83 52 74 82 47 73 85 13 42 76 2 39 4 27 16 50 4 46 5 84 71 51 23 69 3 90 7 50 74 57 83 3 64 2 96 63 30 32 7 71 46 63 66 88 40 53 78 1 91 77 99 71 33 25 29 62 2 10 26 57 28 37 24 74 53 27 59 35 77 9 80 68 30 93 40 41 59 33 54 84 39 6 68 4 66 28 66 83 49 76 3 31 4 84 42 19 0 73 41 83 55 52 5 87 32 15 73 98 1 96 44 61 71 15 35 9 29 37 79 6 30 12 15 57 20 3 97 55 60 30 7 97 73 2 46 43 82 5 56 76 29 70 56 21 86 83 42 36 77 33 5 92 78 76 41 27 31 81 76 41 84 65 
86 67 88 63 31 9 10 48 56 16 22 95 83 53 90 35 95 20 34 19 29 3 75 89 9 30 24 54 47 49 75 58 79 45 25 56 44 54 94 25 52 90 96 49 22 60 85 92 34 78 7 1 91 42 9 16 70 50 21 92 14 27 1 86 43 95 22 23 11 37 23 89 16 30 34 91 55 68 9 57 9 99 17 30 47 49 59 25 37 73 42 37 54 68 60 10 76 51 36 76 71 28 63 14 73 0 8 53 66 55 82 89 54 70 92 60 59 61 83 90 9 82 25 57 31 60 77 88 97 10 82 45 56 68 86 61 37 91 25 16 41 73 89 24 9 92 22 97 71 39 21 93 32 32 63 33 68 86 79 34 70 18 85 78 75 46 7 30 49 61 
71 89 76 52 58 56 7 69 79 68 1 35 8 10 38 25 28 10 71 82 25 39 93 33 37 71 26 70 26 39 26 20 79 68 24 7 88 40 20 48 55 52 56 47 37 50 5 52 92 4 49 24 18 93 92 72 55 79 7 30 86 15 95 47 54 32 58 58 56 44 99 51 3 96 57 20 24 92 34 68 97 66 57 77 83 77 2 90 21 67 38 22 90 30 52 32 44 20 22 12 41 41 37 6 41 8 0 20 10 97 55 63 27 74 81 44 9 66 85 83 46 22 60 70 13 18 99 8 63 46 17 95 29 35 47 76 55 94 17 73 53 37 18 71 45 44 62 95 38 27 60 48 86 36 88 61 59 48 97 97 35 25 23 94 97 23 5 23 15 16 
3 99 36 97 97 77 31 44 71 82 77 62 30 95 6 84 33 72 61 37 21 86 17 26 85 15 47 92 35 58 20 83 7 16 28 41 84 19 61 58 28 96 11 49 40 12 24 6 78 19 64 17 76 99 29 31 49 64 70 53 39 74 56 91 3 54 26 76 21 66 7 67 42 33 83 18 4 36 56 5 70 40 54 12 1 25 64 49 10 66 25 43 93 58 56 41 34 69 48 21 42 60 59 6 83 53 20 0 53 2 36 20 36 60 81 98 10 76 58 25 38 27 85 55 43 27 84 67 49 61 13 88 23 37 94 10 62 49 97 75 83 26 6 79 37 15 95 47 83 18 71 68 36 74 13 69 65 37 55 83 62 59 66 69 85 92 82 35 5 39 
77 31 64 31 50 47 68 92 28 60 33 92 61 98 24 35 15 54 20 49 66 31 24 99 49 14 32 65 56 35 97 32 97 51 31 64 74 65 58 40 45 63 79 91 54 12 22 69 34 9 12 15 63 13 94 82 55 20 32 45 16 47 25 49 12 71 50 64 71 68 33 48 58 59 33 92 79 62 21 71 9 32 29 28 2 5 29 99 83 28 57 68 84 55 13 71 34 37 49 91 86 56 53 30 55 66 10 53 0 37 88 27 21 12 69 40 95 57 24 52 70 26 6 5 7 84 2 82 48 25 2 67 22 72 3 80 55 4 23 59 29 54 58 35 64 85 15 14 21 19 32 25 65 4 81 70 5 80 58 2 47 56 13 41 88 42 97 59 40 77 
92 18 33 23 47 50 19 14 24 67 41 86 83 12 69 23 26 67 16 4 88 87 16 53 82 77 26 20 72 69 75 71 60 35 69 8 79 79 34 80 59 42 56 81 64 55 36 21 74 45 87 90 38 84 88 88 85 74 4 87 91 15 27 31 75 22 52 32 26 26 88 95 2 11 74 3 74 63 13 57 65 84 39 19 76 82 65 10 44 72 38 64 19 67 77 15 20 52 83 86 42 80 94 33 52 55 97 2 37 0 56 47 68 61 99 30 84 94 45 48 64 81 95 29 42 20 53 37 47 73 73 97 62 56 23 11 8 59 21 70 48 70 8 97 72 3 26 6 23 66 85 94 50 60 41 61 38 19 61 12 86 41 21 79 3 56 92 77 75 90 
22 69 92 6 84 12 13 7 54 16 82 61 74 99 21 90 14 28 98 52 10 54 12 61 15 82 19 55 64 66 62 61 37 53 26 76 63 69 62 38 80 68 19 11 17 9 60 53 98 94 82 44 61 59 82 53 38 91 96 5 2 36 4 68 61 67 47 44 95 28 69 6 98 28 76 88 85 30 65 86 90 26 94 64 88 12 87 30 69 26 93 43 26 56 39 84 91 11 98 73 19 30 77 31 5 82 55 36 88 56 0 83 37 78 13 26 93 64 5 95 55 7 34 12 43 12 55 93 45 59 21 51 35 72 4 68 79 18 63 17 87 55 65 91 23 34 83 52 13 26 78 3 50 71 23 43 23 21 64 87 76 30 19 23 20 85 7 83 12 70 
76 65 50 92 42 9 74 3 70 62 84 93 47 41 14 41 79 89 99 49 12 32 5 78 16 48 12 76 95 52 86 76 26 15 94 27 5 59 89 52 5 67 95 71 96 10 40 60 85 90 59 7 44 29 6 48 2 58 32 37 48 22 19 20 92 61 95 96 25 3 83 41 63 84 89 94 55 60 36 18 28 84 95 3 42 4 16 10 20 57 69 68 7 86 13 16 34 92 45 45 33 32 41 66 87 89 63 20 27 47 83 0 2 83 49 5 5 84 84 36 77 88 7 10 58 4 37 40 32 43 63 31 88 58 66 86 1 2 53 5 7 94 45 67 5 48 48 48 37 26 20 39 76 86 95 2 56 84 98 68 18 19 87 3 63 91 10 98 78 50 
8 61 1 96 21 62 75 68 69 65 31 99 87 92 57 88 37 3 54 4 22 31 72 6 49 44 54 70 12 25 8 34 6 71 51 56 73 51 74 10 12 43 88 26 72 73 67 37 39 68 95 76 42 71 68 54 49 48 12 11 96 67 12 44 90 38 90 35 88 47 97 92 46 46 40 98 79 3 13 80 63 23 70 19 99 82 59 42 58 26 3 17 80 52 11 24 85 52 63 4 28 29 27 57 32 54 27 36 21 68 37 2 0 46 8 91 87 97 68 50 6 85 47 74 73 82 9 86 64 95 54 45 26 93 41 8 63 66 15 56 38 67 44 65 85 18 72 19 83 38 92 76 93 19 31 60 35 75 65 88 48 46 52 84 7 49 54 81 25 17 
78 79 23 23 41 75 92 94 24 20 88 92 85 77 30 76 25 72 70 89 59 37 95 47 44 76 46 71 13 86 54 18 62 31 68 32 41 54 80 38 37 55 78 20 77 90 61 3 71 26 28 37 39 43 94 49 97 68 22 87 63 79 86 2 42 98 33 76 13 27 12 34 44 3 66 68 30 25 17 80 80 99 3 23 22 44 58 89 86 37 73 94 7 26 12 26 43 93 51 31 86 62 75 73 15 70 74 60 12 61 78 83 46 0 14 15 60 93 87 22 18 18 31 43 29 6 83 90 21 36 81 73 11 36 17 35 74 86 54 75 72 49 56 21 79 6 38 13 40 28 50 34 96 55 51 49 84 97 62 5 83 84 94 56 63 57 91 61 39 72 
73 18 98 77 51 24 66 5 47 45 54 75 98 88 29 78 4 86 21 58 88 16 25 65 44 63 7 94 50 48 89 79 9 29 3 83 98 44 33 9 22 53 16 9 63 96 34 69 86 88 31 42 17 25 52 63 11 66 42 84 69 25 96 88 11 58 38 97 70 78 26 80 4 54 89 12 49 75 49 75 81 76 42 13 20 31 24 76 30 19 44 31 4 10 47 86 78 85 29 63 36 58 63 13 73 92 81 81 69 99 13 49 8 14 0 70 13 28 19 54 35 93 83 95 44 95 37 84 36 7 87 31 11 31 56 37 56 62 20 51 93 46 76 57 32 94 60 76 31 90 81 42 78 4 28 7 10 67 68 83 75 36 57 45 60 72 9 78 35 72 
76 40 71 23 5 89 86 29 40 88 34 9 48 62 92 39 57 20 36 17 95 22 81 11 58 26 21 23 80 39 62 97 7 93 99 96 13 48 61 70 93 72 90 65 73 73 9 27 37 21 18 22 84 5 94 12 27 11 2 23 36 85 11 81 57 72 39 57 19 45 89 6 48 45 74 70 41 38 35 2 69 33 33 6 37 78 2 47 35 27 54 45 58 54 57 32 74 14 72 77 61 23 12 35 98 60 44 98 40 30 26 5 91 15 70 0 73 94 82 35 62 79 66 56 10 60 2 48 58 3 20 26 54 12 9 30 43 42 93 83 54 26 28 39 42 48 78 38 78 56 38 70 51 61 23 90 94 55 6 83 84 35 60 37 26 32 17 41 56 88 
77 36 37 19 10 90 54 36 67 62 83 76 89 3 55 76 94 15 39 88 65 93 38 98 86 26 6 82 68 85 76 1 21 73 86 55 19 51 71 16 10 31 55 3 22 48 4 22 95 1 59 2 85 91 48 11 24 1 59 55 2 24 66 82 14 92 4 2 45 79 94 78 88 78 42 60 81 87 84 28 68 62 62 89 55 85 49 67 31 57 95 76 32 86 63 13 11 83 87 44 68 45 85 16 1 59 9 10 95 84 93 5 87 60 13 73 0 83 39 12 61 13 59 6 27 20 36 42 14 85 64 71 66 52 1 56 29 99 31 83 15 77 35 82 68 45 16 60 56 26 25 84 96 76 43 48 51 74 86 68 38 20 28 90 58 81 4 1 88 15 
44 82 19 94 1 83 43 83 78 22 23 82 74 23 29 22 32 14 50 64 79 48 64 2 68 73 68 29 55 39 69 83 57 35 57 78 55 48 19 57 91 29 63 73 74 74 69 45 13 38 44 85 89 25 88 54 68 95 86 50 85 10 91 32 78 58 3 50 12 84 96 67 5 98 59 17 87 31 72 87 92 50 59 20 49 34 74 77 14 57 82 80 26 14 99 5 21 87 12 71 12 92 42 9 96 61 66 76 57 94 64 84 97 93 28 94 83 0 72 84 45 58 74 26 30 64 80 56 10 95 15 78 57 72 81 72 81 38 20 20 32 61 43 83 68 32 98 16 22 61 70 54 61 62 35 30 29 17 5 47 92 3 90 29 18 31 6 85 99 78 
21 29 28 30 91 83 7 78 27 1 4 28 77 83 64 16 29 98 82 87 88 74 61 57 47 43 12 98 70 32 18 42 14 60 19 77 36 88 35 67 22 24 75 65 19 77 7 43 43 72 72 35 19 86 41 51 69 8 99 85 76 95 13 16 19 96 38 86 47 78 16 31 40 32 76 71 38 44 46 63 82 94 88 13 72 44 14 74 33 82 30 43 82 78 70 4 75 26 41 87 44 88 1 25 44 83 85 58 24 45 5 84 68 87 19 82 39 72 0 20 99 61 89 82 5 51 72 34 8 71 90 57 48 51 61 26 38 30 91 80 83 56 13 54 43 30 74 61 69 39 39 70 33 80 37 3 46 9 86 87 6 97 41 74 45 18 1 65 87 47 
31 23 29 19 22 6 10 47 25 64 35 26 88 94 82 56 77 83 59 22 72 45 82 73 51 62 45 74 82 79 44 68 94 15 13 7 20 95 74 38 13 10 51 94 83 12 8 43 69 87 47 88 66 74 18 71 45 57 23 4 38 47 8 89 26 91 6 41 15 47 94 16 69 80 92 4 2 83 21 22 67 97 96 25 64 14 72 77 56 28 29 79 60 71 79 80 62 20 90 17 13 79 62 82 61 90 83 25 52 48 95 36 50 22 54 35 12 84 20 0 26 42 53 33 81 58 65 66 16 65 96 59 4 85 85 53 55 54 82 91 55 89 50 11 60 99 5 58 18 52 14 2 49 20 46 16 31 57 71 65 67 6 25 13 76 49 25 41 1 87 
37 39 53 53 75 43 37 79 18 95 50 87 46 99 61 69 3 23 13 34 87 5 50 92 3 45 45 58 42 79 29 86 4 81 25 96 32 55 39 23 46 9 78 20 55 70 68 49 26 74 36 86 10 29 37 53 74 12 43 54 57 97 60 71 3 21 7 65 51 30 72 45 6 17 27 39 9 71 55 99 74 95 17 53 18 40 73 99 91 73 69 3 10 14 19 45 86 74 53 3 64 43 70 22 71 9 46 38 70 64 55 77 6 18 35 62 61 45 99 26 0 86 1 47 23 76 52 61 24 50 4 81 52 62 75 45 58 13 32 84 43 19 44 61 27 44 70 34 17 11 39 33 79 85 81 36 13 4 20 32 46 91 74 91 72 13 94 97 31 31 
8 42 95 32 22 47 88 7 88 85 89 37 37 48 70 83 61 62 76 95 83 67 79 57 1 45 27 51 32 9 18 63 79 13 38 91 10 75 72 76 98 46 56 74 75 58 30 54 89 26 7 72 15 88 48 64 92 51 9 27 62 90 52 4 97 95 63 51 76 49 80 33 72 32 93 40 48 21 20 16 10 7 79 54 22 11 15 41 41 82 75 77 13 68 18 31 42 13 41 55 21 86 7 13 15 82 22 27 26 81 7 88 85 18 93 79 13 58 61 42 86 0 55 40 5 32 84 59 49 25 1 27 11 99 73 22 74 30 49 89 24 13 98 59 50 21 4 7 45 38 43 87 34 73 18 89 39 30 85 69 67 15 41 24 93 59 75 23 83 52 
46 75 51 50 34 22 60 92 2 2 71 15 88 30 84 69 60 82 54 32 1 44 12 22 82 54 86 21 83 37 53 35 6 87 70 79 71 66 23 19 29 94 67 67 74 95 95 5 95 33 19 15 56 98 52 50 44 16 21 33 27 1 77 69 1 6 87 57 65 64 68 76 60 51 29 64 90 84 88 61 82 24 55 4 25 49 38 41 66 28 60 39 49 79 56 66 15 11 40 24 93 44 31 27 35 25 60 85 6 95 34 7 47 31 83 66 59 74 89 53 1 55 0 65 53 17 43 58 51 23 48 37 1 14 56 20 58 6 75 64 16 99 79 18 16 31 96 2 62 24 34 40 9 86 99 72 35 75 52 82 48 93 87 29 68 37 19 10 26 47 
69 78 47 99 39 52 9 81 46 85 38 4 40 96 73 12 73 12 25 69 43 19 1 87 59 33 57 30 34 96 49 25 82 64 65 58 30 4 16 7 40 46 37 32 4 45 78 17 41 91 45 83 31 57 26 18 83 32 71 1 14 24 23 49 98 2 90 33 88 13 70 45 8 90 73 74 77 90 27 30 11 21 17 34 8 85 71 9 68 79 50 83 5 59 65 22 26 14 88 2 63 80 55 78 9 57 70 55 5 29 12 10 74 43 95 56 6 26 82 33 47 40 65 0 98 37 10 69 81 12 63 23 84 15 52 45 56 15 10 80 65 23 21 40 84 70 25 4 70 24 4 64 39 82 52 97 57 9 29 2 34 23 71 43 78 82 4 50 8 9 
58 71 8 84 38 74 54 21 59 61 34 93 38 99 80 37 41 29 96 39 35 60 48 38 19 29 81 33 74 73 92 98 91 86 59 14 33 45 55 78 3 70 63 66 31 4 98 50 82 32 41 4 8 15 76 45 58 62 55 16 79 64 34 54 87 27 44 63 30 60 6 5 34 8 8 11 85 61 90 76 57 88 42 75 75 62 92 45 73 2 68 20 47 74 58 36 61 75 74 23 71 62 40 76 29 31 13 43 7 42 43 58 73 29 44 10 27 30 5 81 23 5 53 98 0 33 66 6 44 64 50 92 14 23 49 81 97 70 16 5 77 69 86 83 86 75 32 51 10 32 64 57 28 40 99 71 62 90 78 54 75 79 69 68 46 14 60 57 62 55 
83 26 86 94 44 43 88 24 22 77 13 85 7 81 49 58 16 45 23 72 67 91 24 73 46 6 54 44 10 38 95 73 40 79 1 84 86 12 28 72 48 21 37 65 79 22 37 21 87 99 82 10 83 10 87 29 42 56 52 79 27 24 19 35 29 8 25 85 64 46 42 16 58 60 76 80 11 71 98 88 98 90 91 35 66 24 72 1 85 34 21 36 34 16 88 65 78 79 56 11 14 48 99 72 37 60 18 27 84 20 12 4 82 6 95 60 20 64 51 58 76 32 17 37 33 0 65 90 98 4 43 11 14 73 50 45 55 78 35 81 83 8 5 31 56 42 40 9 10 29 81 93 16 1 33 42 39 50 66 57 62 39 34 8 96 15 25 87 88 71 
97 49 17 46 34 14 19 64 18 23 38 73 44 2 53 28 38 3 34 70 58 30 82 75 66 21 38 92 89 78 60 13 99 3 65 24 95 53 24 35 71 92 14 69 70 65 75 20 58 64 48 45 4 20 66 96 4 13 15 54 31 8 37 75 91 62 95 24 67 49 61 11 90 51 55 15 31 53 80 54 85 4 24 24 16 12 33 14 33 82 25 13 38 63 59 10 90 27 24 33 19 84 95 9 79 77 99 84 2 53 55 37 9 83 37 2 36 80 72 65 52 84 43 10 66 65 0 30 74 70 61 13 72 34 82 4 60 77 55 38 54 31 1 68 83 14 95 32 94 90 14 1 55 58 25 45 86 95 79 97 26 59 97 38 66 54 79 67 57 4 
14 51 30 52 96 19 22 72 57 15 80 44 59 76 93 80 8 4 25 54 93 78 91 93 28 62 47 48 75 35 22 51 8 10 14 21 87 57 27 41 51 8 66 46 99 32 30 34 57 10 41 26 22 65 12 89 73 82 77 29 46 29 47 24 3 4 67 71 8 67 86 14 58 15 16 32 95 5 87 79 75 62 45 61 41 24 9 51 11 17 23 96 11 19 49 82 90 86 66 98 92 58 47 59 6 88 8 67 82 37 93 40 86 90 84 48 42 56 34 66 61 59 58 69 6 90 30 0 2 53 49 28 23 24 68 28 24 38 49 7 4 8 55 79 21 58 68 56 59 46 85 99 50 56 86 28 93 73 47 48 43 82 81 30 59 46 83 99 95 65 
11 63 12 87 42 24 68 7 34 25 66 9 2 2 93 2 83 11 31 13 7 10 13 15 97 8 12 47 96 40 87 64 33 76 22 66 85 41 12 53 19 18 53 92 97 44 91 65 82 33 75 49 74 73 91 50 2 62 3 25 72 65 23 10 2 30 36 89 1 13 18 72 72 90 62 97 15 94 7 66 41 49 69 1 6 77 4 90 88 30 1 9 64 85 22 81 18 79 40 15 25 34 78 3 30 97 63 49 48 47 45 32 64 21 36 58 14 10 8 16 24 49 51 81 44 98 74 2 0 57 45 66 35 19 22 41 26 73 71 4 63 52 23 79 3 26 47 75 31 23 90 81 3 97 16 26 78 21 82 9 54 34 42 57 77 23 75 94 86 95 
24 45 62 16 72 46 15 22 44 47 7 56 84 53 97 13 39 32 88 97 71 24 57 15 84 52 65 58 2 20 72 65 11 31 38 91 84 15 61 25 92 64 27 94 17 37 56 85 54 67 73 88 23 1 17 43 51 48 63 83 96 49 33 10 85 22 88 42 18 45 39 54 29 58 87 98 14 95 69 65 1 59 92 29 16 81 6 98 67 9 7 10 97 21 77 43 1 65 31 34 8 37 38 17 12 10 46 61 25 73 59 43 95 36 7 3 85 95 71 65 50 25 23 12 64 4 70 53 57 0 19 50 34 5 27 17 59 17 9 35 5 43 4 71 51 44 92 75 75 41 31 56 61 60 30 86 28 9 48 11 90 98 59 33 4 54 5 89 90 81 
82 55 15 72 70 96 21 65 76 33 80 18 30 93 58 2 48 92 1 47 3 91 82 50 59 98 57 80 20 68 93 34 69 33 99 85 12 39 31 50 93 40 73 23 33 87 50 46 3 69 58 70 13 93 90 38 65 72 76 16 81 15 54 83 94 89 87 39 46 69 93 14 48 44 24 30 83 5 22 40 45 32 30 71 10 13 48 47 65 91 3 99 23 66 92 13 72 98 59 76 82 74 49 70 15 82 17 13 2 73 21 63 54 81 87 20 64 15 90 96 4 1 48 63 50 43 61 49 45 19 0 86 18 59 67 46 54 32 1 92 51 25 52 97 86 72 32 16 69 38 32 2 2 64 17 66 85 79 55 69 20 77 6 14 39 24 76 22 24 37 
8 1 31 49 71 53 86 51 99 81 93 61 49 65 95 9 61 97 88 41 13 9 29 89 21 51 84 2 12 32 10 60 45 20 15 55 85 98 62 7 37 62 90 98 49 60 82 35 13 77 59 94 16 95 73 23 29 36 28 59 15 77 44 9 57 60 64 27 61 64 2 57 5 43 20 21 25 84 45 67 28 59 15 68 93 87 66 19 55 47 19 7 22 8 44 57 39 51 84 67 13 80 27 19 57 45 95 88 67 97 51 31 45 73 31 26 71 78 57 59 81 27 37 23 92 11 13 28 66 50 86 0 73 44 8 32 52 52 93 4 88 80 40 69 72 10 24 91 22 57 29 73 12 20 70 70 52 93 79 85 37 69 18 2 39 91 68 13 9 86 
25 87 9 29 24 34 10 91 3 71 4 33 56 76 40 90 61 30 36 18 91 92 36 46 97 84 23 13 73 71 11 36 99 68 18 67 97 14 98 33 83 57 93 55 18 16 46 36 6 65 85 78 91 38 67 88 20 37 8 26 88 71 95 72 7 92 17 2 11 8 16 23 62 95 75 56 33 15 50 37 24 25 16 70 8 73 31 14 82 16 26 57 25 54 43 78 80 30 14 37 29 50 4 91 20 56 29 23 22 62 35 88 26 11 11 54 66 57 48 4 52 11 1 84 14 14 72 23 35 34 18 73 0 64 40 49 60 99 98 59 58 10 69 78 46 48 65 14 94 47 60 67 22 77 33 24 76 35 46 44 31 84 26 22 38 76 53 63 58 87 
75 17 41 84 87 55 43 10 97 55 33 99 46 79 91 64 49 56 46 94 5 15 81 87 44 22 57 40 42 65 21 20 82 77 91 84 96 47 74 67 74 50 92 62 24 40 11 89 29 35 4 35 47 42 32 86 35 96 42 67 39 30 31 42 66 99 95 1 39 4 50 59 52 78 25 72 17 63 97 15 69 39 21 10 7 7 44 34 6 2 16 63 82 9 76 76 1 62 81 37 57 66 48 68 3 68 35 37 72 56 72 58 93 36 31 12 52 72 51 85 62 99 14 15 23 73 34 24 19 5 59 44 64 0 19 36 98 62 90 51 23 40 10 44 14 95 67 78 98 94 80 1 9 7 52 6 99 81 29 71 39 53 23 96 2 3 73 12 73 23 
93 20 49 28 40 15 67 93 91 25 86 84 9 63 79 91 83 30 64 79 1 88 9 31 85 10 77 20 24 56 84 7 80 31 90 88 83 62 45 13 57 43 48 48 76 69 16 25 22 2 30 76 37 30 7 20 27 98 22 1 57 50 31 88 6 59 28 37 53 30 24 48 2 29 88 99 79 8 12 96 12 73 95 14 51 88 76 83 4 96 32 9 7 33 22 15 53 45 13 27 32 12 82 98 97 86 47 94 3 23 4 66 41 17 56 9 1 81 61 85 75 73 56 52 49 50 82 68 22 27 67 8 40 19 0 74 40 22 90 57 58 22 5 10 11 18 91 85 57 36 1 44 94 43 20 89 76 52 56 38 88 44 58 26 34 30 39 47 50 18 
21 10 31 44 32 58 21 68 84 78 45 28 35 77 62 16 9 34 9 62 35 48 17 84 12 78 75 56 36 60 16 24 98 71 23 38 29 6 81 59 66 44 99 25 94 2 71 61 47 25 58 40 30 56 14 5 73 65 44 61 90 73 16 47 10 13 44 37 10 87 41 64 91 55 68 31 53 8 43 43 33 17 22 62 90 50 73 37 81 1 63 19 56 89 91 70 2 17 63 59 91 47 88 76 55 61 76 10 80 11 68 86 8 35 37 30 56 72 26 53 45 22 20 45 81 45 4 28 41 17 46 32 49 36 74 0 13 18 49 1 2 97 58 98 98 10 91 11 81 52 24 22 18 20 71 56 65 61 9 77 68 68 42 32 16 23 43 51 58 2 
33 93 24 20 38 62 17 86 27 90 30 96 30 49 58 86 86 42 42 36 77 73 7 78 99 12 72 60 59 57 47 97 20 9 21 17 90 62 24 87 5 96 13 24 92 15 24 13 90 65 45 28 72 50 39 40 87 24 20 86 16 35 97 75 18 17 11 42 13 63 36 51 75 69 53 85 25 49 62 3 48 8 39 23 17 93 93 75 72 19 19 95 71 51 66 21 24 57 8 54 53 48 1 14 60 37 55 62 55 8 79 1 63 74 56 43 29 81 38 55 58 74 58 56 97 55 60 24 26 59 54 52 60 98 40 13 0 50 53 88 5 99 1 45 60 49 53 39 25 21 31 97 17 17 44 28 93 50 92 6 16 94 54 18 64 22 53 88 33 73 
13 52 67 80 39 41 59 34 27 36 47 53 1 37 6 81 69 66 15 59 9 38 22 72 91 68 37 58 30 27 39 61 50 18 51 8 37 15 65 33 48 86 54 27 65 83 37 82 94 17 26 14 42 19 86 24 26 93 80 68 76 20 33 70 88 3 83 89 42 63 75 25 25 39 12 97 86 21 18 61 21 67 63 6 65 98 27 94 38 71 62 4 13 41 83 93 17 51 38 40 82 68 71 87 30 91 94 49 4 59 18 2 66 86 62 42 99 38 30 54 13 30 6 15 70 78 77 38 73 17 32 52 99 62 22 18 50 0 16 20 76 57 66 9 73 70 19 47 55 15 72 59 43 62 51 6 68 64 74 39 57 24 48 81 67 49 23 32 66 5 
66 11 93 71 57 73 78 72 53 58 68 51 80 50 77 85 40 50 63 32 24 42 35 59 47 36 51 67 15 90 20 19 67 75 73 81 18 78 72 49 39 90 43 34 89 78 25 37 23 5 61 46 41 16 5 27 24 1 74 18 32 97 85 98 18 1 45 17 24 36 41 48 41 61 17 35 9 83 18 36 62 20 83 72 43 17 25 93 95 88 55 69 59 37 6 11 20 31 26 34 78 79 46 74 7 25 17 97 23 21 63 53 15 54 20 93 31 20 91 82 32 49 75 10 16 35 55 49 71 9 1 93 98 90 90 49 53 16 0 50 54 40 37 74 28 17 33 47 92 1 70 54 82 39 95 38 97 87 63 70 52 29 24 99 36 71 28 24 18 17 
95 69 65 89 88 66 43 9 56 32 67 81 20 15 26 28 64 26 11 31 62 90 48 63 38 38 32 89 2 78 61 97 62 67 49 69 96 66 18 46 80 59 17 84 64 69 70 39 98 87 9 90 75 58 30 11 62 66 94 50 55 25 41 98 13 72 37 69 71 8 36 19 97 27 70 95 69 3 44 51 69 44 58 18 93 74 31 37 23 28 89 8 10 43 76 8 55 7 84 27 34 49 4 23 97 16 73 75 59 70 17 5 56 75 51 83 83 20 80 91 84 89 64 80 5 81 38 7 4 35 92 4 59 51 57 1 88 20 50 0 9 38 11 26 84 42 38 1 12 8 47 67 26 16 58 24 94 3 33 73 39 54 88 2 30 59 1 93 50 31 
61 24 13 87 29 23 36 52 8 40 29 92 5 74 80 94 55 86 30 49 28 31 46 43 89 42 24 58 50 31 7 63 51 49 11 16 22 93 65 56 76 98 49 95 71 32 26 16 51 78 49 19 73 60 21 20 4 97 39 80 59 94 32 56 76 32 8 54 58 43 50 83 37 98 24 6 50 82 5 86 22 97 84 38 15 65 78 79 55 67 29 58 66 4 16 31 99 15 75 66 72 1 1 72 73 41 53 83 29 48 87 7 38 72 93 54 15 32 83 55 43 24 16 65 77 83 54 4 63 5 51 88 58 23 58 2 5 76 54 9 0 25 39 97 3 12 59 92 60 54 79 54 69 72 69 17 71 95 91 94 70 55 50 58 66 43 4 35 24 53 
25 15 18 12 37 3 76 34 63 15 58 80 72 22 94 8 14 49 31 31 16 40 43 19 41 10 29 54 95 53 24 10 26 66 24 16 11 48 13 33 19 22 21 41 60 57 73 86 98 24 26 2 60 89 93 43 54 90 39 74 41 20 35 60 6 43 77 22 76 56 29 15 52 20 40 11 12 76 20 51 75 90 24 7 99 26 51 70 54 24 63 11 3 37 6 48 4 92 76 30 23 9 55 81 2 73 37 26 54 70 55 94 67 49 46 26 77 61 56 89 19 13 99 23 69 8 31 8 52 43 25 80 10 40 22 97 99 57 40 38 25 0 60 56 7 52 50 38 64 75 61 25 28 17 2 10 83 13 70 40 87 13 49 83 96 79 47 65 44 95 
83 64 34 66 67 87 29 62 32 94 85 27 2 33 38 15 62 54 38 97 12 6 26 59 7 16 1 56 40 89 32 24 41 17 97 83 80 77 85 27 50 27 8 19 96 38 99 90 15 72 29 38 58 86 55 64 22 75 44 19 35 91 66 2 10 59 43 93 24 76 87 15 88 94 38 54 11 52 6 82 91 74 74 29 43 60 43 36 34 23 4 25 44 59 83 34 72 63 73 31 81 43 5 24 46 89 18 6 58 8 65 45 44 56 76 28 35 43 13 50 44 98 79 21 86 5 1 55 23 4 52 40 69 10 5 58 1 66 37 11 39 60 0 57 35 33 26 10 7 68 85 53 25 40 48 88 4 71 70 35 74 55 33 34 11 48 3 59 82 6 
98 22 11 94 11 2 86 8 80 49 44 38 9 72 45 76 41 49 98 97 86 34 36 76 45 94 40 3 28 32 92 41 25 33 66 21 62 14 39 16 64 23 85 15 28 30 77 84 82 81 46 69 2 41 61 90 84 78 10 41 70 1 35 9 44 29 44 24 55 97 31 83 84 60 35 94 18 93 51 92 98 4 69 58 44 47 94 64 87 54 83 42 5 49 79 4 87 72 50 38 66 70 46 26 43 24 71 79 35 97 91 67 65 21 57 39 82 83 54 11 61 59 18 40 83 31 68 79 79 71 97 69 78 44 10 98 45 9 74 26 97 56 57 0 58 40 49 61 46 78 34 70 75 9 56 75 87 67 41 49 98 16 25 77 58 75 10 21 79 49 
3 47 29 16 85 73 35 60 93 14 95 25 27 1 61 13 74 1 40 21 54 75 76 13 31 86 62 34 58 84 1 77 56 18 13 48 40 6 77 60 71 91 24 39 55 48 79 43 69 22 75 21 21 89 23 34 95 89 2 92 31 79 75 64 1 93 16 92 91 66 40 20 68 20 30 67 12 98 33 7 73 11 86 78 41 73 2 96 41 33 80 57 6 98 97 4 44 88 59 3 66 65 47 4 82 9 45 37 64 72 23 5 85 79 32 42 68 68 43 60 27 50 16 84 86 56 83 21 3 51 86 72 46 14 11 98 60 73 28 84 3 7 35 58 0 53 55 61 30 15 89 97 83 28 79 68 35 11 89 89 98 85 48 98 21 70 18 9 57 68 
93 4 76 52 1 52 45 42 77 20 94 57 41 47 16 62 75 39 11 7 91 20 27 29 59 77 33 45 20 44 84 98 3 78 21 21 89 23 38 57 55 52 77 64 36 70 45 90 82 94 54 31 98 73 30 86 30 88 88 78 3 85 16 80 86 41 75 50 2 88 16 35 3 36 73 58 34 54 42 72 72 33 75 55 88 43 24 31 60 22 31 5 51 34 89 55 42 71 71 24 72 37 73 2 5 92 44 15 85 3 34 48 18 6 94 48 45 32 30 99 44 21 31 70 75 42 14 58 26 44 72 10 48 95 18 10 49 70 17 42 12 52 33 40 53 0 18 28 36 57 16 52 20 21 19 9 73 90 13 18 21 41 11 22 31 39 5 68 87 41 
99 57 6 99 17 72 93 28 47 16 21 41 90 25 93 21 69 8 68 75 48 94 54 46 34 30 67 54 33 1 72 7 87 59 86 59 91 42 38 31 43 59 38 7 30 6 97 67 22 61 24 84 18 97 84 64 17 49 18 95 14 58 92 79 89 32 32 52 51 49 89 77 68 90 58 87 90 32 84 13 17 2 30 13 87 19 11 94 41 43 2 38 54 69 28 85 15 27 67 83 32 63 47 54 56 22 62 95 15 26 83 48 72 38 60 78 16 98 74 5 70 4 96 25 32 40 95 68 47 92 32 24 65 67 91 91 53 19 33 38 59 50 26 49 55 18 0 31 14 3 93 50 3 61 85 22 77 40 25 44 21 84 38 64 14 61 28 26 1 99 
11 89 82 87 31 88 83 52 88 98 53 53 33 81 42 38 25 22 55 36 61 38 88 50 66 53 59 38 12 52 10 80 6 12 22 10 72 7 84 67 70 98 16 72 29 35 12 97 4 48 19 97 33 83 30 57 23 5 15 62 89 67 9 48 18 75 49 70 75 2 40 67 65 92 96 21 40 59 13 9 40 98 68 40 51 72 12 1 35 59 62 19 89 78 39 89 91 31 91 24 31 53 94 11 76 97 95 47 14 6 52 48 19 13 76 38 60 16 61 58 34 7 2 4 51 9 32 56 75 75 16 91 14 78 85 11 39 47 47 1 92 38 10 61 61 28 31 0 39 60 82 85 74 7 81 67 10 9 30 25 84 45 24 53 88 64 32 55 75 35 
55 81 6 46 4 78 9 41 71 42 32 39 71 38 64 63 26 6 78 37 89 90 75 95 22 26 47 63 52 11 68 35 10 67 47 97 84 16 44 28 42 71 5 53 33 28 11 75 90 99 97 89 2 33 85 89 17 57 58 81 17 29 18 93 64 35 87 54 9 58 34 39 28 21 4 47 78 47 12 17 38 76 56 93 27 78 7 8 60 36 37 18 42 28 59 78 11 51 41 55 99 92 4 22 29 71 38 83 21 23 13 37 83 40 31 78 56 22 69 18 17 45 62 70 10 10 94 59 31 75 69 22 94 98 57 81 25 55 92 12 60 64 7 46 30 36 14 39 0 92 46 29 53 95 20 25 32 76 76 91 65 55 96 89 84 27 73 5 49 84 
97 47 43 64 79 63 31 72 70 36 26 20 97 17 8 67 34 16 46 74 30 16 67 23 90 87 80 74 88 73 66 81 95 34 32 56 46 31 88 94 21 28 16 15 54 64 84 40 73 19 81 12 87 61 61 26 60 4 94 84 33 83 76 62 27 41 11 1 65 81 81 72 21 69 16 33 62 52 28 19 60 96 27 49 92 52 77 69 51 30 29 66 15 40 7 87 87 2 94 65 25 69 98 18 70 39 27 18 19 66 26 26 38 28 90 56 26 61 39 52 11 38 24 24 32 29 90 46 23 41 38 57 47 94 36 52 21 15 1 8 54 75 68 78 15 57 3 60 92 0 90 74 79 50 92 63 89 45 44 29 81 17 32 37 19 43 80 49 63 90 
83 55 87 43 60 49 65 46 56 26 64 45 8 53 3 34 19 78 74 39 84 13 78 77 58 38 38 61 86 40 3 7 81 8 27 60 13 47 78 21 17 4 9 44 98 63 94 95 51 83 19 42 82 42 40 85 33 74 20 4 17 6 61 13 29 26 22 61 70 53 23 54 28 41 3 35 67 5 60 56 75 96 9 79 11 26 4 37 3 86 73 25 51 22 16 39 29 39 37 38 15 77 23 88 56 21 60 71 32 85 78 20 92 50 81 38 25 70 39 14 39 43 34 4 64 81 14 85 90 31 32 29 60 80 1 24 31 72 70 47 79 61 85 34 89 16 93 82 46 90 0 16 99 55 49 46 93 45 96 56 18 50 20 94 98 45 87 95 69 25 
87 80 53 23 54 1 78 95 93 52 53 21 39 69 47 58 79 81 69 72 51 98 61 57 1 16 54 70 65 77 66 33 26 7 35 89 20 93 14 49 1 32 49 80 78 12 53 1 52 15 95 76 35 60 50 54 43 73 42 2 91 64 72 36 88 57 92 13 76 46 65 12 15 76 4 94 51 4 89 49 75 79 51 81 34 47 20 40 12 92 24 80 79 30 67 65 90 71 84 47 47 11 47 70 21 93 48 68 25 94 3 39 76 34 42 70 84 54 70 2 33 87 40 64 57 93 1 99 81 56 2 73 67 1 44 22 97 59 54 67 54 25 53 70 97 52 50 85 29 74 16 0 33 39 51 40 71 63 38 91 42 6 71 75 86 46 84 23 6 8 
71 72 58 83 70 43 19 10 99 35 60 64 82 93 76 75 47 64 24 57 70 65 53 90 78 23 91 73 77 14 48 13 54 5 59 8 45 33 44 39 40 11 37 84 81 59 31 11 20 28 24 73 47 62 79 35 30 72 43 45 60 71 25 35 2 74 24 20 97 96 87 64 18 79 23 56 77 25 63 31 4 36 61 60 67 5 70 17 26 5 57 4 93 76 11 52 27 67 48 80 60 92 16 66 86 32 86 36 65 50 50 76 93 96 78 51 96 61 33 49 79 34 9 39 28 16 55 50 3 61 2 12 22 9 94 18 17 43 82 26 69 28 25 75 83 20 3 74 53 79 99 33 0 90 53 76 81 42 21 66 52 72 31 60 15 71 30 35 36 21 
67 15 57 41 50 40 39 89 88 23 18 22 30 91 53 73 79 98 82 72 39 1 50 39 68 92 89 87 61 70 87 71 72 63 91 26 20 19 91 23 68 54 67 41 77 9 31 33 53 62 92 6 41 83 67 60 17 14 79 38 64 5 90 17 78 77 45 28 87 22 77 41 77 15 86 41 84 3 74 6 87 54 75 29 40 43 62 39 41 8 12 38 94 43 91 89 99 74 18 76 84 47 40 39 83 32 36 74 4 60 71 86 19 55 4 61 76 62 80 20 85 73 86 82 40 1 58 56 97 60 64 20 77 7 43 20 17 62 39 16 72 17 40 9 28 21 61 7 95 50 55 39 90 0 97 53 26 6 54 12 8 50 13 82 72 24 43 39 33 24 
72 78 79 45 75 4 12 47 86 34 23 66 4 8 67 6 8 31 65 68 84 70 37 87 16 37 34 83 9 70 26 96 66 1 83 10 85 30 28 65 36 44 78 22 84 54 63 2 20 27 37 87 22 38 26 45 44 76 96 63 30 30 34 99 34 2 25 13 14 90 7 15 92 48 14 70 72 31 84 66 94 43 5 83 37 21 46 33 39 68 39 64 73 50 92 66 96 57 66 10 99 38 58 17 42 63 88 13 81 41 23 95 31 51 28 23 43 35 37 46 81 18 99 52 99 33 25 86 16 30 17 70 33 52 20 71 44 51 95 58 69 2 48 56 79 19 85 81 20 92 49 51 53 97 0 63 32 59 35 68 9 77 19 67 79 70 53 87 7 94 
49 16 88 17 47 58 57 59 75 62 55 69 75 61 26 1 78 33 82 50 75 51 61 12 71 46 35 13 40 50 20 52 56 22 70 11 64 72 47 62 22 25 19 61 4 37 22 88 60 69 16 44 65 23 66 22 16 63 42 63 94 69 65 12 81 13 27 88 29 74 11 25 11 74 84 14 6 55 16 36 62 79 20 18 47 36 32 88 43 30 65 74 33 6 21 55 65 26 76 9 32 36 72 11 36 33 61 69 70 61 43 2 60 49 7 90 48 30 3 16 36 89 72 97 71 42 45 28 26 86 66 70 24 6 89 56 28 6 38 24 17 10 88 75 68 9 22 67 25 63 46 40 76 53 63 0 83 42 65 97 95 51 42 92 82 69 99 29 59 66 
55 26 82 18 28 44 53 22 16 79 14 93 51 10 38 3 9 73 82 62 96 48 96 20 4 67 26 49 85 12 5 46 64 21 15 37 42 4 69 85 87 23 45 97 89 75 23 27 24 80 15 38 89 48 60 94 18 43 81 22 74 38 80 16 16 54 86 17 62 8 80 80 90 15 11 75 33 29 49 50 42 39 54 64 54 79 11 58 56 53 77 96 53 70 25 20 39 24 44 69 54 92 68 98 77 68 59 65 5 38 23 56 35 84 10 94 51 29 46 31 13 39 35 57 62 39 86 93 78 28 85 52 76 99 76 65 93 68 97 94 71 83 4 87 35 73 77 10 32 89 93 71 81 26 32 83 0 35 36 98 1 93 16 97 55 51 57 38 61 90 
16 54 11 89 34 54 84 55 15 8 31 19 92 35 4 5 39 45 33 83 48 19 48 89 48 4 79 9 98 13 53 18 8 38 80 40 64 1 5 88 52 88 39 23 70 13 43 36 59 85 66 98 19 88 94 90 69 81 23 25 35 99 48 82 48 85 27 70 78 1 29 68 59 1 57 27 61 28 89 92 71 88 95 8 63 1 84 61 60 26 39 41 85 19 80 3 44 74 94 87 45 92 53 19 33 86 48 37 80 19 21 84 75 97 67 55 74 17 9 57 4 30 75 9 90 50 95 73 21 9 79 93 35 81 52 61 50 64 87 3 95 13 71 67 11 90 40 9 76 45 45 63 42 6 59 42 35 0 6 61 18 34 39 95 10 84 93 19 27 61 
6 85 73 1 73 44 77 1 57 33 24 69 17 64 26 65 50 41 94 99 6 69 70 51 43 59 20 84 19 60 71 88 69 51 84 21 31 51 99 68 91 16 12 49 58 27 57 40 77 76 78 76 18 14 99 59 5 32 40 97 29 45 90 89 78 61 43 97 98 15 47 73 75 65 93 56 42 42 61 34 31 24 27 48 40 69 1 30 17 1 88 14 6 99 77 99 68 8 83 86 95 65 52 47 5 79 97 55 58 61 64 98 65 62 68 6 86 5 86 71 20 85 52 29 78 66 79 47 82 48 55 79 46 29 56 9 92 74 63 33 91 70 70 41 89 13 25 30 76 44 96 38 21 54 35 65 36 6 0 97 13 90 1 65 40 71 63 21 14 18 
18 59 49 98 69 75 69 20 88 4 51 17 50 67 85 58 15 68 15 84 60 68 35 75 2 96 84 65 4 14 5 87 87 59 79 83 52 70 32 70 65 76 30 86 89 77 96 31 36 60 31 40 51 24 80 60 21 47 88 60 56 54 34 75 74 45 97 90 30 34 24 31 8 24 41 69 79 40 67 43 84 13 48 85 94 20 34 51 33 93 3 39 90 97 82 54 93 94 61 53 43 83 18 29 92 34 97 83 2 12 87 68 88 5 83 83 68 47 87 65 32 69 82 2 54 57 97 48 9 11 69 85 44 71 38 77 6 39 70 73 94 40 35 49 89 18 44 25 91 29 56 91 66 12 68 97 98 61 97 0 51 60 39 95 8 28 27 66 82 43 
43 86 20 83 40 99 26 20 2 68 22 79 43 69 65 36 18 25 31 86 12 67 62 92 82 73 53 27 47 90 23 85 40 82 63 76 12 41 59 67 4 68 97 72 81 3 93 7 73 9 54 94 17 74 61 8 77 71 8 8 72 50 68 46 38 40 18 33 64 59 44 31 40 89 40 86 84 39 99 86 82 5 63 90 38 21 53 54 28 37 85 35 27 22 89 64 19 85 73 59 85 35 68 55 78 70 35 62 47 86 76 18 48 83 75 84 38 92 6 67 46 67 48 34 75 62 26 43 54 90 20 37 31 39 88 68 16 57 52 39 70 87 74 98 98 21 21 84 65 81 18 42 52 8 9 95 1 18 13 51 0 91 85 35 82 36 13 39 79 38 
21 30 13 72 33 98 70 86 85 96 72 60 71 14 1 31 46 79 39 88 36 75 33 91 48 73 76 53 41 32 63 7 58 79 26 29 54 36 90 8 9 24 74 96 48 86 38 66 71 3 61 34 32 28 50 71 31 30 29 58 46 14 53 76 25 56 76 95 57 79 62 98 3 69 45 72 7 23 28 36 80 95 60 19 2 1 15 74 42 78 41 80 96 54 13 40 89 63 51 49 98 48 20 91 76 18 25 59 56 41 30 19 46 84 36 35 20 3 97 6 91 15 93 23 79 39 59 82 34 98 77 69 84 53 44 68 94 24 29 54 55 13 55 16 85 41 84 45 55 17 50 6 72 50 77 51 93 34 90 60 91 0 81 5 96 92 57 81 32 13 
49 45 26 15 98 76 32 28 76 58 4 57 9 67 53 5 58 68 97 48 52 70 48 41 17 90 85 18 32 20 60 58 74 7 68 99 32 52 42 16 60 55 6 38 19 71 44 80 31 81 68 15 20 3 72 71 95 18 32 97 50 27 94 78 26 90 18 91 86 68 44 86 68 46 67 21 38 84 8 16 65 1 69 53 97 9 65 82 84 37 29 45 12 33 74 47 37 66 25 15 31 62 57 94 41 85 23 66 13 21 19 87 52 94 57 60 28 90 41 25 74 41 87 71 69 34 97 81 42 59 6 18 26 23 58 42 54 48 24 88 50 49 33 25 48 11 38 24 96 32 20 71 31 13 19 42 16 39 1 39 85 81 0 10 31 79 47 29 76 97 
23 38 78 37 8 60 60 98 77 97 24 45 32 92 82 76 78 51 88 1 85 56 19 60 69 17 64 28 96 26 41 58 78 47 18 41 75 16 64 26 2 59 94 85 35 21 86 55 81 25 85 78 80 54 55 50 67 48 4 79 42 74 54 95 5 68 43 79 63 48 65 14 57 52 75 6 41 32 86 52 20 90 47 30 37 89 87 6 40 88 82 49 43 42 54 41 39 70 15 8 48 81 35 79 27 78 94 69 41 79 23 3 84 56 45 37 90 29 74 13 91 24 29 43 68 8 38 30 57 33 14 2 22 96 26 32 18 81 99 2 58 83 34 77 98 22 64 53 89 37 94 75 60 82 67 92 97 95 65 95 35 5 10 0 93 49 47 94 74 76 
14 23 17 27 34 67 63 22 91 47 13 36 26 1 47 81 88 49 1 66 74 66 92 3 22 86 97 43 43 65 70 84 39 13 20 86 92 50 97 95 10 67 31 67 70 48 96 59 90 63 96 97 96 9 70 13 72 38 95 28 41 71 79 6 16 65 53 7 97 54 1 70 44 43 77 88 15 17 28 37 62 43 29 13 97 72 98 85 37 85 22 7 16 97 21 59 77 90 23 86 71 28 6 45 31 75 97 85 88 3 20 63 7 63 60 26 58 18 45 76 72 93 68 78 46 96 66 59 77 4 39 39 38 2 34 16 64 67 36 30 66 96 11 58 21 31 14 88 84 19 98 86 15 72 79 82 55 10 40 8 82 96 31 93 0 96 77 19 81 77 
98 92 5 33 63 75 30 95 19 90 78 40 35 35 85 15 27 36 38 22 13 82 92 9 62 75 80 49 63 87 71 73 32 62 55 84 69 9 83 63 62 16 45 57 77 47 73 45 52 33 85 18 41 6 43 4 3 13 77 32 45 96 68 49 95 42 54 43 8 23 75 82 98 90 29 61 38 5 9 9 94 56 1 28 89 79 69 29 83 19 38 29 75 28 35 10 79 48 29 6 70 1 33 65 81 46 23 92 42 56 85 91 49 57 72 32 81 31 18 49 13 59 37 82 14 15 54 46 23 54 24 91 76 3 30 23 22 49 71 59 43 79 48 75 70 39 61 64 27 43 45 46 71 24 70 69 51 84 71 28 36 92 79 49 96 0 76 48 64 56 
54 55 89 2 15 92 67 19 63 22 8 62 55 71 18 3 32 53 67 22 36 51 74 76 30 33 99 54 24 67 24 7 77 50 38 6 11 68 55 28 25 92 2 51 85 1 95 82 63 61 86 73 31 81 16 82 97 62 15 97 96 44 98 69 55 96 74 13 28 95 97 78 33 35 67 82 29 44 42 38 65 95 24 60 49 37 53 70 70 41 95 11 27 28 4 6 87 80 46 90 18 88 35 27 76 7 5 82 97 92 7 10 54 91 9 17 4 6 1 25 94 75 19 4 60 25 79 83 75 5 76 68 53 73 39 43 53 23 28 1 4 47 3 10 18 5 28 32 73 80 87 84 30 43 53 99 57 93 63 27 13 57 47 47 77 76 0 68 96 1 
85 77 28 49 78 6 33 68 46 93 53 33 98 17 55 53 59 32 43 40 17 49 82 72 45 63 42 93 17 19 77 88 60 52 1 11 21 66 88 94 38 27 39 66 33 53 2 17 50 96 64 83 54 11 37 3 23 61 68 46 5 5 58 69 26 47 88 33 63 58 1 5 61 86 14 91 40 32 28 31 58 42 96 1 20 51 27 85 60 84 64 27 81 76 62 16 99 67 37 36 55 70 82 76 41 30 23 35 59 77 83 98 81 61 78 41 1 85 65 41 97 23 10 50 57 87 67 99 94 89 22 13 63 12 47 51 88 32 24 93 35 65 59 21 9 68 26 55 5 49 95 23 35 39 87 29 38 19 21 66 39 81 29 94 19 48 68 0 3 20 
11 13 51 89 44 27 72 36 66 85 31 68 97 38 36 55 24 2 62 77 10 5 13 30 97 7 39 15 89 87 32 19 82 28 81 49 88 35 40 19 96 25 5 89 27 98 17 92 44 45 69 97 66 71 39 42 26 33 56 38 58 12 81 54 33 19 97 90 74 18 1 26 25 85 11 58 80 95 41 86 63 76 18 8 75 60 22 62 77 29 40 45 52 97 73 73 50 58 79 42 52 69 89 19 84 49 15 5 40 75 12 78 25 39 35 56 88 99 87 1 31 83 26 8 62 88 57 95 86 90 24 9 58 73 50 58 33 66 18 50 24 44 82 79 57 87 1 75 49 63 69 6 36 33 7 59 61 27 14 82 79 32 76 74 81 64 96 3 0 85 
97 60 69 23 62 68 61 96 53 59 27 54 71 18 79 16 38 65 19 61 85 51 42 96 67 74 40 85 32 92 59 31 28 60 62 61 73 35 72 91 71 6 33 21 1 6 27 62 13 21 69 37 51 41 43 43 55 58 69 59 12 49 54 49 48 46 41 72 18 17 32 60 2 59 65 73 77 81 83 42 66 92 93 82 33 9 49 34 34 29 89 87 30 22 62 77 5 9 29 48 30 42 73 17 65 61 16 39 77 90 70 50 17 72 72 88 15 78 47 87 31 52 47 9 55 71 4 65 95 81 37 86 87 23 18 2 73 5 17 31 53 95 6 49 68 41 99 35 84 90 25 8 21 24 94 66 90 61 18 43 38 13 97 76 77 56 1 20 85 0 
