175
0 38 13 73 10 76 6 80 65 17 2 77 72 7 26 51 21 19 85 12 29 30 15 51 69 88 88 95 97 87 14 10 8 64 62 23 58 2 1 61 82 9 89 14 48 73 31 72 4 71 22 50 58 4 69 25 44 77 27 53 81 42 83 16 65 69 26 99 88 8 27 26 23 10 68 24 28 38 58 84 39 9 33 35 11 24 16 88 26 72 93 75 63 47 33 89 24 56 66 78 4 1 78 7 53 86 71 3 77 92 22 76 8 78 73 76 77 44 21 31 37 8 46 69 58 83 97 14 11 24 82 8 25 75 93 21 33 13 66 95 61 25 83 98 3 93 99 11 55 97 83 87 71 67 72 49 55 16 6 18 43 21 49 23 14 98 54 85 11 97 56 62 57 90 22 
38 0 97 84 26 15 14 85 44 7 78 57 60 16 25 10 67 72 54 70 37 22 41 78 92 50 48 78 41 79 46 88 17 29 46 68 67 79 47 1 30 64 76 36 54 94 34 3 85 84 49 55 33 29 56 83 32 29 95 75 9 33 9 85 78 51 80 42 65 84 25 21 45 16 31 92 15 20 27 87 8 54 48 61 35 33 20 68 25 84 95 39 48 6 80 64 88 33 43 75 67 89 99 31 18 69 65 61 79 18 40 36 82 29 23 39 42 75 78 71 26 49 51 63 45 55 1 87 17 20 10 93 52 11 69 24 15 64 22 47 4 57 89 81 47 55 80 72 15 78 16 26 54 85 59 86 30 45 38 23 92 55 77 13 60 27 77 72 88 40 44 77 39 92 70 
13 97 0 99 34 44 27 57 70 74 53 90 28 44 2 83 95 97 27 85 31 65 23 99 53 4 71 13 40 84 49 62 71 14 37 24 23 67 93 96 54 10 42 58 89 94 77 83 12 37 17 31 85 58 36 42 82 3 86 94 37 47 81 28 73 29 3 14 42 37 41 19 98 39 64 47 90 3 99 29 79 76 59 43 27 22 59 17 93 38 12 23 7 97 15 88 76 36 64 33 92 50 1 23 98 71 37 19 28 29 53 95 51 47 8 86 17 30 12 62 15 31 9 41 49 31 24 67 93 65 13 18 34 11 29 76 6 82 6 43 87 53 58 57 79 88 82 11 73 49 20 13 26 78 17 5 89 28 51 69 4 59 13 3 77 97 97 62 16 75 13 19 31 60 6 
73 84 99 0 17 96 97 61 44 32 45 25 63 80 22 20 78 34 5 40 68 35 35 43 79 83 39 49 82 6 92 9 41 70 6 8 79 38 79 34 28 52 78 31 44 47 10 68 4 68 55 98 64 81 29 38 65 38 94 19 79 71 93 53 11 33 47 64 94 19 37 30 40 29 55 30 56 91 28 61 13 18 72 92 8 84 57 52 33 77 63 52 97 31 23 6 92 96 23 77 23 19 94 30 19 53 32 50 99 84 94 46 52 87 16 72 49 29 84 28 44 20 80 71 89 87 12 66 94 16 52 99 87 46 64 43 23 83 41 45 17 18 89 1 98 83 72 15 37 27 33 2 49 89 23 35 95 22 69 68 49 19 98 12 12 53 77 69 46 65 90 41 8 8 34 
10 26 34 17 0 59 8 35 5 6 62 51 77 46 97 22 93 72 93 26 98 2 14 39 86 28 39 85 34 2 32 39 29 76 32 52 67 68 33 75 33 98 6 1 38 73 44 25 17 97 97 42 25 22 28 47 36 63 69 63 33 46 89 43 58 26 33 34 7 66 52 32 8 14 4 29 16 30 67 62 84 97 59 83 35 31 58 97 50 47 84 42 21 41 51 5 10 1 91 22 75 22 34 39 38 44 34 96 42 72 70 71 24 87 40 32 38 39 57 88 29 37 67 11 85 1 17 31 4 79 60 54 70 50 75 47 28 34 73 69 40 33 98 8 34 63 15 78 44 62 86 37 13 54 27 83 13 26 2 42 56 56 65 16 93 41 61 71 50 51 33 91 21 53 39 
76 15 44 96 59 0 66 81 58 53 90 20 95 65 43 48 22 98 2 90 39 13 19 78 78 89 91 84 40 99 16 38 97 37 99 2 33 31 8 51 51 33 44 42 70 2 98 52 31 83 50 82 83 96 72 22 19 47 45 92 10 5 78 64 24 96 60 65 83 32 2 85 79 69 55 26 84 28 57 93 9 56 77 47 50 12 9 62 75 24 89 90 83 83 6 43 47 22 52 74 43 14 19 24 46 96 53 34 55 15 58 62 41 73 66 23 3 87 2 73 52 72 88 78 63 49 1 43 40 4 58 44 54 44 75 99 98 76 60 67 75 92 6 27 68 32 12 4 55 2 14 60 57 82 9 39 5 71 77 74 6 80 85 60 32 91 8 67 33 47 76 83 45 65 38 
6 14 27 97 8 66 0 48 74 91 85 16 66 53 70 67 90 29 20 18 6 80 11 30 18 82 47 8 18 87 62 65 8 30 56 29 44 99 56 6 51 93 64 53 35 99 84 78 38 90 55 5 44 12 30 77 90 33 51 52 43 24 90 44 89 96 29 65 87 59 89 52 23 11 32 10 7 31 68 19 13 74 75 92 66 86 54 43 7 10 37 88 60 9 54 88 19 22 68 15 21 86 10 43 67 21 17 59 78 43 36 76 29 86 35 45 93 83 9 31 65 78 19 39 12 57 53 84 77 69 26 70 32 60 63 30 67 33 72 61 94 73 28 98 94 69 39 61 98 10 68 79 64 21 36 56 29 46 93 57 52 5 80 76 32 77 53 39 84 81 75 71 27 58 31 
80 85 57 61 35 81 48 0 65 39 19 96 42 96 58 49 43 53 23 65 71 62 61 97 28 1 27 51 21 27 66 78 19 61 83 60 63 39 24 69 70 62 88 67 20 37 18 22 78 27 33 9 9 21 69 83 55 86 94 75 90 24 95 91 14 12 43 11 89 25 48 69 44 92 14 7 3 68 94 5 29 36 83 78 47 79 7 92 81 21 24 64 72 7 22 65 51 91 10 93 68 86 34 72 9 52 34 62 8 60 42 28 52 41 72 46 95 10 89 47 59 22 55 1 20 20 86 28 98 22 95 19 68 36 96 30 23 57 11 43 73 32 13 83 8 88 9 62 24 35 95 4 56 69 16 25 95 63 27 99 48 88 36 17 88 91 79 88 58 25 56 50 53 25 16 
65 44 70 44 5 58 74 65 0 68 74 47 21 67 95 13 26 1 98 99 78 12 91 25 55 48 78 41 60 96 80 90 32 57 34 39 93 21 15 10 68 82 80 4 48 71 43 6 21 58 60 55 78 25 59 80 37 81 59 52 64 74 84 89 83 56 79 71 28 24 54 70 69 24 47 40 67 78 27 25 18 88 2 46 59 22 18 57 34 44 76 99 3 97 91 84 27 27 53 56 8 63 32 80 93 77 47 88 71 70 56 93 99 88 86 75 16 15 57 88 2 85 76 77 91 19 63 46 66 53 29 88 39 21 98 52 60 95 65 15 98 53 45 17 65 31 83 11 46 89 79 60 98 43 65 6 91 77 56 43 21 89 69 19 93 50 84 16 18 62 8 65 56 3 91 
17 7 74 32 6 53 91 39 68 0 5 17 78 69 31 53 85 37 99 60 32 36 33 51 52 6 34 1 10 32 36 89 61 39 12 45 44 8 63 57 97 94 53 25 44 52 11 95 50 19 11 62 40 7 8 80 13 1 4 52 16 68 82 60 67 16 62 65 20 45 88 62 22 1 64 95 85 2 85 61 77 23 15 25 47 33 81 71 55 25 78 90 36 58 32 40 15 94 49 14 20 16 98 42 36 26 52 35 23 34 62 79 8 33 4 68 96 58 97 47 90 22 93 85 59 65 41 79 79 63 63 48 28 72 43 15 94 52 19 79 11 36 50 94 80 90 5 6 87 30 54 81 73 30 39 79 55 43 65 69 45 85 74 51 81 51 36 73 16 40 3 36 98 80 16 
2 78 53 45 62 90 85 19 74 5 0 16 95 67 35 84 94 19 75 19 26 18 50 38 21 41 53 24 19 80 52 33 38 31 41 51 74 69 81 16 64 65 92 21 55 24 7 25 1 49 81 29 89 2 74 22 1 77 33 41 82 84 31 88 54 34 83 23 4 35 50 89 71 38 34 13 38 80 66 7 80 93 4 33 86 45 30 47 68 67 29 58 85 44 95 94 21 53 32 26 64 53 60 18 23 55 14 31 24 51 22 72 4 24 13 78 8 53 31 27 9 97 85 82 74 40 57 61 26 66 96 28 19 87 2 35 3 18 86 12 94 54 60 83 12 84 4 84 1 94 86 52 92 33 87 85 82 6 12 70 10 47 75 94 33 39 43 64 24 41 64 64 32 19 41 
77 57 90 25 51 20 16 96 47 17 16 0 6 93 80 83 75 41 26 69 50 83 87 47 14 22 81 82 95 50 52 15 31 11 86 5 8 55 60 85 99 42 36 57 14 12 53 67 22 82 95 35 62 92 86 61 93 99 92 75 9 76 82 28 26 87 37 15 4 93 85 73 44 9 56 18 61 33 99 84 28 96 53 51 81 92 80 27 38 25 57 41 53 39 20 45 21 64 22 66 69 93 19 69 17 79 60 57 45 36 40 62 33 68 54 63 76 9 35 34 93 26 68 2 99 9 90 28 30 90 78 11 62 17 80 75 77 98 1 31 4 82 65 39 68 31 22 27 96 11 70 34 37 10 1 56 70 11 4 40 78 38 17 26 47 8 44 1 57 15 56 56 53 79 98 
72 60 28 63 77 95 66 42 21 78 95 6 0 54 61 1 15 61 67 96 40 72 8 17 67 62 70 51 59 80 15 78 13 12 80 96 35 7 70 86 45 71 73 13 47 83 8 30 61 83 74 47 87 85 98 48 89 74 77 88 46 37 88 40 38 7 44 59 2 84 30 49 56 46 9 35 30 1 80 20 5 72 2 9 27 41 90 33 71 97 8 39 82 30 4 75 51 92 17 50 43 71 9 32 26 35 55 98 97 71 6 64 95 25 47 21 23 1 70 23 28 26 65 46 39 58 53 53 33 70 80 6 34 65 54 54 54 13 81 97 34 52 56 81 55 13 86 11 82 79 72 85 30 13 64 8 71 83 64 65 45 70 76 89 35 15 60 89 34 25 4 42 31 23 54 
7 16 44 80 46 65 53 96 67 69 67 93 54 0 97 92 92 83 98 37 7 39 99 32 63 48 63 35 72 43 21 91 51 23 3 64 1 93 6 73 53 10 95 98 12 99 41 92 77 88 62 3 23 83 94 99 48 30 96 99 81 2 76 2 53 93 65 76 79 63 77 49 37 50 15 74 22 33 72 1 47 25 81 38 17 53 69 93 91 8 61 10 35 64 67 69 14 67 92 1 35 71 17 38 18 39 83 15 38 63 1 34 50 78 32 58 59 74 77 29 77 54 59 32 95 14 39 92 88 60 47 63 87 62 40 72 3 60 26 58 33 31 53 92 42 79 58 46 86 26 74 75 7 3 31 78 79 92 97 43 19 84 90 89 57 43 5 12 25 23 7 5 80 29 54 
26 25 2 22 97 43 70 58 95 31 35 80 61 97 0 31 22 28 6 36 73 83 49 52 95 25 77 41 86 29 41 48 24 29 85 90 38 6 24 69 21 14 57 30 29 92 55 29 64 82 61 70 84 73 80 49 53 93 93 97 58 95 40 91 79 62 58 6 77 26 80 94 38 45 61 16 93 42 64 8 3 47 76 53 67 26 38 4 26 85 65 1 53 82 47 85 18 55 36 79 61 51 47 24 66 1 33 13 91 76 26 56 70 6 15 88 3 92 65 99 88 59 25 46 15 78 87 33 92 73 39 84 21 25 72 28 38 96 83 17 55 97 53 74 6 67 81 95 51 3 90 33 8 90 86 37 67 74 12 36 43 40 53 94 85 21 74 8 53 70 58 63 90 84 17 
51 10 83 20 22 48 67 49 13 53 84 83 1 92 31 0 29 46 83 82 69 68 62 84 70 39 75 64 73 13 35 25 84 35 23 90 41 88 76 78 39 76 22 16 56 69 83 69 12 37 58 28 80 2 13 2 9 90 64 91 16 86 81 85 28 94 8 15 76 13 62 21 38 63 67 34 58 75 73 6 1 3 5 65 58 36 31 5 76 81 15 3 53 55 16 97 89 1 60 63 2 92 68 82 42 84 45 98 7 88 57 50 48 73 60 94 83 81 99 93 39 11 88 66 96 89 60 74 96 92 35 51 52 83 83 52 92 25 56 69 66 38 58 98 88 45 58 42 33 28 56 64 81 92 77 57 27 63 54 93 23 39 21 59 44 20 46 76 38 85 35 88 59 2 41 
21 67 95 78 93 22 90 43 26 85 94 75 15 92 22 29 0 86 38 59 8 25 25 84 42 95 28 33 15 26 14 79 37 25 4 57 94 32 29 77 3 61 60 73 41 16 38 8 83 39 48 61 61 49 83 9 86 69 40 64 55 14 62 41 74 75 69 25 26 34 19 79 47 79 8 78 9 39 50 15 18 46 58 78 88 27 32 59 24 38 43 94 90 82 97 27 47 19 25 40 76 40 7 69 40 47 22 68 74 25 72 33 13 87 66 8 3 97 21 4 86 95 36 18 18 56 44 53 96 26 90 30 52 68 48 21 72 80 9 24 61 57 10 47 61 66 63 22 14 23 28 26 18 33 94 15 86 53 26 61 84 69 90 25 58 64 13 19 27 78 26 1 23 15 75 
19 72 97 34 72 98 29 53 1 37 19 41 61 83 28 46 86 0 40 76 20 10 72 54 67 28 89 3 72 86 20 15 14 98 83 23 62 82 12 29 45 3 4 11 32 92 97 30 56 30 34 42 66 50 26 86 49 54 49 1 39 8 22 6 16 78 81 64 98 31 33 73 45 41 68 25 79 68 51 49 36 53 32 2 65 32 19 67 16 44 40 21 2 1 46 83 30 27 8 53 4 22 84 80 63 70 68 9 73 44 96 90 77 73 59 69 59 82 64 93 53 38 48 52 24 71 1 24 23 88 60 9 3 19 4 15 80 68 35 82 65 45 43 35 79 45 61 68 43 23 42 69 42 40 81 43 68 99 14 26 39 76 6 93 23 40 74 15 48 72 2 34 71 61 20 
85 54 27 5 93 2 20 23 98 99 75 26 67 98 6 83 38 40 0 16 98 99 54 70 21 36 39 50 82 59 13 76 54 25 96 23 34 25 31 88 1 88 36 46 64 9 42 15 63 11 30 31 38 98 40 11 68 55 78 46 74 69 24 82 65 82 82 33 94 15 31 39 97 88 1 38 67 43 62 19 1 46 83 95 72 71 97 54 1 43 41 40 25 41 93 73 32 5 30 36 36 49 31 48 1 80 8 53 10 25 52 86 92 76 15 82 62 41 13 28 45 1 55 65 17 91 18 60 91 96 38 73 84 82 40 44 71 91 24 31 74 64 91 49 45 95 17 60 91 45 86 49 18 52 49 7 77 67 87 36 45 79 99 1 39 19 82 37 49 4 52 49 4 89 58 
12 70 85 40 26 90 18 65 99 60 19 69 96 37 36 82 59 76 16 0 17 88 64 87 22 34 95 32 69 39 72 70 54 13 97 47 41 18 94 79 62 36 59 32 31 49 31 97 97 21 7 75 36 37 74 39 72 57 72 68 50 62 83 99 84 86 88 48 1 66 22 22 40 77 61 3 41 78 44 84 60 67 79 86 51 23 38 14 16 85 47 39 90 55 28 30 49 16 74 30 52 50 89 65 14 53 95 60 35 4 65 81 93 58 1 10 91 39 18 14 43 53 10 39 26 58 82 52 70 54 90 70 30 91 63 77 21 56 89 96 2 63 55 11 32 70 96 48 49 11 41 26 73 88 23 50 56 89 4 29 25 21 66 88 10 12 22 59 88 95 65 79 88 72 87 
29 37 31 68 98 39 6 71 78 32 26 50 40 7 73 69 8 20 98 17 0 83 1 43 35 67 58 93 7 71 3 13 91 5 1 35 77 9 24 62 28 16 12 86 54 91 48 61 89 30 84 51 70 39 84 75 96 48 6 60 12 36 52 85 74 13 36 17 10 85 59 49 22 48 72 57 52 68 4 93 51 54 88 80 93 40 81 83 83 3 31 86 48 66 42 57 42 80 45 95 80 87 34 55 16 28 38 6 65 35 43 88 45 91 43 45 53 89 58 81 3 65 74 96 50 32 32 42 40 15 3 48 36 51 33 33 42 43 96 17 84 29 32 92 12 39 88 17 57 10 65 84 27 3 39 86 31 87 54 32 31 37 16 22 93 48 74 45 5 67 44 19 60 91 30 
30 22 65 35 2 13 80 62 12 36 18 83 72 39 83 68 25 10 99 88 83 0 78 10 24 91 9 92 15 88 48 73 38 42 90 31 40 6 34 75 20 94 38 90 16 13 98 65 1 70 51 48 19 69 68 67 75 70 56 66 82 51 49 5 51 57 79 39 11 95 25 40 59 56 1 39 94 86 96 71 74 56 16 97 50 56 7 33 30 94 79 20 29 79 42 93 25 90 11 70 16 47 30 45 20 84 75 80 45 99 13 87 78 50 32 54 88 93 79 3 70 97 23 43 3 21 57 40 38 27 22 4 63 29 10 55 2 29 7 45 68 33 30 70 13 91 16 75 93 17 24 16 12 5 72 95 25 81 38 64 61 82 50 79 12 1 48 24 82 91 13 57 82 29 36 
15 41 23 35 14 19 11 61 91 33 50 87 8 99 49 62 25 72 54 64 1 78 0 81 9 17 7 22 35 48 46 43 26 36 76 27 54 88 75 67 78 61 53 50 37 61 96 48 70 35 62 33 48 19 92 92 74 82 13 42 58 71 3 35 81 67 88 72 15 27 40 91 59 46 83 85 53 14 10 26 48 65 89 40 86 22 46 45 89 84 69 68 71 36 35 25 62 88 74 21 77 73 59 56 16 83 42 64 28 97 83 90 72 74 97 61 90 80 89 23 35 56 8 38 99 1 76 74 64 58 65 40 15 23 27 16 82 77 93 27 50 89 33 26 99 53 61 78 6 47 65 11 98 2 57 73 92 57 22 87 38 73 75 93 15 15 50 89 46 87 31 84 78 72 59 
51 78 99 43 39 78 30 97 25 51 38 47 17 32 52 84 84 54 70 87 43 10 81 0 63 43 19 59 76 13 29 46 50 95 23 77 57 90 39 87 12 20 89 51 75 92 91 41 60 3 9 76 72 30 96 11 73 64 14 36 62 28 6 49 37 83 68 7 39 19 72 54 16 53 47 98 75 54 4 25 44 26 27 2 7 19 35 32 97 81 99 44 52 37 83 9 3 20 63 95 76 26 36 80 63 77 77 75 71 48 79 32 34 44 10 57 87 47 38 37 11 51 78 20 46 35 36 8 72 2 4 47 62 7 4 9 37 85 49 82 15 16 49 44 44 58 86 68 47 51 3 1 82 59 19 46 66 28 97 84 59 21 97 44 85 12 99 91 47 38 89 41 7 45 31 
69 92 53 79 86 78 18 28 55 52 21 14 67 63 95 70 42 67 21 22 35 24 9 63 0 59 34 66 22 90 58 1 78 68 16 71 4 48 43 2 82 48 17 69 22 62 30 45 97 67 35 89 87 78 98 39 11 22 17 79 8 54 54 68 78 13 87 86 29 14 62 7 58 46 62 52 94 7 58 41 8 5 93 8 19 52 73 3 83 47 19 87 30 36 12 53 77 38 79 70 25 70 30 78 25 43 11 66 86 54 21 14 27 7 32 84 50 66 55 1 51 82 38 77 71 21 55 16 46 30 71 15 14 77 82 48 44 76 63 26 26 73 43 62 45 45 54 33 29 6 21 62 8 52 98 51 84 22 10 78 12 68 36 38 42 10 16 94 86 77 30 53 26 87 38 
88 50 4 83 28 89 82 1 48 6 41 22 62 48 25 39 95 28 36 34 67 91 17 43 59 0 16 23 92 37 46 67 4 59 96 73 73 90 17 86 75 33 63 7 74 38 3 46 14 42 34 4 5 31 66 70 89 75 37 66 57 78 71 17 43 98 58 94 6 90 88 30 96 70 87 42 82 52 47 59 40 84 16 76 94 94 53 57 26 80 37 5 83 95 12 43 23 85 29 57 33 59 87 69 67 23 3 74 2 34 81 8 64 70 6 43 16 36 47 82 24 21 5 24 26 47 32 26 19 12 54 46 7 21 6 68 12 45 45 27 86 57 81 54 38 47 12 65 57 84 23 57 77 75 72 37 51 32 24 29 1 40 62 33 67 59 47 80 38 54 91 89 34 35 26 
88 48 71 39 39 91 47 27 78 34 53 81 70 63 77 75 28 89 39 95 58 9 7 19 34 16 0 79 20 84 53 76 85 64 97 80 99 42 39 40 7 9 1 88 43 19 45 44 94 6 3 63 37 95 60 84 20 24 31 18 99 40 56 24 17 10 92 31 49 50 38 52 22 1 32 94 19 40 45 50 45 24 37 82 90 70 75 86 69 62 44 47 54 75 13 36 18 12 5 88 27 66 17 76 26 64 25 17 80 85 57 20 34 66 30 39 84 54 70 92 65 20 55 76 70 71 94 23 82 29 98 74 58 51 21 30 33 44 92 48 47 58 80 2 13 40 20 56 60 58 67 89 58 54 56 3 34 45 54 38 63 74 61 70 73 87 83 13 49 9 84 65 27 53 18 
95 78 13 49 85 84 8 51 41 1 24 82 51 35 41 64 33 3 50 32 93 92 22 59 66 23 79 0 28 43 49 54 93 15 85 46 29 16 34 90 71 15 91 80 66 14 27 52 24 94 11 73 52 30 20 3 37 23 57 99 95 59 22 35 40 55 29 12 60 3 4 87 11 28 2 62 71 13 31 68 80 62 58 8 43 4 54 90 13 75 76 60 35 70 51 98 93 22 86 76 44 4 85 7 2 66 97 19 54 8 71 47 26 35 56 72 64 95 12 13 50 80 68 55 70 82 42 32 83 34 74 10 89 75 96 2 20 12 73 42 24 36 59 30 15 2 50 95 40 28 58 20 33 12 52 88 86 65 77 61 9 40 85 98 19 4 47 41 32 96 43 63 24 17 89 
97 41 40 82 34 40 18 21 60 10 19 95 59 72 86 73 15 72 82 69 7 15 35 76 22 92 20 28 0 32 98 76 84 7 19 46 65 54 86 44 51 43 14 8 1 6 14 9 39 67 60 98 67 6 26 89 7 16 75 60 20 51 23 3 76 76 51 42 9 48 84 28 10 71 19 79 70 62 84 36 36 57 54 23 14 49 22 8 7 78 29 44 85 71 98 29 74 90 7 54 14 73 55 90 51 49 39 58 35 69 66 52 25 86 48 39 85 39 32 79 79 9 37 96 73 38 78 35 40 20 68 32 71 65 56 60 57 27 90 78 31 53 89 32 84 44 1 52 11 73 40 77 14 70 70 50 12 13 60 14 90 32 20 26 65 87 67 19 87 92 99 99 37 49 15 
87 79 84 6 2 99 87 27 96 32 80 50 80 43 29 13 26 86 59 39 71 88 48 13 90 37 84 43 32 0 41 46 79 64 1 55 21 85 24 56 60 41 38 3 35 70 44 91 41 84 61 46 19 69 27 61 46 59 24 2 41 14 78 63 52 95 48 62 58 65 98 24 2 3 68 84 5 9 78 15 14 99 7 96 69 98 87 29 74 35 84 59 49 10 15 32 25 25 23 75 26 20 97 75 62 86 8 54 89 62 76 69 18 44 29 18 53 49 92 95 60 22 87 72 93 10 11 21 84 16 47 39 20 61 7 24 32 92 1 84 72 10 68 66 3 66 48 87 26 20 5 53 71 5 23 63 60 41 70 71 24 77 32 59 28 73 31 19 57 45 37 60 89 57 84 
14 46 49 92 32 16 62 66 80 36 52 52 15 21 41 35 14 20 13 72 3 48 46 29 58 46 53 49 98 41 0 57 2 49 9 55 24 94 54 71 24 43 69 62 31 73 27 36 89 95 22 61 33 91 87 19 10 30 75 31 59 40 95 26 74 74 54 76 78 61 27 7 85 68 78 34 92 52 37 34 84 41 14 65 52 74 7 57 22 60 31 46 69 58 20 83 32 71 61 76 34 18 79 97 1 83 42 68 86 63 35 25 98 73 13 51 64 65 34 60 36 20 7 24 97 61 19 97 63 10 24 41 77 98 7 80 35 81 7 33 13 71 96 52 46 18 88 87 85 7 58 58 84 73 7 88 19 31 7 88 14 54 62 41 39 17 48 39 98 1 66 49 70 32 66 
10 88 62 9 39 38 65 78 90 89 33 15 78 91 48 25 79 15 76 70 13 73 43 46 1 67 76 54 76 46 57 0 1 76 77 20 85 83 64 39 55 87 13 22 19 46 60 61 13 29 12 14 61 83 60 88 84 3 34 92 10 3 77 44 82 18 89 54 51 76 7 37 95 17 77 99 63 23 71 70 83 16 96 19 22 10 3 79 79 7 97 60 37 26 6 62 9 7 21 57 14 94 4 79 6 82 91 40 99 8 33 11 69 45 99 82 80 98 20 50 67 62 51 26 41 25 56 3 87 6 10 95 81 26 54 72 66 56 64 8 69 87 40 58 74 78 39 32 77 60 82 28 90 40 9 4 15 99 10 76 79 82 65 74 84 16 65 53 48 27 54 17 26 8 25 
8 17 71 41 29 97 8 19 32 61 38 31 13 51 24 84 37 14 54 54 91 38 26 50 78 4 85 93 84 79 2 1 0 5 10 26 37 90 81 53 70 55 26 42 19 12 81 4 2 18 51 91 19 46 45 49 21 92 17 36 30 8 29 7 30 98 97 95 3 89 91 61 70 1 87 15 69 74 16 87 90 45 68 16 51 35 53 15 71 31 29 93 73 35 60 15 81 13 87 64 86 79 3 10 76 31 33 20 68 77 31 71 9 18 75 67 49 66 17 33 18 78 59 12 67 34 8 7 5 63 1 22 21 38 51 59 82 79 7 47 13 62 50 52 28 60 15 22 88 54 14 75 35 50 71 24 54 52 13 71 11 99 5 97 12 75 38 32 44 95 38 87 1 39 26 
64 29 14 70 76 37 30 61 57 39 31 11 12 23 29 35 25 98 25 13 5 42 36 95 68 59 64 15 7 64 49 76 5 0 23 45 94 47 86 14 32 47 82 67 37 53 35 32 14 48 19 26 64 87 6 24 20 31 5 8 52 99 67 65 28 96 56 1 44 44 91 63 65 5 7 25 24 28 31 69 26 94 51 68 3 99 86 57 19 13 25 38 70 65 59 1 65 14 22 38 99 15 18 91 90 23 21 51 73 49 11 24 97 66 13 21 86 22 47 32 27 35 59 91 83 70 15 80 84 79 63 26 68 18 20 55 38 1 81 62 62 4 17 54 78 25 65 20 72 63 54 5 5 72 84 70 80 61 98 54 33 88 7 3 41 6 22 4 12 80 68 7 76 47 17 
62 46 37 6 32 99 56 83 34 12 41 86 80 3 85 23 4 83 96 97 1 90 76 23 16 96 97 85 19 1 9 77 10 23 0 64 5 20 41 38 63 59 6 80 87 75 45 11 7 33 41 9 67 96 73 58 25 95 34 48 95 53 92 12 37 7 61 30 50 56 7 41 64 8 76 27 56 32 83 96 55 78 77 7 96 91 79 58 14 84 24 21 66 91 85 55 67 84 88 38 17 8 81 69 16 16 83 21 48 21 59 10 97 56 60 89 8 26 10 11 37 40 21 83 76 29 99 41 86 84 6 11 49 61 68 60 34 22 77 84 7 22 15 42 66 79 69 39 92 54 81 95 13 90 78 61 58 52 15 68 49 55 10 23 34 99 57 81 15 32 20 43 32 74 28 
23 68 24 8 52 2 29 60 39 45 51 5 96 64 90 90 57 23 23 47 35 31 27 77 71 73 80 46 46 55 55 20 26 45 64 0 62 15 54 41 91 44 12 74 73 32 52 59 16 49 4 26 65 29 69 60 60 84 78 5 70 67 74 44 88 84 74 79 63 5 73 41 98 13 19 55 36 20 32 10 71 30 33 86 95 87 85 84 12 85 97 96 83 29 90 37 18 96 22 11 80 62 40 89 91 72 84 46 13 20 45 20 85 64 42 64 31 52 12 54 32 75 92 69 11 21 88 73 78 1 39 89 48 6 47 75 72 94 58 18 47 38 88 88 74 4 51 64 64 61 53 49 52 7 64 94 2 25 23 89 49 35 23 40 19 64 75 89 18 8 28 87 79 3 51 
58 67 23 79 67 33 44 63 93 44 74 8 35 1 38 41 94 62 34 41 77 40 54 57 4 73 99 29 65 21 24 85 37 94 5 62 0 17 44 80 12 78 14 95 39 1 72 27 93 77 95 89 55 17 63 74 57 54 40 19 65 79 69 59 51 54 44 48 51 48 88 95 55 75 66 4 45 12 53 57 41 15 39 98 14 47 62 6 62 15 78 66 93 48 77 14 6 23 42 7 16 31 47 93 33 19 30 72 4 1 51 70 41 36 52 16 50 9 68 66 35 35 86 39 3 46 59 18 34 93 9 45 6 10 42 51 74 78 63 8 33 80 67 42 78 77 49 92 14 76 2 33 28 10 37 8 55 12 90 37 81 59 77 64 24 33 66 80 76 74 63 18 87 66 6 
2 79 67 38 68 31 99 39 21 8 69 55 7 93 6 88 32 82 25 18 9 6 88 90 48 90 42 16 54 85 94 83 90 47 20 15 17 0 77 60 45 93 30 57 57 68 54 18 13 53 83 94 20 61 58 34 62 89 74 80 33 61 71 19 35 74 39 72 23 16 55 28 24 27 12 61 31 62 98 74 45 81 24 65 72 18 65 13 85 39 77 38 38 84 44 88 78 14 44 91 28 47 69 5 99 32 59 90 42 64 97 83 55 88 40 72 37 40 71 17 11 26 48 12 79 64 44 94 42 24 34 89 47 26 46 31 95 87 26 97 38 7 23 30 84 32 88 98 54 16 84 87 16 79 36 7 2 9 83 12 79 81 93 40 7 27 74 77 65 35 27 83 39 92 9 
1 47 93 79 33 8 56 24 15 63 81 60 70 6 24 76 29 12 31 94 24 34 75 39 43 17 39 34 86 24 54 64 81 86 41 54 44 77 0 19 25 6 56 46 3 25 48 58 40 80 38 52 10 38 9 70 16 57 67 38 23 76 19 7 78 72 35 41 53 25 50 7 33 67 13 59 87 33 49 46 56 33 27 16 60 57 31 67 28 94 21 49 39 23 65 62 85 88 68 70 67 8 16 26 95 63 28 94 19 91 85 74 80 37 1 13 24 98 10 47 87 76 75 6 70 43 4 34 77 21 58 2 67 80 78 62 78 79 86 51 86 17 2 22 58 23 17 68 38 61 79 81 91 1 38 77 81 82 8 61 93 24 13 51 16 64 9 3 43 18 16 51 26 64 52 
61 1 96 34 75 51 6 69 10 57 16 85 86 73 69 78 77 29 88 79 62 75 67 87 2 86 40 90 44 56 71 39 53 14 38 41 80 60 19 0 55 28 45 59 80 5 12 37 22 93 10 91 22 13 46 98 29 40 3 48 71 51 19 92 93 37 83 74 57 66 5 48 39 80 76 19 50 64 71 55 43 70 42 21 17 1 40 68 36 22 87 52 91 65 4 9 60 2 10 62 25 38 96 71 52 83 84 74 6 58 19 46 63 87 79 87 67 51 22 94 73 71 77 81 37 69 37 77 45 48 45 52 21 3 47 77 37 46 15 25 85 72 31 94 96 12 51 73 69 95 80 63 49 83 36 13 82 32 71 3 71 86 26 25 53 37 2 90 52 96 63 42 68 67 43 
82 30 54 28 33 51 51 70 68 97 64 99 45 53 21 39 3 45 1 62 28 20 78 12 82 75 7 71 51 60 24 55 70 32 63 91 12 45 25 55 0 55 53 72 31 29 24 10 9 46 94 46 70 21 92 8 18 64 40 62 57 50 43 44 96 86 90 59 98 22 27 23 91 52 59 98 71 28 4 32 11 54 44 25 23 88 16 76 68 24 55 59 67 16 92 27 25 6 27 45 94 81 82 68 58 66 1 12 34 19 61 6 6 72 15 81 26 55 19 85 45 59 71 96 49 11 91 47 73 33 29 76 4 53 34 82 56 91 20 64 12 4 40 31 23 78 63 65 57 72 36 53 47 9 81 61 4 23 32 96 96 56 11 79 56 19 95 88 78 16 90 55 63 75 51 
9 64 10 52 98 33 93 62 82 94 65 42 71 10 14 76 61 3 88 36 16 94 61 20 48 33 9 15 43 41 43 87 55 47 59 44 78 93 6 28 55 0 78 56 67 37 63 37 14 66 53 27 73 90 93 92 48 99 13 54 43 17 49 21 8 85 24 77 38 16 5 16 9 49 37 67 78 19 45 39 12 30 97 74 6 94 31 45 2 39 5 33 86 71 61 4 13 68 12 14 29 4 98 71 29 75 90 16 42 14 2 52 77 84 72 56 10 81 8 28 45 6 47 79 96 70 51 65 88 61 33 88 28 45 45 44 25 19 76 80 1 55 47 95 2 20 71 71 35 63 10 5 63 49 47 49 91 81 11 71 26 20 9 65 3 73 65 94 20 74 67 32 66 65 69 
89 76 42 78 6 44 64 88 80 53 92 36 73 95 57 22 60 4 36 59 12 38 53 89 17 63 1 91 14 38 69 13 26 82 6 12 14 30 56 45 53 78 0 46 92 94 23 98 55 62 48 25 24 27 34 84 95 41 19 15 39 64 7 72 53 15 44 80 84 41 22 61 97 23 49 86 72 96 38 85 67 57 51 66 89 21 1 76 15 94 27 72 91 75 27 6 99 76 68 16 78 25 27 57 79 2 22 79 1 91 61 75 53 88 44 64 29 59 92 13 95 14 9 70 27 64 4 5 35 60 8 76 41 20 69 28 88 6 1 83 45 54 55 89 68 30 22 37 40 54 64 17 96 72 77 63 73 22 74 19 83 55 75 74 4 31 79 70 99 97 17 33 49 18 24 
14 36 58 31 1 42 53 67 4 25 21 57 13 98 30 16 73 11 46 32 86 90 50 51 69 7 88 80 8 3 62 22 42 67 80 74 95 57 46 59 72 56 46 0 76 94 92 65 89 64 71 60 96 28 55 36 30 29 33 54 98 78 81 77 84 4 89 70 58 89 81 48 19 35 70 77 85 33 27 1 75 20 45 29 4 53 93 58 9 62 11 20 28 99 7 36 54 9 22 87 31 96 69 13 52 23 21 94 33 91 96 2 38 25 83 1 7 68 82 5 13 15 59 5 85 94 50 22 41 82 18 67 54 47 33 9 33 75 32 60 50 12 12 55 9 10 73 90 96 73 48 74 77 12 70 58 95 45 4 22 65 32 44 37 87 60 16 40 69 2 15 83 78 69 32 
48 54 89 44 38 70 35 20 48 44 55 14 47 12 29 56 41 32 64 31 54 16 37 75 22 74 43 66 1 35 31 19 19 37 87 73 39 57 3 80 31 67 92 76 0 57 38 30 48 70 6 35 28 64 63 12 59 9 54 37 75 13 27 77 3 86 71 21 48 47 1 53 98 6 17 45 30 49 51 87 18 97 58 33 79 2 22 95 1 77 22 85 92 80 53 57 67 92 89 79 96 57 10 12 85 60 14 49 33 46 20 84 34 84 47 55 73 66 72 57 34 54 60 74 69 50 36 69 72 52 97 7 85 5 24 22 36 60 40 67 61 34 9 4 69 7 8 68 30 95 78 98 37 75 30 91 56 50 82 46 11 16 71 24 37 25 70 26 73 99 77 79 45 97 12 
73 94 94 47 73 2 99 37 71 52 24 12 83 99 92 69 16 92 9 49 91 13 61 92 62 38 19 14 6 70 73 46 12 53 75 32 1 68 25 5 29 37 94 94 57 0 11 84 94 53 31 31 63 22 23 43 57 96 93 38 44 86 96 73 95 2 17 27 2 98 53 60 54 80 56 76 96 85 29 55 14 8 16 84 35 52 44 91 76 79 52 58 30 69 61 50 81 3 4 79 88 73 26 40 10 44 57 65 10 2 82 16 87 84 80 64 93 6 82 65 28 19 16 12 71 92 52 6 69 21 53 60 37 3 69 27 22 45 43 43 49 54 5 17 50 21 20 34 65 85 46 35 36 89 25 61 13 82 37 39 16 86 90 84 43 90 67 97 75 40 95 1 11 33 2 
31 34 77 10 44 98 84 18 43 11 7 53 8 41 55 83 38 97 42 31 48 98 96 91 30 3 45 27 14 44 27 60 81 35 45 52 72 54 48 12 24 63 23 92 38 11 0 88 27 36 40 31 7 66 80 55 59 45 82 17 92 62 77 84 85 3 87 35 77 86 44 23 72 22 80 98 48 60 72 64 36 30 54 35 14 70 48 91 6 55 98 33 13 28 92 99 70 18 31 34 58 14 3 74 35 52 16 8 72 77 13 22 67 10 37 60 72 46 34 92 78 34 74 98 85 39 71 86 37 95 13 43 69 26 89 95 41 82 87 58 57 82 54 3 13 6 29 22 47 90 94 23 98 51 98 15 82 69 82 22 4 90 73 51 52 20 53 20 60 24 59 77 36 73 71 
72 3 83 68 25 52 78 22 6 95 25 67 30 92 29 69 8 30 15 97 61 65 48 41 45 46 44 52 9 91 36 61 4 32 11 59 27 18 58 37 10 37 98 65 30 84 88 0 31 81 90 52 63 50 44 13 97 51 33 35 55 84 91 46 46 9 53 79 90 22 64 32 6 72 8 39 9 60 94 72 94 98 83 2 67 43 99 47 60 59 58 16 83 44 11 61 59 51 67 65 34 68 53 59 48 91 24 15 8 32 63 78 4 19 9 45 94 90 68 26 88 21 1 38 72 87 74 26 33 91 32 99 64 10 33 67 69 77 65 35 2 25 65 17 5 87 78 24 72 81 22 94 61 48 99 19 83 15 28 62 27 69 80 85 76 60 9 3 81 25 63 33 61 96 45 
4 85 12 4 17 31 38 78 21 50 1 22 61 77 64 12 83 56 63 97 89 1 70 60 97 14 94 24 39 41 89 13 2 14 7 16 93 13 40 22 9 14 55 89 48 94 27 31 0 21 86 92 90 8 19 49 77 37 63 55 31 3 4 7 66 77 11 36 67 66 76 32 56 20 85 71 45 67 56 86 96 60 63 77 81 96 13 81 19 19 9 60 47 72 98 75 65 78 79 47 2 36 83 66 7 49 64 12 87 82 59 95 28 31 18 59 44 72 47 36 7 19 45 41 82 48 41 75 73 58 59 85 4 30 58 45 26 61 9 49 26 29 46 75 54 24 19 97 81 19 95 24 92 37 16 15 66 78 31 54 61 68 85 96 85 86 64 69 69 22 27 44 38 5 34 
71 84 37 68 97 83 90 27 58 19 49 82 83 88 82 37 39 30 11 21 30 70 35 3 67 42 6 94 67 84 95 29 18 48 33 49 77 53 80 93 46 66 62 64 70 53 36 81 21 0 41 45 95 32 57 57 99 85 15 28 19 77 13 25 55 49 48 44 62 8 20 47 20 80 59 95 61 54 14 31 29 3 76 93 44 30 91 80 48 35 29 10 53 25 73 89 88 1 24 17 15 90 44 7 76 37 42 22 2 85 35 88 86 72 15 83 4 10 45 26 49 88 70 94 78 35 76 40 28 14 46 90 19 2 38 69 21 31 84 97 89 12 42 76 73 6 87 44 38 98 76 40 94 34 15 78 97 18 73 83 97 37 63 13 80 58 84 24 86 32 20 96 52 69 16 
22 49 17 55 97 50 55 33 60 11 81 95 74 62 61 58 48 34 30 7 84 51 62 9 35 34 3 11 60 61 22 12 51 19 41 4 95 83 38 10 94 53 48 71 6 31 40 90 86 41 0 39 55 68 44 33 73 34 93 37 13 55 89 36 92 95 11 97 88 68 31 67 39 31 45 65 90 17 99 76 68 32 1 24 84 78 90 10 28 40 91 18 76 63 38 61 44 42 39 17 84 85 89 19 66 10 15 56 31 8 83 4 22 74 23 13 16 91 47 37 30 72 42 41 75 73 60 58 2 21 98 18 33 2 87 82 35 47 41 22 65 89 19 18 51 17 32 20 80 96 41 31 54 66 51 85 4 29 16 74 42 42 52 44 65 75 48 84 30 77 54 2 90 71 36 
50 55 31 98 42 82 5 9 55 62 29 35 47 3 70 28 61 42 31 75 51 48 33 76 89 4 63 73 98 46 61 14 91 26 9 26 89 94 52 91 46 27 25 60 35 31 31 52 92 45 39 0 4 4 7 7 88 36 61 30 77 76 42 8 42 32 34 15 89 91 68 11 77 50 20 21 55 74 71 39 36 51 53 42 93 99 13 84 59 29 71 43 25 5 91 25 86 74 29 88 98 57 15 10 20 65 73 1 93 95 38 42 30 56 50 19 16 58 60 89 86 41 89 73 97 83 33 61 42 60 62 83 38 23 48 88 14 24 74 28 3 54 9 6 81 11 71 41 66 36 73 66 52 40 68 28 52 37 69 8 27 39 9 82 11 64 16 80 59 22 6 2 15 81 35 
58 33 85 64 25 83 44 9 78 40 89 62 87 23 84 80 61 66 38 36 70 19 48 72 87 5 37 52 67 19 33 61 19 64 67 65 55 20 10 22 70 73 24 96 28 63 7 63 90 95 55 4 0 36 86 39 58 8 57 81 18 45 86 77 72 85 88 53 34 39 80 30 5 60 32 78 9 92 29 94 88 82 6 68 94 52 94 48 88 41 18 37 48 52 26 76 87 66 12 91 17 90 73 67 32 7 14 39 86 5 30 21 93 55 61 23 30 84 30 85 61 40 50 79 67 26 66 60 94 99 80 61 50 72 55 70 43 16 37 39 43 40 52 51 11 13 57 72 75 94 99 91 1 84 26 22 69 41 2 7 15 21 34 74 67 26 48 98 2 22 62 62 20 10 20 
4 29 58 81 22 96 12 21 25 7 2 92 85 83 73 2 49 50 98 37 39 69 19 30 78 31 95 30 6 69 91 83 46 87 96 29 17 61 38 13 21 90 27 28 64 22 66 50 8 32 68 4 36 0 44 13 79 79 38 75 8 7 64 98 90 83 88 92 1 16 72 31 82 88 53 48 54 49 63 12 11 54 51 71 53 64 50 18 45 29 96 89 50 43 38 23 88 86 20 5 40 24 27 11 20 43 64 90 34 86 64 57 89 26 85 54 35 60 45 22 94 90 59 60 8 71 71 50 13 4 82 3 42 43 19 36 64 60 33 94 58 28 77 89 8 6 88 43 65 78 74 46 4 70 77 97 99 27 54 78 8 31 65 71 72 23 48 65 92 97 98 75 36 10 38 
69 56 36 29 28 72 30 69 59 8 74 86 98 94 80 13 83 26 40 74 84 68 92 96 98 66 60 20 26 27 87 60 45 6 73 69 63 58 9 46 92 93 34 55 63 23 80 44 19 57 44 7 86 44 0 10 48 30 25 63 10 91 70 55 49 55 85 38 2 49 97 11 27 24 68 69 45 74 92 44 83 58 42 4 73 2 51 65 29 20 35 27 73 87 26 24 62 4 54 22 84 95 30 17 23 17 60 33 43 30 17 44 16 18 69 5 21 77 31 95 67 72 3 97 23 26 55 29 30 19 98 36 61 78 26 69 52 42 26 55 92 99 96 80 98 48 11 63 61 99 64 71 6 88 49 73 79 56 42 98 89 30 38 1 95 1 76 16 51 6 65 4 84 77 50 
25 83 42 38 47 22 77 83 80 80 22 61 48 99 49 2 9 86 11 39 75 67 92 11 39 70 84 3 89 61 19 88 49 24 58 60 74 34 70 98 8 92 84 36 12 43 55 13 49 57 33 7 39 13 10 0 79 64 20 74 91 58 48 68 66 11 1 95 8 57 12 51 16 32 62 56 13 82 62 48 72 36 37 96 98 65 24 93 1 66 97 90 75 78 89 88 49 5 57 4 74 73 72 14 76 63 43 81 32 47 71 30 18 48 38 13 62 61 33 58 33 86 23 10 44 70 98 39 5 38 74 6 34 75 18 9 16 30 53 17 36 66 21 99 39 91 13 5 63 68 54 10 26 22 35 24 21 50 99 53 98 40 3 98 50 99 21 7 70 32 4 96 32 12 22 
44 32 82 65 36 19 90 55 37 13 1 93 89 48 53 9 86 49 68 72 96 75 74 73 11 89 20 37 7 46 10 84 21 20 25 60 57 62 16 29 18 48 95 30 59 57 59 97 77 99 73 88 58 79 48 79 0 42 2 59 86 99 23 43 9 21 71 55 52 15 77 3 63 76 28 8 42 22 44 20 80 74 94 39 39 44 10 2 88 18 15 58 94 20 42 43 79 96 42 81 23 40 88 8 29 32 4 95 77 15 68 56 69 94 52 35 42 28 18 27 65 51 54 84 22 9 10 13 17 74 26 64 12 48 20 75 26 43 44 98 81 55 83 39 20 7 5 94 58 4 91 91 10 6 93 57 99 71 92 30 53 45 87 5 37 11 87 84 23 55 50 85 4 54 27 
77 29 3 38 63 47 33 86 81 1 77 99 74 30 93 90 69 54 55 57 48 70 82 64 22 75 24 23 16 59 30 3 92 31 95 84 54 89 57 40 64 99 41 29 9 96 45 51 37 85 34 36 8 79 30 64 42 0 33 1 16 79 54 29 25 83 16 59 26 67 1 61 86 68 18 50 80 74 19 41 92 78 95 62 81 84 4 2 45 38 63 63 22 25 97 60 8 58 97 79 28 32 97 46 38 59 43 29 96 21 23 40 2 1 13 28 6 55 66 26 8 6 59 99 20 68 62 30 98 90 62 50 96 52 73 12 74 43 99 79 98 83 60 67 34 7 39 11 17 33 14 86 39 16 91 2 48 96 63 69 36 2 85 76 38 57 62 27 14 79 27 31 46 72 96 
27 95 86 94 69 45 51 94 59 4 33 92 77 96 93 64 40 49 78 72 6 56 13 14 17 37 31 57 75 24 75 34 17 5 34 78 40 74 67 3 40 13 19 33 54 93 82 33 63 15 93 61 57 38 25 20 2 33 0 81 15 88 39 57 90 16 76 32 55 59 41 35 70 31 3 14 89 17 33 17 91 60 64 30 94 74 35 29 56 72 46 50 42 41 45 96 5 58 12 55 24 46 61 7 38 72 44 8 20 44 30 62 67 65 21 36 75 2 97 78 26 49 91 88 95 41 81 44 49 29 59 14 25 36 30 43 8 66 79 43 24 25 27 15 74 47 15 36 22 67 79 25 85 24 10 95 47 97 90 1 24 64 24 8 29 65 49 15 77 71 30 50 73 35 20 
53 75 94 19 63 92 52 75 52 52 41 75 88 99 97 91 64 1 46 68 60 66 42 36 79 66 18 99 60 2 31 92 36 8 48 5 19 80 38 48 62 54 15 54 37 38 17 35 55 28 37 30 81 75 63 74 59 1 81 0 97 25 94 20 91 1 79 85 58 67 29 83 6 64 71 5 30 69 38 99 45 54 50 14 27 74 71 96 44 5 12 49 11 51 94 96 2 53 59 68 97 57 58 72 93 71 1 40 3 19 73 41 31 52 58 63 44 14 35 36 17 63 96 86 97 66 66 67 85 70 79 65 43 29 1 95 56 25 27 4 19 12 86 96 11 66 91 13 8 60 52 77 23 34 19 37 47 23 33 54 44 95 31 31 16 97 33 85 41 32 35 66 35 75 16 
81 9 37 79 33 10 43 90 64 16 82 9 46 81 58 16 55 39 74 50 12 82 58 62 8 57 99 95 20 41 59 10 30 52 95 70 65 33 23 71 57 43 39 98 75 44 92 55 31 19 13 77 18 8 10 91 86 16 15 97 0 92 9 18 76 61 72 25 90 34 65 80 48 90 34 68 53 94 54 79 68 98 58 81 54 28 99 47 54 56 70 20 73 91 90 10 16 93 36 67 9 89 96 80 70 85 55 37 85 81 9 8 25 79 9 10 94 81 91 13 67 30 67 25 38 62 86 47 91 49 31 68 20 44 2 88 81 82 32 16 89 71 4 69 49 54 35 75 24 10 10 83 9 72 42 88 47 75 70 98 98 56 60 2 9 64 80 79 48 93 62 13 36 35 17 
42 33 47 71 46 5 24 24 74 68 84 76 37 2 95 86 14 8 69 62 36 51 71 28 54 78 40 59 51 14 40 3 8 99 53 67 79 61 76 51 50 17 64 78 13 86 62 84 3 77 55 76 45 7 91 58 99 79 88 25 92 0 99 12 16 82 89 75 46 76 78 95 6 49 69 69 54 49 11 47 1 87 62 62 46 55 94 16 64 17 66 40 98 37 85 21 67 46 46 66 78 8 39 20 53 60 33 29 25 39 89 73 91 94 68 79 86 2 43 54 3 12 75 61 92 90 42 11 57 14 78 19 26 3 97 1 98 87 29 91 3 2 85 94 57 7 66 6 10 18 88 18 13 76 6 10 44 1 86 89 18 64 27 29 88 2 78 34 81 16 48 78 74 38 25 
83 9 81 93 89 78 90 95 84 82 31 82 88 76 40 81 62 22 24 83 52 49 3 6 54 71 56 22 23 78 95 77 29 67 92 74 69 71 19 19 43 49 7 81 27 96 77 91 4 13 89 42 86 64 70 48 23 54 39 94 9 99 0 26 5 16 95 55 26 33 48 8 59 47 76 62 49 68 81 5 58 55 19 98 49 27 27 25 64 33 43 31 3 80 26 11 29 15 33 7 72 96 44 36 46 93 29 28 16 10 95 32 54 71 22 67 61 38 98 58 72 92 58 96 91 21 95 6 2 27 8 62 4 30 22 89 60 92 99 59 13 17 3 1 72 32 43 59 29 93 41 32 75 35 41 26 57 74 77 2 13 54 85 61 45 40 56 90 68 65 42 96 47 19 46 
16 85 28 53 43 64 44 91 89 60 88 28 40 2 91 85 41 6 82 99 85 5 35 49 68 17 24 35 3 63 26 44 7 65 12 44 59 19 7 92 44 21 72 77 77 73 84 46 7 25 36 8 77 98 55 68 43 29 57 20 18 12 26 0 87 94 11 34 57 32 4 21 35 67 96 25 75 40 73 88 7 34 52 84 23 17 16 82 70 70 66 78 64 56 97 70 52 55 10 17 53 26 22 58 26 50 52 47 95 90 33 38 39 4 3 38 6 7 63 87 90 44 25 95 67 36 88 87 64 17 95 28 44 11 83 45 37 8 77 43 44 16 75 32 49 87 11 22 92 24 45 25 27 86 27 43 97 18 76 18 43 53 54 74 88 97 41 7 1 4 80 94 33 35 28 
65 78 73 11 58 24 89 14 83 67 54 26 38 53 79 28 74 16 65 84 74 51 81 37 78 43 17 40 76 52 74 82 30 28 37 88 51 35 78 93 96 8 53 84 3 95 85 46 66 55 92 42 72 90 49 66 9 25 90 91 76 16 5 87 0 13 84 94 91 6 58 51 35 86 45 96 28 71 90 18 49 66 20 64 27 33 2 85 16 79 83 56 53 57 23 58 76 64 32 44 96 35 76 97 57 2 50 86 41 65 51 57 33 63 85 24 71 89 42 39 27 2 1 37 37 42 89 17 69 54 22 93 24 92 50 52 70 54 1 61 13 20 28 13 88 17 70 97 90 33 95 91 79 7 43 13 33 90 72 75 91 99 79 36 2 30 92 32 42 42 4 66 63 70 7 
69 51 29 33 26 96 96 12 56 16 34 87 7 93 62 94 75 78 82 86 13 57 67 83 13 98 10 55 76 95 74 18 98 96 7 84 54 74 72 37 86 85 15 4 86 2 3 9 77 49 95 32 85 83 55 11 21 83 16 1 61 82 16 94 13 0 69 7 46 50 41 52 89 14 24 42 36 19 70 15 61 88 67 23 73 28 11 56 21 71 26 95 25 88 13 70 19 45 12 47 15 51 76 65 88 30 64 67 8 1 18 46 61 11 39 53 10 13 42 24 71 58 76 24 55 91 2 51 75 9 65 70 76 97 87 14 29 62 78 98 30 64 57 86 63 97 8 28 63 74 18 86 86 93 61 31 20 8 3 44 59 17 49 29 63 99 7 75 60 53 9 5 44 75 51 
26 80 3 47 33 60 29 43 79 62 83 37 44 65 58 8 69 81 82 88 36 79 88 68 87 58 92 29 51 48 54 89 97 56 61 74 44 39 35 83 90 24 44 89 71 17 87 53 11 48 11 34 88 88 85 1 71 16 76 79 72 89 95 11 84 69 0 96 22 11 65 67 69 52 91 96 6 37 37 44 66 68 26 28 3 47 27 78 45 79 84 78 47 30 49 64 13 60 46 49 67 13 45 69 64 8 4 30 87 63 63 36 8 43 56 76 97 66 88 49 2 58 81 53 46 96 22 90 74 8 1 15 34 59 79 68 48 54 23 95 58 18 17 7 34 95 16 49 53 95 18 53 31 3 38 51 57 91 67 66 87 6 15 12 43 79 15 85 1 4 60 72 93 49 10 
99 42 14 64 34 65 65 11 71 65 23 15 59 76 6 15 25 64 33 48 17 39 72 7 86 94 31 12 42 62 76 54 95 1 30 79 48 72 41 74 59 77 80 70 21 27 35 79 36 44 97 15 53 92 38 95 55 59 32 85 25 75 55 34 94 7 96 0 8 24 23 99 7 33 88 69 83 97 12 26 89 94 96 16 94 72 80 68 70 6 42 61 86 18 39 93 2 16 50 24 41 36 75 41 36 50 29 87 31 40 16 89 40 34 81 23 65 87 77 7 11 80 29 47 24 44 62 44 65 1 75 97 1 1 32 75 41 12 72 60 76 6 20 31 95 45 26 70 32 75 30 91 5 59 79 85 85 28 65 1 3 6 19 62 73 65 43 74 89 51 67 48 95 6 41 
88 65 42 94 7 83 87 89 28 20 4 4 2 79 77 76 26 98 94 1 10 11 15 39 29 6 49 60 9 58 78 51 3 44 50 63 51 23 53 57 98 38 84 58 48 2 77 90 67 62 88 89 34 1 2 8 52 26 55 58 90 46 26 57 91 46 22 8 0 92 34 80 6 78 67 31 16 45 33 76 45 5 16 11 14 72 54 14 57 23 59 48 64 51 25 48 19 83 15 15 83 20 35 77 67 39 72 54 12 64 41 15 25 80 68 73 31 31 98 86 14 70 82 78 5 26 60 27 24 62 39 89 83 85 14 89 91 73 48 52 98 64 29 28 60 95 79 60 51 11 92 85 23 38 30 13 21 67 53 16 3 42 58 2 98 63 46 44 4 48 88 5 40 69 6 
8 84 37 19 66 32 59 25 24 45 35 93 84 63 26 13 34 31 15 66 85 95 27 19 14 90 50 3 48 65 61 76 89 44 56 5 48 16 25 66 22 16 41 89 47 98 86 22 66 8 68 91 39 16 49 57 15 67 59 67 34 76 33 32 6 50 11 24 92 0 72 60 8 34 58 90 58 72 29 48 5 62 52 2 91 75 25 41 97 37 52 88 84 68 3 68 65 28 21 28 15 18 77 92 11 90 59 75 8 40 3 68 57 44 98 33 61 25 2 26 64 15 11 59 48 39 14 76 43 43 55 41 97 57 99 70 1 17 51 49 12 79 15 32 33 83 99 73 45 27 30 96 33 59 11 28 84 46 3 54 45 78 98 32 80 17 32 51 90 8 60 51 15 90 58 
27 25 41 37 52 2 89 48 54 88 50 85 30 77 80 62 19 33 31 22 59 25 40 72 62 88 38 4 84 98 27 7 91 91 7 73 88 55 50 5 27 5 22 81 1 53 44 64 76 20 31 68 80 72 97 12 77 1 41 29 65 78 48 4 58 41 65 23 34 72 0 44 43 95 78 29 55 69 39 61 27 98 20 94 60 20 36 90 92 21 69 41 76 79 15 48 74 15 1 65 24 89 69 46 52 43 90 35 86 85 59 67 59 89 88 47 64 69 45 33 60 23 8 26 81 78 66 89 32 53 3 26 5 67 87 23 31 58 76 38 59 34 57 83 33 74 76 89 40 66 89 74 42 59 76 92 27 93 29 73 8 76 55 16 62 87 24 20 75 25 88 68 53 12 17 
26 21 19 30 32 85 52 69 70 62 89 73 49 49 94 21 79 73 39 22 49 40 91 54 7 30 52 87 28 24 7 37 61 63 41 41 95 28 7 48 23 16 61 48 53 60 23 32 32 47 67 11 30 31 11 51 3 61 35 83 80 95 8 21 51 52 67 99 80 60 44 0 70 24 40 38 35 30 73 58 96 4 16 3 4 23 86 14 84 11 57 93 41 40 45 67 75 77 29 67 14 11 65 63 75 3 24 56 50 10 81 12 5 33 88 6 55 94 49 3 52 29 86 30 61 47 18 49 93 43 12 35 91 20 18 92 3 88 94 98 68 12 70 60 17 71 4 39 40 64 74 11 80 15 32 97 98 30 21 56 72 99 31 85 97 35 95 6 11 54 94 67 58 87 21 
23 45 98 40 8 79 23 44 69 22 71 44 56 37 38 38 47 45 97 40 22 59 59 16 58 96 22 11 10 2 85 95 70 65 64 98 55 24 33 39 91 9 97 19 98 54 72 6 56 20 39 77 5 82 27 16 63 86 70 6 48 6 59 35 35 89 69 7 6 8 43 70 0 47 33 35 94 56 41 70 14 75 27 56 69 86 72 21 6 88 61 82 91 58 73 95 29 93 22 2 63 54 12 21 36 29 81 15 48 15 90 58 78 24 79 68 79 29 65 85 44 50 77 55 24 4 79 74 85 55 79 30 49 41 81 87 38 2 9 48 90 77 85 11 31 95 15 14 83 25 33 17 79 53 25 86 9 69 50 12 11 18 12 34 90 40 78 62 67 51 77 84 72 6 33 
10 16 39 29 14 69 11 92 24 1 38 9 46 50 45 63 79 41 88 77 48 56 46 53 46 70 1 28 71 3 68 17 1 5 8 13 75 27 67 80 52 49 23 35 6 80 22 72 20 80 31 50 60 88 24 32 76 68 31 64 90 49 47 67 86 14 52 33 78 34 95 24 47 0 61 42 79 84 7 38 41 15 38 29 40 80 77 55 77 16 75 43 56 64 61 7 62 46 81 91 15 72 88 10 85 72 64 65 51 14 37 43 58 9 68 92 36 62 63 30 60 3 25 75 38 87 31 44 83 71 21 84 90 61 71 53 5 94 95 5 84 15 63 8 8 49 21 83 3 82 76 52 93 98 54 32 59 47 52 5 4 25 3 31 55 29 28 42 40 39 23 84 32 17 5 
68 31 64 55 4 55 32 14 47 64 34 56 9 15 61 67 8 68 1 61 72 1 83 47 62 87 32 2 19 68 78 77 87 7 76 19 66 12 13 76 59 37 49 70 17 56 80 8 85 59 45 20 32 53 68 62 28 18 3 71 34 69 76 96 45 24 91 88 67 58 78 40 33 61 0 44 32 95 81 26 36 44 65 65 98 32 24 61 22 74 25 12 98 25 8 43 90 66 59 79 59 13 18 35 80 9 34 56 21 13 65 36 13 17 49 35 84 72 46 21 55 20 88 27 90 98 80 87 7 69 22 45 50 97 12 43 62 18 18 44 5 20 6 51 33 42 84 13 12 28 60 89 63 74 84 16 49 89 61 67 99 28 8 86 28 9 42 28 41 83 93 21 91 27 93 
24 92 47 30 29 26 10 7 40 95 13 18 35 74 16 34 78 25 38 3 57 39 85 98 52 42 94 62 79 84 34 99 15 25 27 55 4 61 59 19 98 67 86 77 45 76 98 39 71 95 65 21 78 48 69 56 8 50 14 5 68 69 62 25 96 42 96 69 31 90 29 38 35 42 44 0 83 56 21 21 19 44 43 91 11 19 51 86 2 39 9 17 42 46 79 68 57 68 5 71 57 86 18 80 80 75 2 28 87 63 22 99 16 61 30 76 88 54 79 66 65 40 67 37 15 96 43 3 61 36 51 86 51 82 92 7 72 13 9 17 19 56 49 31 6 66 36 50 92 34 43 86 36 16 52 37 9 38 31 86 42 77 64 95 42 56 83 12 23 49 28 73 4 36 49 
28 15 90 56 16 84 7 3 67 85 38 61 30 22 93 58 9 79 67 41 52 94 53 75 94 82 19 71 70 5 92 63 69 24 56 36 45 31 87 50 71 78 72 85 30 96 48 9 45 61 90 55 9 54 45 13 42 80 89 30 53 54 49 75 28 36 6 83 16 58 55 35 94 79 32 83 0 80 45 45 8 28 54 35 38 45 30 9 97 70 9 65 90 28 63 80 81 69 68 92 82 67 74 10 82 11 57 98 85 75 41 1 45 28 24 69 12 33 48 21 62 69 22 75 91 98 73 72 17 40 38 60 75 75 4 87 94 62 42 71 31 84 82 80 65 20 62 94 65 58 63 66 71 36 65 33 33 42 91 60 92 81 48 77 40 84 65 86 69 70 26 68 16 9 93 
38 20 3 91 30 28 31 68 78 2 80 33 1 33 42 75 39 68 43 78 68 86 14 54 7 52 40 13 62 9 52 23 74 28 32 20 12 62 33 64 28 19 96 33 49 85 60 60 67 54 17 74 92 49 74 82 22 74 17 69 94 49 68 40 71 19 37 97 45 72 69 30 56 84 95 56 80 0 99 66 40 32 84 26 84 23 99 76 33 62 50 94 97 95 7 24 21 88 90 4 62 49 59 32 59 25 39 73 17 8 67 20 44 97 90 74 4 11 33 2 98 76 96 96 79 36 54 43 79 39 88 24 13 5 95 1 90 43 56 95 42 76 92 18 1 46 97 54 15 17 97 83 59 93 95 47 23 8 37 55 96 25 92 75 40 17 57 54 29 39 94 95 70 3 42 
58 27 99 28 67 57 68 94 27 85 66 99 80 72 64 73 50 51 62 44 4 96 10 4 58 47 45 31 84 78 37 71 16 31 83 32 53 98 49 71 4 45 38 27 51 29 72 94 56 14 99 71 29 63 92 62 44 19 33 38 54 11 81 73 90 70 37 12 33 29 39 73 41 7 81 21 45 99 0 33 62 59 88 96 17 79 55 17 42 91 24 45 69 92 30 15 16 21 95 22 39 63 83 58 84 24 74 69 86 75 30 68 56 27 9 51 61 75 5 20 54 95 27 48 63 60 69 47 29 1 24 96 18 93 73 43 15 52 35 47 6 61 54 62 24 23 98 58 9 32 32 57 38 36 41 30 77 12 28 19 64 3 19 23 13 6 89 20 13 25 53 54 4 34 75 
84 87 29 61 62 93 19 5 25 61 7 84 20 1 8 6 15 49 19 84 93 71 26 25 41 59 50 68 36 15 34 70 87 69 96 10 57 74 46 55 32 39 85 1 87 55 64 72 86 31 76 39 94 12 44 48 20 41 17 99 79 47 5 88 18 15 44 26 76 48 61 58 70 38 26 21 45 66 33 0 35 24 61 1 29 71 68 70 10 14 62 23 6 72 18 38 7 29 58 78 55 13 40 93 49 79 81 60 29 83 18 64 8 48 85 90 19 53 30 13 28 60 1 8 82 3 73 58 76 47 9 82 37 88 72 58 53 38 72 73 68 99 59 36 59 47 83 1 2 76 88 42 99 22 20 37 55 49 72 64 18 22 25 8 75 66 16 41 6 16 10 93 8 7 51 
39 8 79 13 84 9 13 29 18 77 80 28 5 47 3 1 18 36 1 60 51 74 48 44 8 40 45 80 36 14 84 83 90 26 55 71 41 45 56 43 11 12 67 75 18 14 36 94 96 29 68 36 88 11 83 72 80 92 91 45 68 1 58 7 49 61 66 89 45 5 27 96 14 41 36 19 8 40 62 35 0 90 17 65 43 93 15 99 43 44 41 88 87 51 27 92 11 34 67 40 37 47 54 63 40 94 38 2 97 37 97 89 49 20 75 33 84 1 20 55 92 73 29 50 36 78 3 63 73 70 8 2 14 90 33 49 77 25 5 82 12 4 82 44 31 78 85 34 44 14 40 11 49 85 62 24 12 24 77 81 13 87 73 7 88 50 93 98 17 74 65 26 60 47 73 
9 54 76 18 97 56 74 36 88 23 93 96 72 25 47 3 46 53 46 67 54 56 65 26 5 84 24 62 57 99 41 16 45 94 78 30 15 81 33 70 54 30 57 20 97 8 30 98 60 3 32 51 82 54 58 36 74 78 60 54 98 87 55 34 66 88 68 94 5 62 98 4 75 15 44 44 28 32 59 24 90 0 43 19 72 78 52 26 47 5 43 21 36 79 1 69 20 21 1 9 89 72 79 37 51 60 9 62 8 88 27 77 21 3 4 30 17 17 6 49 71 44 7 54 54 59 2 64 29 65 87 16 59 58 24 2 49 74 14 72 73 15 38 71 92 72 33 9 4 6 48 66 31 44 76 73 93 27 25 31 78 51 43 94 2 24 11 12 7 77 4 20 70 62 46 
33 48 59 72 59 77 75 83 2 15 4 53 2 81 76 5 58 32 83 79 88 16 89 27 93 16 37 58 54 7 14 96 68 51 77 33 39 24 27 42 44 97 51 45 58 16 54 83 63 76 1 53 6 51 42 37 94 95 64 50 58 62 19 52 20 67 26 96 16 52 20 16 27 38 65 43 54 84 88 61 17 43 0 32 11 84 1 34 53 15 65 87 98 69 53 27 22 49 80 55 68 77 44 33 46 61 33 25 45 96 87 49 20 90 84 25 90 49 99 10 30 10 42 89 76 47 67 77 74 77 99 41 41 9 45 1 14 51 90 98 47 19 14 34 83 37 75 94 93 37 79 70 36 64 96 31 94 1 8 69 37 40 17 39 33 88 58 61 30 51 54 74 82 6 85 
35 61 43 92 83 47 92 78 46 25 33 51 9 38 53 65 78 2 95 86 80 97 40 2 8 76 82 8 23 96 65 19 16 68 7 86 98 65 16 21 25 74 66 29 33 84 35 2 77 93 24 42 68 71 4 96 39 62 30 14 81 62 98 84 64 23 28 16 11 2 94 3 56 29 65 91 35 26 96 1 65 19 32 0 29 70 85 62 34 93 41 83 74 45 58 97 10 2 83 85 84 24 52 65 39 37 21 10 83 44 69 20 58 86 30 35 31 14 33 56 91 41 66 68 73 85 33 11 88 67 65 55 82 6 4 81 72 38 95 23 55 54 34 87 41 60 41 35 60 51 3 12 26 41 39 43 56 60 17 33 28 42 84 40 37 83 70 60 77 34 96 17 86 69 9 
11 35 27 8 35 50 66 47 59 47 86 81 27 17 67 58 88 65 72 51 93 50 86 7 19 94 90 43 14 69 52 22 51 3 96 95 14 72 60 17 23 6 89 4 79 35 14 67 81 44 84 93 94 53 73 98 39 81 94 27 54 46 49 23 27 73 3 94 14 91 60 4 69 40 98 11 38 84 17 29 43 72 11 29 0 35 13 39 37 34 93 80 53 31 6 73 67 66 28 72 26 57 26 37 19 27 57 57 82 28 73 82 28 79 2 34 82 17 30 9 91 47 16 2 96 1 19 71 88 28 67 24 23 54 33 22 43 59 36 30 86 92 5 8 68 30 53 26 1 93 37 78 37 88 85 19 41 84 29 29 52 81 8 3 93 85 44 27 75 50 30 55 33 68 42 
24 33 22 84 31 12 86 79 22 33 45 92 41 53 26 36 27 32 71 23 40 56 22 19 52 94 70 4 49 98 74 10 35 99 91 87 47 18 57 1 88 94 21 53 2 52 70 43 96 30 78 99 52 64 2 65 44 84 74 74 28 55 27 17 33 28 47 72 72 75 20 23 86 80 32 19 45 23 79 71 93 78 84 70 35 0 38 25 57 38 93 69 3 73 44 54 95 82 30 29 69 75 60 50 68 21 25 23 1 7 3 19 26 16 32 63 19 62 55 89 29 63 4 83 80 31 2 62 37 29 73 24 57 12 39 65 77 39 88 3 85 41 29 82 22 38 95 64 40 89 31 71 18 34 38 23 87 11 11 21 67 45 4 37 22 43 68 64 43 68 17 94 31 45 76 
16 20 59 57 58 9 54 7 18 81 30 80 90 69 38 31 32 19 97 38 81 7 46 35 73 53 75 54 22 87 7 3 53 86 79 85 62 65 31 40 16 31 1 93 22 44 48 99 13 91 90 13 94 50 51 24 10 4 35 71 99 94 27 16 2 11 27 80 54 25 36 86 72 77 24 51 30 99 55 68 15 52 1 85 13 38 0 80 43 79 3 77 39 83 20 36 13 96 9 10 99 7 57 63 9 19 95 4 69 8 58 11 25 42 57 5 38 19 18 66 25 80 4 38 64 74 96 41 14 39 35 80 45 49 7 29 11 27 45 87 58 69 7 94 69 91 82 90 49 98 46 66 54 90 93 84 19 26 7 80 7 4 58 32 26 82 60 10 13 49 5 47 34 38 11 
88 68 17 52 97 62 43 92 57 71 47 27 33 93 4 5 59 67 54 14 83 33 45 32 3 57 86 90 8 29 57 79 15 57 58 84 6 13 67 68 76 45 76 58 95 91 91 47 81 80 10 84 48 18 65 93 2 2 29 96 47 16 25 82 85 56 78 68 14 41 90 14 21 55 61 86 9 76 17 70 99 26 34 62 39 25 80 0 64 97 23 22 25 82 7 56 71 13 59 10 66 3 44 5 6 51 54 89 42 15 51 79 93 94 73 33 53 85 6 90 27 96 12 43 16 75 27 81 52 30 80 73 99 31 29 59 33 4 33 39 28 68 30 58 55 67 56 86 52 26 10 54 86 14 78 71 14 68 79 59 74 16 63 19 85 21 66 8 54 9 33 89 51 41 37 
26 25 93 33 50 75 7 81 34 55 68 38 71 91 26 76 24 16 1 16 83 30 89 97 83 26 69 13 7 74 22 79 71 19 14 12 62 85 28 36 68 2 15 9 1 76 6 60 19 48 28 59 88 45 29 1 88 45 56 44 54 64 64 70 16 21 45 70 57 97 92 84 6 77 22 2 97 33 42 10 43 47 53 34 37 57 43 64 0 43 4 37 59 49 98 34 69 78 28 40 22 30 76 43 50 6 70 19 99 97 22 54 33 42 97 28 28 76 97 22 22 81 79 45 81 8 3 46 55 66 60 52 56 13 77 39 13 11 12 47 57 63 99 70 79 19 18 56 65 58 88 59 49 22 77 92 44 43 76 22 91 66 83 6 76 16 6 83 79 97 89 28 39 59 7 
72 84 38 77 47 24 10 21 44 25 67 25 97 8 85 81 38 44 43 85 3 94 84 81 47 80 62 75 78 35 60 7 31 13 84 85 15 39 94 22 24 39 94 62 77 79 55 59 19 35 40 29 41 29 20 66 18 38 72 5 56 17 33 70 79 71 79 6 23 37 21 11 88 16 74 39 70 62 91 14 44 5 15 93 34 38 79 97 43 0 16 67 11 91 92 21 25 80 77 82 89 13 74 54 21 35 4 62 73 62 60 45 36 80 64 64 88 79 83 10 32 41 71 15 84 16 24 26 86 32 13 5 4 80 45 31 66 22 36 65 10 82 81 43 13 57 78 76 15 70 21 93 11 8 31 48 34 4 4 55 85 89 78 87 39 65 52 89 66 55 20 3 99 54 64 
93 95 12 63 84 89 37 24 76 78 29 57 8 61 65 15 43 40 41 47 31 79 69 99 19 37 44 76 29 84 31 97 29 25 24 97 78 77 21 87 55 5 27 11 22 52 98 58 9 29 91 71 18 96 35 97 15 63 46 12 70 66 43 66 83 26 84 42 59 52 69 57 61 75 25 9 9 50 24 62 41 43 65 41 93 93 3 23 4 16 0 40 47 41 59 10 6 16 73 77 99 16 22 88 34 13 54 49 76 44 34 34 20 91 34 85 43 78 74 11 21 75 62 86 42 15 26 61 78 90 90 18 1 72 39 80 1 53 2 24 17 20 55 99 4 72 87 44 42 15 91 11 87 29 90 27 99 96 65 39 44 68 93 19 89 37 39 77 79 87 99 50 5 92 99 
75 39 23 52 42 90 88 64 99 90 58 41 39 10 1 3 94 21 40 39 86 20 68 44 87 5 47 60 44 59 46 60 93 38 21 96 66 38 49 52 59 33 72 20 85 58 33 16 60 10 18 43 37 89 27 90 58 63 50 49 20 40 31 78 56 95 78 61 48 88 41 93 82 43 12 17 65 94 45 23 88 21 87 83 80 69 77 22 37 67 40 0 37 48 41 65 76 51 20 69 37 52 11 92 52 93 85 14 83 87 26 20 74 13 11 14 75 79 27 86 79 65 98 51 30 62 45 17 57 51 31 7 15 92 63 72 88 71 27 31 51 2 39 71 67 74 57 26 24 74 8 94 85 63 66 70 90 48 80 67 58 9 18 42 69 16 21 3 36 22 48 49 83 98 45 
63 48 7 97 21 83 60 72 3 36 85 53 82 35 53 53 90 2 25 90 48 29 71 52 30 83 54 35 85 49 69 37 73 70 66 83 93 38 39 91 67 86 91 28 92 30 13 83 47 53 76 25 48 50 73 75 94 22 42 11 73 98 3 64 53 25 47 86 64 84 76 41 91 56 98 42 90 97 69 6 87 36 98 74 53 3 39 25 59 11 47 37 0 63 51 29 72 87 12 41 90 53 41 40 88 74 56 24 66 40 31 59 84 14 81 13 63 8 38 26 84 75 76 73 50 59 71 67 91 41 94 37 84 48 18 66 76 44 94 83 61 73 51 25 15 23 29 46 37 79 29 47 16 71 38 31 76 12 21 91 86 73 45 4 31 63 77 44 71 87 17 3 55 24 2 
47 6 97 31 41 83 9 7 97 58 44 39 30 64 82 55 82 1 41 55 66 79 36 37 36 95 75 70 71 10 58 26 35 65 91 29 48 84 23 65 16 71 75 99 80 69 28 44 72 25 63 5 52 43 87 78 20 25 41 51 91 37 80 56 57 88 30 18 51 68 79 40 58 64 25 46 28 95 92 72 51 79 69 45 31 73 83 82 49 91 41 48 63 0 23 11 33 98 15 34 76 67 37 37 27 59 54 40 34 27 66 30 31 38 3 24 83 24 55 65 38 47 80 76 10 9 69 87 86 53 59 49 15 8 86 6 90 36 42 48 86 64 88 4 71 41 42 86 42 19 33 28 86 36 61 68 12 44 13 64 21 93 63 71 14 19 92 25 8 82 13 29 57 32 91 
33 80 15 23 51 6 54 22 91 32 95 20 4 67 47 16 97 46 93 28 42 42 35 83 12 12 13 51 98 15 20 6 60 59 85 90 77 44 65 4 92 61 27 7 53 61 92 11 98 73 38 91 26 38 26 89 42 97 45 94 90 85 26 97 23 13 49 39 25 3 15 45 73 61 8 79 63 7 30 18 27 1 53 58 6 44 20 7 98 92 59 41 51 23 0 53 82 78 34 72 23 81 66 66 72 32 31 99 25 15 47 60 84 99 32 54 45 95 43 85 98 31 48 71 70 18 55 52 30 96 11 84 28 41 60 56 80 30 32 29 62 58 23 45 92 88 79 43 86 44 80 62 48 84 58 34 37 74 80 50 66 12 47 48 68 79 49 1 9 43 70 65 37 63 53 
89 64 88 6 5 43 88 65 84 40 94 45 75 69 85 97 27 83 73 30 57 93 25 9 53 43 36 98 29 32 83 62 15 1 55 37 14 88 62 9 27 4 6 36 57 50 99 61 75 89 61 25 76 23 24 88 43 60 96 96 10 21 11 70 58 70 64 93 48 68 48 67 95 7 43 68 80 24 15 38 92 69 27 97 73 54 36 56 34 21 10 65 29 11 53 0 92 69 77 11 92 47 38 36 92 92 65 83 35 48 62 81 28 1 88 70 69 42 30 42 63 37 59 53 94 77 41 27 75 63 12 85 42 1 62 70 7 31 55 40 99 95 47 78 38 49 27 4 48 82 88 1 71 46 4 1 55 5 46 47 73 47 94 4 98 23 47 16 40 58 72 68 53 52 18 
24 88 76 92 10 47 19 51 27 15 21 21 51 14 18 89 47 30 32 49 42 25 62 3 77 23 18 93 74 25 32 9 81 65 67 18 6 78 85 60 25 13 99 54 67 81 70 59 65 88 44 86 87 88 62 49 79 8 5 2 16 67 29 52 76 19 13 2 19 65 74 75 29 62 90 57 81 21 16 7 11 20 22 10 67 95 13 71 69 25 6 76 72 33 82 92 0 68 20 57 35 6 33 35 82 89 73 19 14 6 6 30 33 31 66 57 73 13 35 16 9 25 82 22 13 27 78 76 72 9 59 3 17 70 19 91 68 98 76 14 87 74 23 72 81 24 26 4 2 54 11 22 18 88 70 66 39 17 11 98 19 47 29 55 91 94 79 45 65 27 76 19 17 73 41 
56 33 36 96 1 22 22 91 27 94 53 64 92 67 55 1 19 27 5 16 80 90 88 20 38 85 12 22 90 25 71 7 13 14 84 96 23 14 88 2 6 68 76 9 92 3 18 51 78 1 42 74 66 86 4 5 96 58 58 53 93 46 15 55 64 45 60 16 83 28 15 77 93 46 66 68 69 88 21 29 34 21 49 2 66 82 96 13 78 80 16 51 87 98 78 69 68 0 83 55 52 5 87 32 15 73 98 1 96 44 61 71 15 35 9 29 37 79 6 30 12 15 57 20 3 97 55 60 30 7 97 73 2 46 43 82 5 56 76 29 70 56 21 86 83 42 36 77 33 5 92 78 76 41 27 31 81 76 41 84 65 8 53 66 55 82 89 54 70 92 60 59 61 83 90 
66 43 64 23 91 52 68 10 53 49 32 22 17 92 36 60 25 8 30 74 45 11 74 63 79 29 5 86 7 23 61 21 87 22 88 22 42 44 68 10 27 12 68 22 89 4 31 67 79 24 39 29 12 20 54 57 42 97 12 59 36 46 33 10 32 12 46 50 15 21 1 29 22 81 59 5 68 90 95 58 67 1 80 83 28 30 9 59 28 77 73 20 12 15 34 77 20 83 0 9 82 25 57 31 60 77 88 97 10 82 45 56 68 86 61 37 91 25 16 41 73 89 24 9 92 22 97 71 39 21 93 32 32 63 33 68 86 79 34 70 18 85 78 75 46 7 30 49 61 20 10 97 55 63 27 74 81 44 9 66 85 83 46 22 60 70 13 18 99 8 63 46 17 95 29 
78 75 33 77 22 74 15 93 56 14 26 66 50 1 79 63 40 53 36 30 95 70 21 95 70 57 88 76 54 75 76 57 64 38 38 11 7 91 70 62 45 14 16 87 79 79 34 65 47 17 17 88 91 5 22 4 81 79 55 68 67 66 7 17 44 47 49 24 15 28 65 67 2 91 79 71 92 4 22 78 40 9 55 85 72 29 10 10 40 82 77 69 41 34 72 11 57 55 9 0 35 47 76 55 94 17 73 53 37 18 71 45 44 62 95 38 27 60 48 86 36 88 61 59 48 97 97 35 25 23 94 97 23 5 23 15 16 53 2 36 20 36 60 81 98 10 76 58 25 38 27 85 55 43 27 84 67 49 61 13 88 23 37 94 10 62 49 97 75 83 26 6 79 37 15 
4 67 92 23 75 43 21 68 8 20 64 69 43 35 61 2 76 4 36 52 80 16 77 76 25 33 27 44 14 26 34 14 86 99 17 80 16 28 67 25 94 29 78 31 96 88 58 34 2 15 84 98 17 40 84 74 23 28 24 97 9 78 72 53 96 15 67 41 83 15 24 14 63 15 59 57 82 62 39 55 37 89 68 84 26 69 99 66 22 89 99 37 90 76 23 92 35 52 82 35 0 95 47 83 18 71 68 36 74 13 69 65 37 55 83 62 59 66 69 85 92 82 35 5 39 37 88 27 21 12 69 40 95 57 24 52 70 26 6 5 7 84 2 82 48 25 2 67 22 72 3 80 55 4 23 59 29 54 58 35 64 85 15 14 21 19 32 25 65 4 81 70 5 80 58 
1 89 50 19 22 14 86 86 63 16 53 93 71 71 51 92 40 22 49 50 87 47 73 26 70 59 66 4 73 20 18 94 79 15 8 62 31 47 8 38 81 4 25 96 57 73 14 68 36 90 85 57 90 24 95 73 40 32 46 57 89 8 96 26 35 51 13 36 20 18 89 11 54 72 13 86 67 49 63 13 47 72 77 24 57 75 7 3 30 13 16 52 53 67 81 47 6 5 25 47 95 0 2 47 56 13 41 88 42 97 59 40 77 56 47 68 61 99 30 84 94 45 48 64 81 95 29 42 20 53 37 47 73 73 97 62 56 23 11 8 59 21 70 48 70 8 97 72 3 26 6 23 66 85 94 50 60 41 61 38 19 61 12 86 41 21 79 3 56 92 77 75 90 83 37 
78 99 1 94 34 19 10 34 32 98 60 19 9 17 47 68 7 84 31 89 34 30 59 36 30 87 17 85 55 97 79 4 3 18 81 40 47 69 16 96 82 98 27 69 10 26 3 53 83 44 89 15 73 27 30 72 88 97 61 58 96 39 44 22 76 76 45 75 35 77 69 65 12 88 18 18 74 59 83 40 54 79 44 52 26 60 57 44 76 74 22 11 41 37 66 38 33 87 57 76 47 2 0 78 13 26 93 64 5 95 55 7 34 12 43 12 55 93 45 59 21 51 35 72 4 68 79 18 63 17 87 55 65 91 23 34 83 52 13 26 78 3 50 71 23 43 23 21 64 87 76 30 19 23 20 85 7 83 12 70 2 83 49 5 5 84 84 36 77 88 7 10 58 4 37 
7 31 23 30 39 24 43 72 80 42 18 69 32 38 24 82 69 80 48 65 55 45 56 80 78 69 76 7 90 75 97 79 10 91 69 89 93 5 26 71 68 71 57 13 12 40 74 59 66 7 19 10 67 11 17 14 8 46 7 72 80 20 36 58 97 65 69 41 77 92 46 63 21 10 35 80 10 32 58 93 63 37 33 65 37 50 63 5 43 54 88 92 40 37 66 36 35 32 31 55 83 47 78 0 40 32 43 63 31 88 58 66 86 1 2 53 5 7 94 45 67 5 48 48 48 37 26 20 39 76 86 95 2 56 84 98 68 18 19 87 3 63 91 10 98 78 50 46 8 91 87 97 68 50 6 85 47 74 73 82 9 86 64 95 54 45 26 93 41 8 63 66 15 56 38 
53 18 98 19 38 46 67 9 93 36 23 17 26 18 66 42 40 63 1 14 16 20 16 63 25 67 26 2 51 62 1 6 76 90 16 91 33 99 95 52 58 29 79 52 85 10 35 48 7 76 66 20 32 20 23 76 29 38 38 93 70 53 46 26 57 88 64 36 67 11 52 75 36 85 80 80 82 59 84 49 40 51 46 39 19 68 9 6 50 21 34 52 88 27 72 92 82 15 60 94 18 56 13 40 0 67 44 65 85 18 72 19 83 38 92 76 93 19 31 60 35 75 65 88 48 46 52 84 7 49 54 81 25 17 14 15 60 93 87 22 18 18 31 43 29 6 83 90 21 36 81 73 11 36 17 35 74 86 54 75 72 49 56 21 79 6 38 13 40 28 50 34 96 55 51 
86 69 71 53 44 96 21 52 77 26 55 79 35 39 1 84 47 70 80 53 28 84 83 77 43 23 64 66 49 86 83 82 31 23 16 72 19 32 63 83 66 75 2 23 60 44 52 91 49 37 10 65 7 43 17 63 32 59 72 71 85 60 93 50 2 30 8 50 39 90 43 3 29 72 9 75 11 25 24 79 94 60 61 37 27 21 19 51 6 35 13 93 74 59 32 92 89 73 77 17 71 13 26 32 67 0 49 84 97 62 5 83 84 94 56 63 57 91 61 39 72 70 13 28 19 54 35 93 83 95 44 95 37 84 36 7 87 31 11 31 56 37 56 62 20 51 93 46 76 57 32 94 60 76 31 90 81 42 78 4 28 7 10 67 68 83 75 36 57 45 60 72 9 78 35 
71 65 37 32 34 53 17 34 47 52 14 60 55 83 33 45 22 68 8 95 38 75 42 77 11 3 25 97 39 8 42 91 33 21 83 84 30 59 28 84 1 90 22 21 14 57 16 24 64 42 15 73 14 64 60 43 4 43 44 1 55 33 29 52 50 64 4 29 72 59 90 24 81 64 34 2 57 39 74 81 38 9 33 21 57 25 95 54 70 4 54 85 56 54 31 65 73 98 88 73 68 41 93 43 44 49 0 72 73 94 82 35 62 79 66 56 10 60 2 48 58 3 20 26 54 12 9 30 43 42 93 83 54 26 28 39 42 48 78 38 78 56 38 70 51 61 23 90 94 55 6 83 84 35 60 37 26 32 17 41 56 88 83 39 12 61 13 59 6 27 20 36 42 14 85 
3 61 19 50 96 34 59 62 88 35 31 57 98 15 13 98 68 9 53 60 6 80 64 75 66 74 17 19 58 54 68 40 20 51 21 46 72 90 94 74 12 16 79 94 49 65 8 15 12 22 56 1 39 90 33 81 95 29 8 40 37 29 28 47 86 67 30 87 54 75 35 56 15 65 56 28 98 73 69 60 2 62 25 10 57 23 4 89 19 62 49 14 24 40 99 83 19 1 97 53 36 88 64 63 65 84 72 0 64 71 66 52 1 56 29 99 31 83 15 77 35 82 68 45 16 60 56 26 25 84 96 76 43 48 51 74 86 68 38 20 28 90 58 81 4 1 88 15 72 84 45 58 74 26 30 64 80 56 10 95 15 78 57 72 81 72 81 38 20 20 32 61 43 83 68 
77 79 28 99 42 55 78 8 71 23 24 45 97 38 91 7 74 73 10 35 65 45 28 71 86 2 80 54 35 89 86 99 68 73 48 13 4 42 19 6 34 42 1 33 33 10 72 8 87 2 31 93 86 34 43 32 77 96 20 3 85 25 16 95 41 8 87 31 12 8 86 50 48 51 21 87 85 17 86 29 97 8 45 83 82 1 69 42 99 73 76 83 66 34 25 35 14 96 10 37 74 42 5 31 85 97 73 64 0 32 98 16 22 61 70 54 61 62 35 30 29 17 5 47 92 3 90 29 18 31 6 85 99 78 20 99 61 89 82 5 51 72 34 8 71 90 57 48 51 61 26 38 30 91 80 83 56 13 54 43 30 74 61 69 39 39 70 33 80 37 3 46 9 86 87 
92 18 29 84 72 15 43 60 70 34 51 36 71 63 76 88 25 44 25 4 35 99 97 48 54 34 85 8 69 62 63 8 77 49 21 20 1 64 91 58 19 14 91 91 46 2 77 32 82 85 8 95 5 86 30 47 15 21 44 19 81 39 10 90 65 1 63 40 64 40 85 10 15 14 13 63 75 8 75 83 37 88 96 44 28 7 8 15 97 62 44 87 40 27 15 48 6 44 82 18 13 97 95 88 18 62 94 71 32 0 6 97 41 74 45 18 1 65 87 47 26 42 53 33 81 58 65 66 16 65 96 59 4 85 85 53 55 54 82 91 55 89 50 11 60 99 5 58 18 52 14 2 49 20 46 16 31 57 71 65 67 6 25 13 76 49 25 41 1 87 86 1 47 23 76 
22 40 53 94 70 58 36 42 56 62 22 40 6 1 26 57 72 96 52 65 43 13 83 79 21 81 57 71 66 76 35 33 31 11 59 45 51 97 85 19 61 2 61 96 20 82 13 63 59 35 83 38 30 64 17 71 68 23 30 73 9 89 95 33 51 18 63 16 41 3 59 81 90 37 65 22 41 67 30 18 97 27 87 69 73 3 58 51 22 60 34 26 31 66 47 62 6 61 45 71 69 59 55 58 72 5 82 66 98 6 0 52 61 24 50 4 81 52 62 75 45 58 13 32 84 43 19 44 61 27 44 70 34 17 11 39 33 79 85 81 36 13 4 20 32 46 91 74 91 72 13 94 97 31 31 55 40 5 32 84 59 49 25 1 27 11 99 73 22 74 30 49 89 24 13 
76 36 95 46 71 62 76 28 93 79 72 62 64 34 56 50 33 90 86 81 88 87 90 32 14 8 20 47 52 69 25 11 71 24 10 20 70 83 74 46 6 52 75 2 84 16 22 78 95 88 4 42 21 57 44 30 56 40 62 41 8 73 32 38 57 46 36 89 15 68 67 12 58 43 36 99 1 20 68 64 89 77 49 20 82 19 11 79 54 45 34 20 59 30 60 81 30 71 56 45 65 40 7 66 19 83 35 52 16 97 52 0 98 59 50 21 4 7 45 38 43 87 34 73 18 89 39 30 85 69 67 15 41 24 93 59 75 23 83 52 65 53 17 43 58 51 23 48 37 1 14 56 20 58 6 75 64 16 99 79 18 16 31 96 2 62 24 34 40 9 86 99 72 35 75 
8 82 51 52 24 41 29 52 99 8 4 33 95 50 70 48 13 77 92 93 45 78 72 34 27 64 34 26 25 18 98 69 9 97 97 85 41 55 80 63 6 77 53 38 34 87 67 4 28 86 22 30 93 89 16 18 69 2 67 31 25 91 54 39 33 61 8 40 25 57 59 5 78 58 13 16 45 44 56 8 49 21 20 58 28 26 25 93 33 36 20 74 84 31 84 28 33 15 68 44 37 77 34 86 83 84 62 1 22 41 61 98 0 52 82 48 93 87 29 68 37 19 10 26 47 98 37 10 69 81 12 63 23 84 15 52 45 56 15 10 80 65 23 21 40 84 70 25 4 70 24 4 64 39 82 52 97 57 9 29 2 34 23 71 43 78 82 4 50 8 9 33 66 6 44 
78 29 47 87 87 73 86 41 88 33 24 68 25 78 6 73 87 73 76 58 91 50 74 44 7 70 66 35 86 44 73 45 18 66 56 64 36 88 37 87 72 84 88 25 84 84 10 19 31 72 74 56 55 26 18 48 94 1 65 52 79 94 71 4 63 11 43 34 80 44 89 33 24 9 17 61 28 97 27 48 20 3 90 86 79 16 42 94 42 80 91 13 14 38 99 1 31 35 86 62 55 56 12 1 38 94 79 56 61 74 24 59 52 0 64 50 92 14 23 49 81 97 70 16 5 77 69 86 83 86 75 32 51 10 32 64 57 28 40 99 71 62 90 78 54 75 79 69 68 46 14 60 57 62 55 65 90 98 4 43 11 14 73 50 45 55 78 35 81 83 8 5 31 56 42 
73 23 8 16 40 66 35 72 86 4 13 54 47 32 15 60 66 59 15 1 43 32 97 10 32 6 30 56 48 29 13 99 75 13 60 42 52 40 1 79 15 72 44 83 47 80 37 9 18 15 23 50 61 85 69 38 52 13 21 58 9 68 22 3 85 39 56 81 68 98 88 88 79 68 49 30 24 90 9 85 75 4 84 30 2 32 57 73 97 64 34 11 81 3 32 88 66 9 61 95 83 47 43 2 92 56 66 29 70 45 50 50 82 64 0 40 9 10 29 81 93 16 1 33 42 39 50 66 57 62 39 34 8 96 15 25 87 88 71 30 74 70 61 13 72 34 82 4 60 77 55 38 54 31 1 68 83 14 95 32 94 90 14 1 55 58 25 45 86 95 79 97 26 59 97 
76 39 86 72 32 23 45 46 75 68 78 63 21 58 88 94 8 69 82 10 45 54 61 57 84 43 39 72 39 18 51 82 67 21 89 64 16 72 13 87 81 56 64 1 55 64 60 45 59 83 13 19 23 54 5 13 35 28 36 63 10 79 67 38 24 53 76 23 73 33 47 6 68 92 35 76 69 74 51 90 33 30 25 35 34 63 5 33 28 64 85 14 13 24 54 70 57 29 37 38 62 68 12 53 76 63 56 99 54 18 4 21 48 50 40 0 38 66 54 79 67 57 4 2 53 49 28 23 24 68 28 24 38 49 7 4 8 55 79 21 58 68 56 59 46 85 99 50 56 86 28 93 73 47 48 43 82 81 30 59 46 83 99 95 65 57 45 66 35 19 22 41 26 73 71 
77 42 17 49 38 3 93 95 16 96 8 76 23 59 3 83 3 59 62 91 53 88 90 87 50 16 84 64 85 53 64 80 49 86 8 31 50 37 24 67 26 10 29 7 73 93 72 94 44 4 16 16 30 35 21 62 42 6 75 44 94 86 61 6 71 10 97 65 31 61 64 55 79 36 84 88 12 4 61 19 84 17 90 31 82 19 38 53 28 88 43 75 63 83 45 69 73 37 91 27 59 61 55 5 93 57 10 31 61 1 81 4 93 92 9 38 0 4 63 52 23 79 3 26 47 75 31 23 90 81 3 97 16 26 78 21 82 9 54 34 42 57 77 23 75 94 86 95 19 50 34 5 27 17 59 17 9 35 5 43 4 71 51 44 92 75 75 41 31 56 61 60 30 86 28 
44 75 30 29 39 87 83 10 15 58 53 9 1 74 92 81 97 82 41 39 89 93 80 47 66 36 54 95 39 49 65 98 66 22 26 52 9 40 98 51 55 81 59 68 66 6 46 90 72 10 91 58 84 60 77 61 28 55 2 14 81 2 38 7 89 13 66 87 31 25 69 94 29 62 72 54 33 11 75 53 1 17 49 14 17 62 19 85 76 79 78 79 8 24 95 42 13 79 25 60 66 99 93 7 19 91 60 83 62 65 52 7 87 14 10 66 4 0 9 48 11 90 98 59 33 4 54 5 89 90 81 86 18 59 67 46 54 32 1 92 51 25 52 97 86 72 32 16 69 38 32 2 2 64 17 66 85 79 55 69 20 77 6 14 39 24 76 22 24 37 73 44 8 32 52 
21 78 12 84 57 2 9 89 57 97 31 35 70 77 65 99 21 64 13 18 58 79 89 38 55 47 70 12 32 92 34 20 17 47 10 12 68 71 10 22 19 8 92 82 72 82 34 68 47 45 47 60 30 45 31 33 18 66 97 35 91 43 98 63 42 42 88 77 98 2 45 49 65 63 46 79 48 33 5 30 20 6 99 33 30 55 18 6 97 83 74 27 38 55 43 30 35 6 16 48 69 30 45 94 31 61 2 15 35 87 62 45 29 23 29 54 63 9 0 52 93 4 88 80 40 69 72 10 24 91 22 57 29 73 12 20 70 70 52 93 79 85 37 69 18 2 39 91 68 13 9 86 64 40 49 60 99 98 59 58 10 69 78 46 48 65 14 94 47 60 67 22 77 33 24 
31 71 62 28 88 73 31 47 88 47 27 34 23 29 99 93 4 93 28 14 81 3 23 37 1 82 92 13 79 95 60 50 33 32 11 54 66 17 47 94 85 28 13 5 57 65 92 26 36 26 37 89 85 22 95 58 27 26 78 36 13 54 58 87 39 24 49 7 86 26 33 3 85 30 21 66 21 2 20 13 55 49 10 56 9 89 66 90 22 10 11 86 26 65 85 42 16 30 41 86 85 84 59 45 60 39 48 77 30 47 75 38 68 49 81 79 52 48 52 0 76 35 46 44 31 84 26 22 38 76 53 63 58 87 19 36 98 62 90 51 23 40 10 44 14 95 67 78 98 94 80 1 9 7 52 6 99 81 29 71 39 53 23 96 2 3 73 12 73 23 74 40 22 90 57 
37 26 15 44 29 52 65 59 2 90 9 93 28 77 88 39 86 53 45 43 3 70 35 11 51 24 65 50 79 60 36 67 18 27 37 32 35 11 87 73 45 45 95 13 34 28 78 88 7 49 30 86 61 94 67 33 65 8 26 17 67 3 72 90 27 71 2 11 14 64 60 52 44 60 55 65 62 98 54 28 92 71 30 91 91 29 25 27 22 32 21 79 84 38 98 63 9 12 73 36 92 94 21 67 35 72 58 35 29 26 45 43 37 81 93 67 23 11 93 76 0 58 22 5 10 11 18 91 85 57 36 1 44 94 43 20 89 76 52 56 38 88 44 58 26 34 30 39 47 50 18 13 18 49 1 2 97 58 98 98 10 91 11 81 52 24 22 18 20 71 56 65 61 9 77 
8 49 31 20 37 72 78 22 85 22 97 26 26 54 59 11 95 38 1 53 65 97 56 51 82 21 20 80 9 22 20 62 78 35 40 75 35 26 76 71 59 6 14 15 54 19 34 21 19 88 72 41 40 90 72 86 51 6 49 63 30 12 92 44 2 58 58 80 70 15 23 29 50 3 20 40 69 76 95 60 73 44 10 41 47 63 80 96 81 41 75 65 75 47 31 37 25 15 89 88 82 45 51 5 75 70 3 82 17 42 58 87 19 97 16 57 79 90 4 35 58 0 68 68 42 32 16 23 43 51 58 2 50 53 88 5 99 1 45 60 49 53 39 25 21 31 97 17 17 44 28 93 50 92 6 16 94 54 18 64 22 53 88 33 73 16 20 76 57 66 9 73 70 19 47 
46 51 9 80 67 88 19 55 76 93 85 68 65 59 25 88 36 48 55 10 74 23 8 78 38 5 55 68 37 87 7 51 59 59 21 92 86 48 75 77 71 47 9 59 60 16 74 1 45 70 42 89 50 59 3 23 54 59 91 96 67 75 58 25 1 76 81 29 82 11 8 86 77 25 88 67 22 96 27 1 29 7 42 66 16 4 4 12 79 71 62 98 76 80 48 59 82 57 24 61 35 48 35 48 65 13 20 68 5 53 13 34 10 70 1 4 3 98 88 46 22 68 0 55 15 72 59 43 62 51 6 68 64 74 39 57 24 48 81 67 49 23 32 66 5 50 54 40 37 74 28 17 33 47 92 1 70 54 82 39 95 38 97 87 63 70 52 29 24 99 36 71 28 24 18 
69 63 41 71 11 78 39 1 77 85 82 2 46 32 46 66 18 52 65 39 96 43 38 20 77 24 76 55 96 72 24 26 12 91 83 69 39 12 6 81 96 79 70 5 74 12 98 38 41 94 41 73 79 60 97 10 84 99 88 86 25 61 96 95 37 24 53 47 78 59 26 30 55 75 27 37 75 96 48 8 50 54 89 68 2 83 38 43 45 15 86 51 73 76 71 53 22 20 9 59 5 64 72 48 88 28 26 45 47 33 32 73 26 16 33 2 26 59 80 44 5 68 55 0 17 9 38 11 26 84 42 38 1 12 8 47 67 26 16 58 24 94 3 33 73 39 54 88 2 30 59 1 93 50 31 25 39 97 3 12 59 92 60 54 79 54 69 72 69 17 71 95 91 94 70 
58 45 49 89 85 63 12 20 91 59 74 99 39 95 15 96 18 24 17 26 50 3 99 46 71 26 70 70 73 93 97 41 67 83 76 11 3 79 70 37 49 96 27 85 69 71 85 72 82 78 75 97 67 8 23 44 22 20 95 97 38 92 91 67 37 55 46 24 5 48 81 61 24 38 90 15 91 79 63 82 36 54 76 73 96 80 64 16 81 84 42 30 50 10 70 94 13 3 92 48 39 81 4 48 48 19 54 16 92 81 84 18 47 5 42 53 47 33 40 31 10 42 15 17 0 55 50 58 66 43 4 35 24 53 60 56 7 52 50 38 64 75 61 25 28 17 2 10 83 13 70 40 87 13 49 83 96 79 47 65 44 95 57 35 33 26 10 7 68 85 53 25 40 48 88 
83 55 31 87 1 49 57 20 19 65 40 9 58 14 78 89 56 71 91 58 32 21 1 35 21 47 71 82 38 10 61 25 34 70 29 21 46 64 43 69 11 70 64 94 50 92 39 87 48 35 73 83 26 71 26 70 9 68 41 66 62 90 21 36 42 91 96 44 26 39 78 47 4 87 98 96 98 36 60 3 78 59 47 85 1 31 74 75 8 16 15 62 59 9 18 77 27 97 22 97 37 95 68 37 46 54 12 60 3 58 43 89 98 77 39 49 75 4 69 84 11 32 72 9 55 0 4 71 70 35 74 55 33 34 11 48 3 59 82 6 58 40 49 61 46 78 34 70 75 9 56 75 87 67 41 49 98 16 25 77 58 75 10 21 79 49 53 55 61 30 15 89 97 83 28 
97 1 24 12 17 1 53 86 63 41 57 90 53 39 87 60 44 1 18 82 32 57 76 36 55 32 94 42 78 11 19 56 8 15 99 88 59 44 4 37 91 51 4 50 36 52 71 74 41 76 60 33 66 71 55 98 10 62 81 66 86 42 95 88 89 2 22 62 60 14 66 18 79 31 80 43 73 54 69 73 3 2 67 33 19 2 96 27 3 24 26 45 71 69 55 41 78 55 97 97 88 29 79 26 52 35 9 56 90 65 19 39 37 69 50 28 31 54 72 26 18 16 59 38 50 4 0 79 68 35 11 89 89 98 85 48 98 21 70 18 9 57 68 18 28 36 57 16 52 20 21 19 9 73 90 13 18 21 41 11 22 31 39 5 68 87 41 31 14 3 93 50 3 61 85 
14 87 67 66 31 43 84 28 46 79 61 28 53 92 33 74 53 24 60 52 42 40 74 8 16 26 23 32 35 21 97 3 7 80 41 73 18 94 34 77 47 65 5 22 69 6 86 26 75 40 58 61 60 50 29 39 13 30 44 67 47 11 6 87 17 51 90 44 27 76 89 49 74 44 87 3 72 43 47 58 63 64 77 11 71 62 41 81 46 26 61 17 67 87 52 27 76 60 71 35 27 42 18 20 84 93 30 26 29 66 44 30 10 86 66 23 23 5 10 22 91 23 43 11 58 71 79 0 22 77 40 25 44 21 84 38 64 14 61 28 26 1 99 39 60 82 85 74 7 81 67 10 9 30 25 84 45 24 53 88 64 32 55 75 35 92 46 29 53 95 20 25 32 76 76 
11 17 93 94 4 40 77 98 66 79 26 30 33 88 92 96 96 23 91 70 40 38 64 72 46 19 82 83 40 84 63 87 5 84 86 78 34 42 77 45 73 88 35 41 72 69 37 33 73 28 2 42 94 13 30 5 17 98 49 85 91 57 2 64 69 75 74 65 24 43 32 93 85 83 7 61 17 79 29 76 73 29 74 88 88 37 14 52 55 86 78 57 91 86 30 75 72 30 39 25 21 20 63 39 7 83 43 25 18 16 61 85 69 83 57 24 90 89 24 38 85 43 62 26 66 70 68 22 0 91 65 55 96 89 84 27 73 5 49 84 90 74 79 50 92 63 89 45 44 29 81 17 32 37 19 43 80 49 63 90 16 99 55 49 46 93 45 96 56 18 50 20 94 98 45 
24 20 65 16 79 4 69 22 53 63 66 90 70 60 73 92 26 88 96 54 15 27 58 2 30 12 29 34 20 16 10 6 63 79 84 1 93 24 21 48 33 61 60 82 52 21 95 91 58 14 21 60 99 4 19 38 74 90 29 70 49 14 27 17 54 9 8 1 62 43 53 43 55 71 69 36 40 39 1 47 70 65 77 67 28 29 39 30 66 32 90 51 41 53 96 63 9 7 21 23 12 53 17 76 49 95 42 84 31 65 27 69 81 86 62 68 81 90 91 76 57 51 51 84 43 35 35 77 91 0 87 95 69 25 33 39 51 40 71 63 38 91 42 6 71 75 86 46 84 23 6 8 90 53 76 81 42 21 66 52 72 31 60 15 71 30 35 36 21 97 53 26 6 54 12 
82 10 13 52 60 58 26 95 29 63 96 78 80 47 39 35 90 60 38 90 3 22 65 4 71 54 98 74 68 47 24 10 1 63 6 39 9 34 58 45 29 33 8 18 97 53 13 32 59 46 98 62 80 82 98 74 26 62 59 79 31 78 8 95 22 65 1 75 39 55 3 12 79 21 22 51 38 88 24 9 8 87 99 65 67 73 35 80 60 13 90 31 94 59 11 12 59 97 93 94 69 37 87 86 54 44 93 96 6 96 44 67 12 75 39 28 3 81 22 53 36 58 6 42 4 74 11 40 65 87 0 8 50 13 82 72 24 43 39 33 24 63 32 59 35 68 9 77 19 67 79 70 53 87 7 94 83 42 65 97 95 51 42 92 82 69 99 29 59 66 35 36 98 1 93 
8 93 18 99 54 44 70 19 88 48 28 11 6 63 84 51 30 9 73 70 48 4 40 47 15 46 74 10 32 39 41 95 22 26 11 89 45 89 2 52 76 88 76 67 7 60 43 99 85 90 18 83 61 3 36 6 64 50 14 65 68 19 62 28 93 70 15 97 89 41 26 35 30 84 45 86 60 24 96 82 2 16 41 55 24 24 80 73 52 5 18 7 37 49 84 85 3 73 32 97 40 47 55 95 81 95 83 76 85 59 70 15 63 32 34 24 97 86 57 63 1 2 68 38 35 55 89 25 55 95 8 0 16 97 55 51 57 38 61 90 6 61 18 34 39 95 10 84 93 19 27 61 97 13 90 1 65 40 71 63 21 14 18 51 60 39 95 8 28 27 66 82 43 91 85 
25 52 34 87 70 54 32 68 39 28 19 62 34 87 21 52 52 3 84 30 36 63 15 62 14 7 58 89 71 20 77 81 21 68 49 48 6 47 67 21 4 28 41 54 85 37 69 64 4 19 33 38 50 42 61 34 12 96 25 43 20 26 4 44 24 76 34 1 83 97 5 91 49 90 50 51 75 13 18 37 14 59 41 82 23 57 45 99 56 4 1 15 84 15 28 42 17 2 32 23 95 73 65 2 25 37 54 43 99 4 34 41 23 51 8 38 16 18 29 58 44 50 64 1 24 33 89 44 96 69 50 16 0 35 82 36 13 39 79 38 81 5 96 92 57 81 32 13 10 31 79 47 29 76 97 93 49 47 94 74 76 96 77 19 81 77 76 48 64 56 68 96 1 3 20 
75 11 11 46 50 44 60 36 21 72 87 17 65 62 25 83 68 19 82 91 51 29 23 7 77 21 51 75 65 61 98 26 38 18 61 6 10 26 80 3 53 45 20 47 5 3 26 10 30 2 2 23 72 43 78 75 48 52 36 29 44 3 30 11 92 97 59 1 85 57 67 20 41 61 97 82 75 5 93 88 90 58 9 6 54 12 49 31 13 80 72 92 48 8 41 1 70 46 63 5 57 73 91 56 17 84 26 48 78 85 17 24 84 10 96 49 26 59 73 87 94 53 74 12 53 34 98 21 89 25 13 97 35 0 85 8 78 32 35 39 55 41 43 59 87 17 68 78 7 5 59 69 40 30 75 22 28 85 3 52 48 58 9 97 2 42 23 41 98 85 30 71 35 53 97 
93 69 29 64 75 75 63 96 98 43 2 80 54 40 72 83 48 4 40 63 33 10 27 4 82 6 21 96 56 7 7 54 51 20 68 47 42 46 78 47 34 45 69 33 24 69 89 33 58 38 87 48 55 19 26 18 20 73 30 1 2 97 22 83 50 87 79 32 14 99 87 18 81 71 12 92 4 95 73 72 33 24 45 4 33 39 7 29 77 45 39 63 18 86 60 62 19 43 33 23 24 97 23 84 14 36 28 51 20 85 11 93 15 32 15 7 78 67 12 19 43 88 39 8 60 11 85 84 84 33 82 55 82 85 0 6 28 95 20 71 55 24 18 50 20 77 60 6 43 31 73 72 7 68 53 31 47 42 12 16 94 17 21 10 20 55 21 61 99 80 83 96 59 10 52 
21 24 76 43 47 99 30 30 52 15 35 75 54 72 28 52 21 15 44 77 33 55 16 9 48 68 30 2 60 24 80 72 59 55 60 75 51 31 62 77 82 44 28 9 22 27 95 67 45 69 82 88 70 36 69 9 75 12 43 95 88 1 89 45 52 14 68 75 89 70 23 92 87 53 43 7 87 1 43 58 49 2 1 81 22 65 29 59 39 31 80 72 66 6 56 70 91 82 68 15 52 62 34 98 15 7 39 74 99 53 39 59 52 64 25 4 21 46 20 36 20 5 57 47 56 48 48 38 27 39 72 51 36 8 6 0 14 10 70 92 5 6 16 79 44 54 80 5 54 52 63 93 19 26 58 25 8 39 97 77 52 96 10 47 55 32 52 64 93 42 70 19 77 56 88 
33 15 6 23 28 98 67 23 60 94 3 77 54 3 38 92 72 80 71 21 42 2 82 37 44 12 33 20 57 32 35 66 82 38 34 72 74 95 78 37 56 25 88 33 36 22 41 69 26 21 35 14 43 64 52 16 26 74 8 56 81 98 60 37 70 29 48 41 91 1 31 3 38 5 62 72 94 90 15 53 77 49 14 72 43 77 11 33 13 66 1 88 76 90 80 7 68 5 86 16 70 56 83 68 60 87 42 86 61 55 33 75 45 57 87 8 82 54 70 98 89 99 24 67 7 3 98 64 73 51 24 57 13 78 28 14 0 22 90 38 24 22 40 6 96 66 48 66 26 41 56 81 76 38 9 99 50 90 14 91 46 40 43 12 10 76 80 20 44 67 39 36 43 46 18 
13 64 82 83 34 76 33 57 95 52 18 98 13 60 96 25 80 68 91 56 43 29 77 85 76 45 44 12 27 92 81 56 79 1 22 94 78 87 79 46 91 19 6 75 60 45 82 77 61 31 47 24 16 60 42 30 43 43 66 25 82 87 92 8 54 62 54 12 73 17 58 88 2 94 18 13 62 43 52 38 25 74 51 38 59 39 27 4 11 22 53 71 44 36 30 31 98 56 79 53 26 23 52 18 93 31 48 68 89 54 79 23 56 28 88 55 9 32 70 62 76 1 48 26 52 59 21 14 5 40 43 38 39 32 95 10 22 0 60 89 19 48 4 18 40 73 81 60 12 79 26 20 51 51 18 48 65 59 10 15 72 39 89 21 89 6 18 46 74 82 44 23 64 71 26 
66 22 6 41 73 60 72 11 65 19 86 1 81 26 83 56 9 35 24 89 96 7 93 49 63 45 92 73 90 1 7 64 7 81 77 58 63 26 86 15 20 76 1 32 40 43 87 65 9 84 41 74 37 33 26 53 44 99 79 27 32 29 99 77 1 78 23 72 48 51 76 94 9 95 18 9 42 56 35 72 5 14 90 95 36 88 45 33 12 36 2 27 94 42 32 55 76 76 34 2 6 11 13 19 87 11 78 38 82 82 85 83 15 40 71 79 54 1 52 90 52 45 81 16 50 82 70 61 49 71 39 61 79 35 20 70 90 60 0 65 18 53 41 95 59 18 61 35 57 8 43 35 27 93 3 57 48 6 94 9 65 2 38 14 13 59 44 67 33 16 70 54 31 39 28 
95 47 43 45 69 67 61 43 15 79 12 31 97 58 17 69 24 82 31 96 17 45 27 82 26 27 48 42 78 84 33 8 47 62 84 18 8 97 51 25 64 80 83 60 67 43 58 35 49 97 22 28 39 94 55 17 98 79 43 4 16 91 59 43 61 98 95 60 52 49 38 98 48 5 44 17 71 95 47 73 82 72 98 23 30 3 87 39 47 65 24 31 83 48 29 40 14 29 70 36 5 8 26 87 22 31 38 20 5 91 81 52 10 99 30 21 34 92 93 51 56 60 67 58 38 6 18 28 84 63 33 90 38 39 71 92 38 89 65 0 18 97 43 79 27 40 16 83 75 48 76 6 58 59 3 21 13 97 70 14 61 66 48 53 86 79 32 46 7 91 49 68 58 50 10 
61 4 87 17 40 75 94 73 98 11 94 4 34 33 55 66 61 65 74 2 84 68 50 15 26 86 47 24 31 72 13 69 13 62 7 47 33 38 86 85 12 1 45 50 61 49 57 2 26 89 65 3 43 58 92 36 81 98 24 19 89 3 13 44 13 30 58 76 98 12 59 68 90 84 5 19 31 42 6 68 12 73 47 55 86 85 58 28 57 10 17 51 61 86 62 99 87 70 18 20 7 59 78 3 18 56 78 28 51 55 36 65 80 71 74 58 42 51 79 23 38 49 49 24 64 58 9 26 90 38 24 6 81 55 55 5 24 19 18 18 0 24 97 63 63 19 45 75 15 68 75 20 76 50 83 49 81 48 27 71 37 14 56 55 24 52 94 97 65 33 70 20 37 48 26 
25 57 53 18 33 92 73 32 53 36 54 82 52 31 97 38 57 45 64 63 29 33 89 16 73 57 58 36 53 10 71 87 62 4 22 38 80 7 17 72 4 55 54 12 34 54 82 25 29 12 89 54 40 28 99 66 55 83 25 12 71 2 17 16 20 64 18 6 64 79 34 12 77 15 20 56 84 76 61 99 4 15 19 54 92 41 69 68 63 82 20 2 73 64 58 95 74 56 85 36 84 21 3 63 18 37 56 90 72 89 13 53 65 62 70 68 57 25 85 40 88 53 23 94 75 40 57 1 74 91 63 61 5 41 24 6 22 48 53 97 24 0 93 22 21 59 73 94 38 10 22 97 86 37 68 39 57 88 32 97 91 74 41 63 85 22 5 63 94 47 96 25 83 83 76 
83 89 58 89 98 6 28 13 45 50 60 65 56 53 53 58 10 43 91 55 32 30 33 49 43 81 80 59 89 68 96 40 50 17 15 88 67 23 2 31 40 47 55 12 9 5 54 65 46 42 19 9 52 77 96 21 83 60 27 86 4 85 3 75 28 57 17 20 29 15 57 70 85 63 6 49 82 92 54 59 82 38 14 34 5 29 7 30 99 81 55 39 51 88 23 47 23 21 78 60 2 70 50 91 31 56 38 58 34 50 4 17 23 90 61 56 77 52 37 10 44 39 32 3 61 49 68 99 79 42 32 18 96 43 18 16 40 4 41 43 97 93 0 63 91 63 5 53 37 31 12 32 13 9 24 26 38 7 32 94 12 16 97 80 64 20 28 51 18 85 87 78 80 61 23 
98 81 57 1 8 27 98 83 17 94 83 39 81 92 74 98 47 35 49 11 92 70 26 44 62 54 2 30 32 66 52 58 52 54 42 88 42 30 22 94 31 95 89 55 4 17 3 17 75 76 18 6 51 89 80 99 39 67 15 96 69 94 1 32 13 86 7 31 28 32 83 60 11 8 51 31 80 18 62 36 44 71 34 87 8 82 94 58 70 43 99 71 25 4 45 78 72 86 75 81 82 48 71 10 43 62 70 81 8 11 20 43 21 78 13 59 23 97 69 44 58 25 66 33 25 61 18 39 50 6 59 34 92 59 50 79 6 18 95 79 63 22 63 0 68 30 8 97 80 50 48 49 85 27 59 46 15 29 6 56 70 67 32 48 59 67 65 18 13 7 19 78 23 12 54 
3 47 79 98 34 68 94 8 65 80 12 68 55 42 6 88 61 79 45 32 12 13 99 44 45 38 13 15 84 3 46 74 28 78 66 74 78 84 58 96 23 2 68 9 69 50 13 5 54 73 51 81 11 8 98 39 20 34 74 11 49 57 72 49 88 63 34 95 60 33 33 17 31 8 33 6 65 1 24 59 31 92 83 41 68 22 69 55 79 13 4 67 15 71 92 38 81 83 46 98 48 70 23 98 29 20 51 4 71 60 32 58 40 54 72 46 75 86 18 14 26 21 5 73 28 46 28 60 92 71 35 39 57 87 20 44 96 40 59 27 63 21 91 68 0 44 42 25 81 72 27 84 36 23 66 96 72 25 8 91 55 88 91 37 37 73 15 41 21 8 68 62 90 97 41 
93 55 88 83 63 32 69 88 31 90 84 31 13 79 67 45 66 45 95 70 39 91 53 58 45 47 40 2 44 66 18 78 60 25 79 4 77 32 23 12 78 20 30 10 7 21 6 87 24 6 17 11 13 6 48 91 7 7 47 66 54 7 32 87 17 97 95 45 95 83 74 71 95 49 42 66 20 46 23 47 78 72 37 60 30 38 91 67 19 57 72 74 23 41 88 49 24 42 7 10 25 8 43 78 6 51 61 1 90 99 46 51 84 75 34 85 94 72 2 95 34 31 50 39 17 78 36 82 63 75 68 95 81 17 77 54 66 73 18 40 19 59 63 30 44 0 26 72 28 78 66 36 56 62 53 34 99 27 66 55 67 62 69 37 2 4 89 18 96 81 88 23 27 11 99 
99 80 82 72 15 12 39 9 83 5 4 22 86 58 81 58 63 61 17 96 88 16 61 86 54 12 20 50 1 48 88 39 15 65 69 51 49 88 17 51 63 71 22 73 8 20 29 78 19 87 32 71 57 88 11 13 5 39 15 91 35 66 43 11 70 8 16 26 79 99 76 4 15 21 84 36 62 97 98 83 85 33 75 41 53 95 82 56 18 78 87 57 29 42 79 27 26 36 30 76 2 97 23 50 83 93 23 88 57 5 91 23 70 79 82 99 86 32 39 67 30 97 54 54 2 34 57 85 89 86 9 10 32 68 60 80 48 81 61 16 45 73 5 8 42 26 0 89 93 63 6 27 12 84 78 92 66 12 96 7 64 19 10 93 35 36 40 70 35 38 12 63 71 86 34 
11 72 11 15 78 4 61 62 11 6 84 27 11 46 95 42 22 68 60 48 17 75 78 68 33 65 56 95 52 87 87 32 22 20 39 64 92 98 68 73 65 71 37 90 68 34 22 24 97 44 20 41 72 43 63 5 94 11 36 13 75 6 59 22 97 28 49 70 60 73 89 39 14 83 13 50 94 54 58 1 34 9 94 35 26 64 90 86 56 76 44 26 46 86 43 4 4 77 49 58 67 72 21 46 90 46 90 15 48 58 74 48 25 69 4 50 95 16 91 78 39 17 40 88 10 70 16 74 45 46 77 84 13 78 6 5 66 60 35 83 75 94 53 97 25 72 89 0 33 24 43 63 83 80 79 14 35 18 12 60 80 73 44 11 1 81 60 30 31 12 81 40 53 5 73 
55 15 73 37 44 55 98 24 46 87 1 96 82 86 51 33 14 43 91 49 57 93 6 47 29 57 60 40 11 26 85 77 88 72 92 64 14 54 38 69 57 35 40 96 30 65 47 72 81 38 80 66 75 65 61 63 58 17 22 8 24 10 29 92 90 63 53 32 51 45 40 40 83 3 12 92 65 15 9 2 44 4 93 60 1 40 49 52 65 15 42 24 37 42 86 48 2 33 61 25 22 3 64 8 21 76 94 72 51 18 91 37 4 68 60 56 19 69 68 98 47 17 37 2 83 75 52 7 44 84 19 93 10 7 43 54 26 12 57 75 15 38 37 80 81 28 93 33 0 70 22 82 44 97 81 41 14 74 35 57 1 53 73 80 40 68 54 55 22 67 25 62 74 15 87 
97 78 49 27 62 2 10 35 89 30 94 11 79 26 3 28 23 23 45 11 10 17 47 51 6 84 58 28 73 20 7 60 54 63 54 61 76 16 61 95 72 63 54 73 95 85 90 81 19 98 96 36 94 78 99 68 4 33 67 60 10 18 93 24 33 74 95 75 11 27 66 64 25 82 28 34 58 17 32 76 14 6 37 51 93 89 98 26 58 70 15 74 79 19 44 82 54 5 20 38 72 26 87 91 36 57 55 84 61 52 72 1 70 46 77 86 50 38 13 94 50 44 74 30 13 9 20 81 29 23 67 19 31 5 31 52 41 79 8 48 68 10 31 50 72 78 63 24 70 0 96 56 20 41 13 15 83 32 30 45 3 33 73 65 60 74 1 93 1 7 53 99 90 79 59 
83 16 20 33 86 14 68 95 79 54 86 70 72 74 90 56 28 42 86 41 65 24 65 3 21 23 67 58 40 5 58 82 14 54 81 53 2 84 79 80 36 10 64 48 78 46 94 22 95 76 41 73 99 74 64 54 91 14 79 52 10 88 41 45 95 18 18 30 92 30 89 74 33 76 60 43 63 97 32 88 40 48 79 3 37 31 46 10 88 21 91 8 29 33 80 88 11 92 10 27 3 6 76 87 81 32 6 45 26 14 13 14 24 14 55 28 34 32 9 80 18 28 28 59 70 56 21 67 81 6 79 27 79 59 73 63 56 26 43 76 75 22 12 48 27 66 6 43 22 96 0 97 38 86 88 44 15 91 69 11 11 47 10 90 88 14 67 41 41 39 32 67 89 68 14 
87 26 13 2 37 60 79 4 60 81 52 34 85 75 33 64 26 69 49 26 84 16 11 1 62 57 89 20 77 53 58 28 75 5 95 49 33 87 81 63 53 5 17 74 98 35 23 94 24 40 31 66 91 46 71 10 91 86 25 77 83 18 32 25 91 86 53 91 85 96 74 11 17 52 89 86 66 83 57 42 11 66 70 12 78 71 66 54 59 93 11 94 47 28 62 1 22 78 97 85 80 23 30 97 73 94 83 58 38 2 94 56 4 60 38 93 5 2 86 1 13 93 17 1 40 75 19 10 17 8 70 61 47 69 72 93 81 20 35 6 20 97 32 49 84 36 27 63 82 56 97 0 82 13 44 67 13 66 67 89 29 60 58 22 54 14 28 23 56 22 18 26 11 29 87 
71 54 26 49 13 57 64 56 98 73 92 37 30 7 8 81 18 42 18 73 27 12 98 82 8 77 58 33 14 71 84 90 35 5 13 52 28 16 91 49 47 63 96 77 37 36 98 61 92 94 54 52 1 4 6 26 10 39 85 23 9 13 75 27 79 86 31 5 23 33 42 80 79 93 63 36 71 59 38 99 49 31 36 26 37 18 54 86 49 11 87 85 16 86 48 71 18 76 55 55 55 66 19 68 11 60 84 74 30 49 97 20 64 57 54 73 27 2 64 9 18 50 33 93 87 87 9 9 32 90 53 97 29 40 7 19 76 51 27 58 76 86 13 85 36 56 12 83 44 20 38 82 0 11 85 52 30 5 95 73 50 4 22 6 66 97 23 26 75 53 66 38 45 32 84 
67 85 78 89 54 82 21 69 43 30 33 10 13 3 90 92 33 40 52 88 3 5 2 59 52 75 54 12 70 5 73 40 50 72 90 7 10 79 1 83 9 49 72 12 75 89 51 48 37 34 66 40 84 70 88 22 6 16 24 34 72 76 35 86 7 93 3 59 38 59 59 15 53 98 74 16 36 93 36 22 85 44 64 41 88 34 90 14 22 8 29 63 71 36 84 46 88 41 63 43 4 85 23 50 36 76 35 26 91 20 31 58 39 62 31 47 17 64 40 7 49 92 47 50 13 67 73 30 37 53 87 13 76 30 68 26 38 51 93 59 50 37 9 27 23 62 84 80 97 41 86 13 11 0 75 67 48 95 91 79 21 35 10 28 87 60 42 7 13 28 27 4 2 11 19 
72 59 17 23 27 9 36 16 65 39 87 1 64 31 86 77 94 81 49 23 39 72 57 19 98 72 56 52 70 23 7 9 71 84 78 64 37 36 38 36 81 47 77 70 30 25 98 99 16 15 51 68 26 77 49 35 93 91 10 19 42 6 41 27 43 61 38 79 30 11 76 32 25 54 84 52 65 95 41 20 62 76 96 39 85 38 93 78 77 31 90 66 38 61 58 4 70 27 27 27 23 94 20 6 17 31 60 30 80 46 31 6 82 55 1 48 59 17 49 52 1 6 92 31 49 41 90 25 19 76 7 90 97 75 53 58 9 18 3 3 83 68 24 59 66 53 78 79 81 13 88 44 85 75 0 48 12 44 50 51 86 67 84 58 66 40 82 61 88 17 68 15 37 41 24 
49 86 5 35 83 39 56 25 6 79 85 56 8 78 37 57 15 43 7 50 86 95 73 46 51 37 3 88 50 63 88 4 24 70 61 94 8 7 77 13 61 49 63 58 91 61 15 19 15 78 85 28 22 97 73 24 57 2 95 37 88 10 26 43 13 31 51 85 13 28 92 97 86 32 16 37 33 47 30 37 24 73 31 43 19 23 84 71 92 48 27 70 31 68 34 1 66 31 74 84 59 50 85 85 35 90 37 64 83 16 55 75 52 65 68 43 17 66 60 6 2 16 1 25 83 49 13 84 43 81 94 1 93 22 31 25 99 48 57 21 49 39 26 46 96 34 92 14 41 15 44 67 52 67 48 0 73 43 59 83 44 27 53 23 18 8 12 4 39 18 87 43 80 43 13 
55 30 89 95 13 5 29 95 91 55 82 70 71 79 67 27 86 68 77 56 31 25 92 66 84 51 34 86 12 60 19 15 54 80 58 2 55 2 81 82 4 91 73 95 56 13 82 83 66 97 4 52 69 99 79 21 99 48 47 47 47 44 57 97 33 20 57 85 21 84 27 98 9 59 49 9 33 23 77 55 12 93 94 56 41 87 19 14 44 34 99 90 76 12 37 55 39 81 81 67 29 60 7 47 74 81 26 80 56 31 40 64 97 90 83 82 9 85 99 99 97 94 70 39 96 98 18 45 80 42 83 65 49 28 47 8 50 65 48 13 81 57 38 15 72 99 66 35 14 83 15 13 30 48 12 73 0 47 1 22 79 45 41 7 96 22 23 52 19 64 24 58 24 25 93 
16 45 28 22 26 71 46 63 77 43 6 11 83 92 74 63 53 99 67 89 87 81 57 28 22 32 45 65 13 41 31 99 52 61 52 25 12 9 82 32 23 81 22 45 50 82 69 15 78 18 29 37 41 27 56 50 71 96 97 23 75 1 74 18 90 8 91 28 67 46 93 30 69 47 89 38 42 8 12 49 24 27 1 60 84 11 26 68 43 4 96 48 12 44 74 5 17 76 44 49 54 41 83 74 86 42 32 56 13 57 5 16 57 98 14 81 35 79 98 81 58 54 54 97 79 16 21 24 49 21 42 40 47 85 42 39 90 59 6 97 48 88 7 29 25 27 12 18 74 32 91 66 5 95 44 43 47 0 60 60 96 29 90 56 94 93 19 95 75 31 98 2 5 93 68 
6 38 51 69 2 77 93 27 56 65 12 4 64 97 12 54 26 14 87 4 54 38 22 97 10 24 54 77 60 70 7 10 13 98 15 23 90 83 8 71 32 11 74 4 82 37 82 28 31 73 16 69 2 54 42 99 92 63 90 33 70 86 77 76 72 3 67 65 53 3 29 21 50 52 61 31 91 37 28 72 77 25 8 17 29 11 7 79 76 4 65 80 21 13 80 46 11 41 9 61 58 61 12 73 54 78 17 10 54 71 32 99 9 4 95 30 5 55 59 29 98 18 82 3 47 25 41 53 63 66 65 71 94 3 12 97 14 10 94 70 27 32 32 6 8 66 96 12 35 30 69 67 95 91 50 59 1 60 0 55 61 6 68 51 32 21 39 10 42 71 3 38 77 16 82 
18 23 69 68 42 74 57 99 43 69 70 40 65 43 36 93 61 26 36 29 32 64 87 84 78 29 38 61 14 71 88 76 71 54 68 89 37 12 61 3 96 71 19 22 46 39 22 62 54 83 74 8 7 78 98 53 30 69 1 54 98 89 2 18 75 44 66 1 16 54 73 56 12 5 67 86 60 55 19 64 81 31 69 33 29 21 80 59 22 55 39 67 91 64 50 47 98 84 66 13 35 38 70 82 75 4 41 95 43 65 84 79 29 43 32 59 43 69 58 71 98 64 39 12 65 77 11 88 90 52 97 63 74 52 16 77 91 15 9 14 71 97 94 56 91 55 7 60 57 45 11 89 73 79 51 83 22 60 55 0 15 20 85 49 31 71 61 47 76 46 25 30 89 97 10 
43 92 4 49 56 6 52 48 21 45 10 78 45 19 43 23 84 39 45 25 31 61 38 59 12 1 63 9 90 24 14 79 11 33 49 49 81 79 93 71 96 26 83 65 11 16 4 27 61 97 42 27 15 8 89 98 53 36 24 44 98 18 13 43 91 59 87 3 3 45 8 72 11 4 99 42 92 96 64 18 13 78 37 28 52 67 7 74 91 85 44 58 86 21 66 73 19 65 85 88 64 19 2 9 72 28 56 15 30 67 59 18 2 11 94 46 4 20 10 39 10 22 95 59 44 58 22 64 16 72 95 21 76 48 94 52 46 72 65 61 37 91 12 70 55 67 64 80 1 3 11 29 50 21 86 44 79 96 61 15 0 90 46 77 95 1 80 91 7 97 58 23 37 36 49 
21 55 59 19 56 80 5 88 89 85 47 38 70 84 40 39 69 76 79 21 37 82 73 21 68 40 74 40 32 77 54 82 99 88 55 35 59 81 24 86 56 20 55 32 16 86 90 69 68 37 42 39 21 31 30 40 45 2 64 95 56 64 54 53 99 17 6 6 42 78 76 99 18 25 28 77 81 25 3 22 87 51 40 42 81 45 4 16 66 89 68 9 73 93 12 47 47 8 83 23 85 61 83 86 49 7 88 78 74 6 49 16 34 14 90 83 71 77 69 53 91 53 38 92 95 75 31 32 99 31 51 14 96 58 17 96 40 39 2 66 14 74 16 67 88 62 19 73 53 33 47 60 4 35 67 27 45 29 6 20 90 0 76 9 86 7 13 88 88 59 84 19 92 91 11 
49 77 13 98 65 85 80 36 69 74 75 17 76 90 53 21 90 6 99 66 16 50 75 97 36 62 61 85 20 32 62 65 5 7 10 23 77 93 13 26 11 9 75 44 71 90 73 80 85 63 52 9 34 65 38 3 87 85 24 31 60 27 85 54 79 49 15 19 58 98 55 31 12 3 8 64 48 92 19 25 73 43 17 84 8 4 58 63 83 78 93 18 45 63 47 94 29 53 46 37 15 12 49 64 56 10 83 57 61 25 25 31 23 73 14 99 51 6 78 23 11 88 97 60 57 10 39 55 55 60 42 18 77 9 21 10 43 89 38 48 56 41 97 32 91 69 10 44 73 73 10 58 22 10 84 53 41 90 68 85 46 76 0 43 39 36 26 21 35 27 70 31 69 88 51 
23 13 3 12 16 60 76 17 19 51 94 26 89 89 94 59 25 93 1 88 22 79 93 44 38 33 70 98 26 59 41 74 97 3 23 40 64 40 51 25 79 65 74 37 24 84 51 85 96 13 44 82 74 71 1 98 5 76 8 31 2 29 61 74 36 29 12 62 2 32 16 85 34 31 86 95 77 75 23 8 7 94 39 40 3 37 32 19 6 87 19 42 4 71 48 4 55 66 22 94 14 86 5 95 21 67 39 72 69 13 1 96 71 50 1 95 44 14 46 96 81 33 87 54 35 21 5 75 49 15 92 51 19 97 10 47 12 21 14 53 55 63 80 48 37 37 93 11 80 65 90 22 6 28 58 23 7 56 51 49 77 9 43 0 90 1 16 46 40 50 13 61 25 13 7 
14 60 77 12 93 32 32 88 93 81 33 47 35 57 85 44 58 23 39 10 93 12 15 85 42 67 73 19 65 28 39 84 12 41 34 19 24 7 16 53 56 3 4 87 37 43 52 76 85 80 65 11 67 72 95 50 37 38 29 16 9 88 45 88 2 63 43 73 98 80 62 97 90 55 28 42 40 40 13 75 88 2 33 37 93 22 26 85 76 39 89 69 31 14 68 98 91 55 60 10 21 41 5 54 79 68 12 81 39 76 27 2 43 45 55 65 92 39 48 2 52 73 63 79 33 79 68 35 46 71 82 60 81 2 20 55 10 89 13 86 24 85 64 59 37 2 35 1 40 60 88 54 66 87 66 18 96 94 32 31 95 86 39 90 0 47 17 50 96 76 9 94 80 47 6 
98 27 97 53 41 91 77 91 50 51 39 8 15 43 21 20 64 40 19 12 48 1 15 12 10 59 87 4 87 73 17 16 75 6 99 64 33 27 64 37 19 73 31 60 25 90 20 60 86 58 75 64 26 23 1 99 11 57 65 97 64 2 40 97 30 99 79 65 63 17 87 35 40 29 9 56 84 17 6 66 50 24 88 83 85 43 82 21 16 65 37 16 63 19 79 23 94 82 70 62 19 21 84 45 6 83 61 72 39 49 11 62 78 55 58 57 75 24 65 3 24 16 70 54 26 49 87 92 93 30 69 39 77 42 55 32 76 6 59 79 52 22 20 67 73 4 36 81 68 74 14 14 97 60 40 8 22 93 21 71 1 7 36 1 47 0 50 71 31 84 3 45 57 17 34 
54 77 97 77 61 8 53 79 84 36 43 44 60 5 74 46 13 74 82 22 74 48 50 99 16 47 83 47 67 31 48 65 38 22 57 75 66 74 9 2 95 65 79 16 70 67 53 9 64 84 48 16 48 48 76 21 87 62 49 33 80 78 56 41 92 7 15 43 46 32 24 95 78 28 42 83 65 57 89 16 93 11 58 70 44 68 60 66 6 52 39 21 77 92 49 47 79 89 13 49 32 79 84 26 38 75 13 81 70 25 99 24 82 78 25 45 75 76 14 73 22 20 52 69 10 53 41 46 45 35 99 95 76 23 21 52 80 18 44 32 94 5 28 65 15 89 40 60 54 1 67 28 23 42 82 12 23 19 39 61 80 13 26 16 17 50 0 94 6 79 16 94 41 90 33 
85 72 62 69 71 67 39 88 16 73 64 1 89 12 8 76 19 15 37 59 45 24 89 91 94 80 13 41 19 19 39 53 32 4 81 89 80 77 3 90 88 94 70 40 26 97 20 3 69 24 84 80 98 65 16 7 84 27 15 85 79 34 90 7 32 75 85 74 44 51 20 6 62 42 28 12 86 54 20 41 98 12 61 60 27 64 10 8 83 89 77 3 44 25 1 16 45 54 18 97 25 3 36 93 13 36 59 38 33 41 73 34 4 35 45 66 41 22 94 12 18 76 29 72 7 55 31 29 96 36 29 8 48 41 61 64 20 46 67 46 97 63 51 18 41 18 70 30 55 93 41 23 26 7 61 4 52 95 10 47 91 88 21 46 50 71 94 0 87 79 56 4 72 77 3 
11 88 16 46 50 33 84 58 18 16 24 57 34 25 53 38 27 48 49 88 5 82 46 47 86 38 49 32 87 57 98 48 44 12 15 18 76 65 43 52 78 20 99 69 73 75 60 81 69 86 30 59 2 92 51 70 23 14 77 41 48 81 68 1 42 60 1 89 4 90 75 11 67 40 41 23 69 29 13 6 17 7 30 77 75 43 13 54 79 66 79 36 71 8 9 40 65 70 99 75 65 56 77 41 40 57 6 20 80 1 22 40 50 81 86 35 31 24 47 73 20 57 24 69 68 61 14 53 56 21 59 28 64 98 99 93 44 74 33 7 65 94 18 13 21 96 35 31 22 1 41 56 75 13 88 39 19 75 42 76 7 88 35 40 96 31 6 87 0 52 83 94 13 80 80 
97 40 75 65 51 47 81 25 62 40 41 15 25 23 70 85 78 72 4 95 67 91 87 38 77 54 9 96 92 45 1 27 95 80 32 8 74 35 18 96 16 74 97 2 99 40 24 25 22 32 77 22 22 97 6 32 55 79 71 32 93 16 65 4 42 53 4 51 48 8 25 54 51 39 83 49 70 39 25 16 74 77 51 34 50 68 49 9 97 55 87 22 87 82 43 58 27 92 8 83 4 92 88 8 28 45 27 20 37 87 74 9 8 83 95 19 56 37 60 23 71 66 99 17 85 30 3 95 18 97 66 27 56 85 80 42 67 82 16 91 33 47 85 7 8 81 38 12 67 7 39 22 53 28 17 18 64 31 71 46 97 59 27 50 76 84 79 79 52 0 65 8 63 26 83 
56 44 13 90 33 76 75 56 8 3 64 56 4 7 58 35 26 2 52 65 44 13 31 89 30 91 84 43 99 37 66 54 38 68 20 28 63 27 16 63 90 67 17 15 77 95 59 63 27 20 54 6 62 98 65 4 50 27 30 35 62 48 42 80 4 9 60 67 88 60 88 94 77 23 93 28 26 94 53 10 65 4 54 96 30 17 5 33 89 20 99 48 17 13 70 72 76 60 63 26 81 77 7 63 50 60 20 32 3 86 30 86 9 8 79 22 61 73 67 74 56 9 36 71 53 15 93 20 50 53 35 66 68 30 83 70 39 44 70 49 70 96 87 19 68 88 12 81 25 53 32 18 66 27 68 87 24 98 3 25 58 84 70 13 9 3 16 56 83 65 0 46 35 65 10 
62 77 19 41 91 83 71 50 65 36 64 56 42 5 63 88 1 34 49 79 19 57 84 41 53 89 65 63 99 60 49 17 87 7 43 87 18 83 51 42 55 32 33 83 79 1 77 33 44 96 2 2 62 75 4 96 85 31 50 66 13 78 96 94 66 5 72 48 5 51 68 67 84 84 21 73 68 95 54 93 26 20 74 17 55 94 47 89 28 3 50 49 3 29 65 68 19 59 46 6 70 75 10 66 34 72 36 61 46 1 49 99 33 5 97 41 60 44 22 40 65 73 71 95 25 89 50 25 20 26 36 82 96 71 96 19 36 23 54 68 20 25 78 78 62 23 63 40 62 99 67 26 38 4 15 43 58 2 38 30 23 19 31 61 94 45 94 4 94 8 46 0 65 14 95 
57 39 31 8 21 45 27 53 56 98 32 53 31 80 90 59 23 71 4 88 60 82 78 7 26 34 27 24 37 89 70 26 1 76 32 79 87 39 26 68 63 66 49 78 45 11 36 61 38 52 90 15 20 36 84 32 4 46 73 35 36 74 47 33 63 44 93 95 40 15 53 58 72 32 91 4 16 70 4 8 60 70 82 86 33 31 34 51 39 99 5 83 55 57 37 53 17 61 17 79 5 90 58 15 96 9 42 43 9 47 89 72 66 31 26 26 30 8 77 22 61 70 28 91 40 97 3 32 94 6 98 43 1 35 59 77 43 64 31 58 37 83 80 23 90 27 71 53 74 90 89 11 45 2 37 80 24 5 77 89 37 92 69 25 80 57 41 72 13 63 35 65 0 76 64 
90 92 60 8 53 65 58 25 3 80 19 79 23 29 84 2 15 61 89 72 91 29 72 45 87 35 53 17 49 57 32 8 39 47 74 3 66 92 64 67 75 65 18 69 97 33 73 96 5 69 71 81 10 10 77 12 54 72 35 75 35 38 19 35 70 75 49 6 69 90 12 87 6 17 27 36 9 3 34 7 47 62 6 69 68 45 38 41 59 54 92 98 24 32 63 52 73 83 95 37 80 83 4 56 55 78 14 83 86 23 24 35 6 56 59 73 86 32 33 90 9 19 24 94 48 83 61 76 98 54 1 91 3 53 10 56 46 71 39 50 48 83 61 12 97 11 86 5 15 79 68 29 32 11 41 43 25 93 16 97 36 91 88 13 47 17 90 77 80 26 65 14 76 0 28 
22 70 6 34 39 38 31 16 91 16 41 98 54 54 17 41 75 20 58 87 30 36 59 31 38 26 18 89 15 84 66 25 26 17 28 51 6 9 52 43 51 69 24 32 12 2 71 45 34 16 36 35 20 38 50 22 27 96 20 16 17 25 46 28 7 51 10 41 6 58 17 21 33 5 93 49 93 42 75 51 73 46 85 9 42 76 11 37 7 64 99 45 2 91 53 18 41 90 29 15 58 37 37 38 51 35 85 68 87 76 13 75 44 42 97 71 28 52 24 57 77 47 18 70 88 28 85 76 45 12 93 85 20 97 52 88 18 26 28 10 26 76 23 54 41 99 34 73 87 59 14 87 84 19 24 13 93 68 82 10 49 11 51 7 6 34 33 3 80 83 10 95 64 28 0 
