180
0 38 13 73 10 76 6 80 65 17 2 77 72 7 26 51 21 19 85 12 29 30 15 51 69 88 88 95 97 87 14 10 8 64 62 23 58 2 1 61 82 9 89 14 48 73 31 72 4 71 22 50 58 4 69 25 44 77 27 53 81 42 83 16 65 69 26 99 88 8 27 26 23 10 68 24 28 38 58 84 39 9 33 35 11 24 16 88 26 72 93 75 63 47 33 89 24 56 66 78 4 1 78 7 53 86 71 3 77 92 22 76 8 78 73 76 77 44 21 31 37 8 46 69 58 83 97 14 11 24 82 8 25 75 93 21 33 13 66 95 61 25 83 98 3 93 99 11 55 97 83 87 71 67 72 49 55 16 6 18 43 21 49 23 14 98 54 85 11 97 56 62 57 90 22 97 84 26 15 14 
38 0 85 44 7 78 57 60 16 25 10 67 72 54 70 37 22 41 78 92 50 48 78 41 79 46 88 17 29 46 68 67 79 47 1 30 64 76 36 54 94 34 3 85 84 49 55 33 29 56 83 32 29 95 75 9 33 9 85 78 51 80 42 65 84 25 21 45 16 31 92 15 20 27 87 8 54 48 61 35 33 20 68 25 84 95 39 48 6 80 64 88 33 43 75 67 89 99 31 18 69 65 61 79 18 40 36 82 29 23 39 42 75 78 71 26 49 51 63 45 55 1 87 17 20 10 93 52 11 69 24 15 64 22 47 4 57 89 81 47 55 80 72 15 78 16 26 54 85 59 86 30 45 38 23 92 55 77 13 60 27 77 72 88 40 44 77 39 92 70 99 34 44 27 57 70 74 53 90 28 
13 85 0 44 2 83 95 97 27 85 31 65 23 99 53 4 71 13 40 84 49 62 71 14 37 24 23 67 93 96 54 10 42 58 89 94 77 83 12 37 17 31 85 58 36 42 82 3 86 94 37 47 81 28 73 29 3 14 42 37 41 19 98 39 64 47 90 3 99 29 79 76 59 43 27 22 59 17 93 38 12 23 7 97 15 88 76 36 64 33 92 50 1 23 98 71 37 19 28 29 53 95 51 47 8 86 17 30 12 62 15 31 9 41 49 31 24 67 93 65 13 18 34 11 29 76 6 82 6 43 87 53 58 57 79 88 82 11 73 49 20 13 26 78 17 5 89 28 51 69 4 59 13 3 77 97 97 62 16 75 13 19 31 60 6 17 96 97 61 44 32 45 25 63 80 22 20 78 34 5 
73 44 44 0 40 68 35 35 43 79 83 39 49 82 6 92 9 41 70 6 8 79 38 79 34 28 52 78 31 44 47 10 68 4 68 55 98 64 81 29 38 65 38 94 19 79 71 93 53 11 33 47 64 94 19 37 30 40 29 55 30 56 91 28 61 13 18 72 92 8 84 57 52 33 77 63 52 97 31 23 6 92 96 23 77 23 19 94 30 19 53 32 50 99 84 94 46 52 87 16 72 49 29 84 28 44 20 80 71 89 87 12 66 94 16 52 99 87 46 64 43 23 83 41 45 17 18 89 1 98 83 72 15 37 27 33 2 49 89 23 35 95 22 69 68 49 19 98 12 12 53 77 69 46 65 90 41 8 8 34 59 8 35 5 6 62 51 77 46 97 22 93 72 93 26 98 2 14 39 86 
10 7 2 40 0 28 39 85 34 2 32 39 29 76 32 52 67 68 33 75 33 98 6 1 38 73 44 25 17 97 97 42 25 22 28 47 36 63 69 63 33 46 89 43 58 26 33 34 7 66 52 32 8 14 4 29 16 30 67 62 84 97 59 83 35 31 58 97 50 47 84 42 21 41 51 5 10 1 91 22 75 22 34 39 38 44 34 96 42 72 70 71 24 87 40 32 38 39 57 88 29 37 67 11 85 1 17 31 4 79 60 54 70 50 75 47 28 34 73 69 40 33 98 8 34 63 15 78 44 62 86 37 13 54 27 83 13 26 2 42 56 56 65 16 93 41 61 71 50 51 33 91 21 53 39 66 81 58 53 90 20 95 65 43 48 22 98 2 90 39 13 19 78 78 89 91 84 40 99 16 
76 78 83 68 28 0 38 97 37 99 2 33 31 8 51 51 33 44 42 70 2 98 52 31 83 50 82 83 96 72 22 19 47 45 92 10 5 78 64 24 96 60 65 83 32 2 85 79 69 55 26 84 28 57 93 9 56 77 47 50 12 9 62 75 24 89 90 83 83 6 43 47 22 52 74 43 14 19 24 46 96 53 34 55 15 58 62 41 73 66 23 3 87 2 73 52 72 88 78 63 49 1 43 40 4 58 44 54 44 75 99 98 76 60 67 75 92 6 27 68 32 12 4 55 2 14 60 57 82 9 39 5 71 77 74 6 80 85 60 32 91 8 67 33 47 76 83 45 65 38 48 74 91 85 16 66 53 70 67 90 29 20 18 6 80 11 30 18 82 47 8 18 87 62 65 8 30 56 29 44 
6 57 95 35 39 38 0 99 56 6 51 93 64 53 35 99 84 78 38 90 55 5 44 12 30 77 90 33 51 52 43 24 90 44 89 96 29 65 87 59 89 52 23 11 32 10 7 31 68 19 13 74 75 92 66 86 54 43 7 10 37 88 60 9 54 88 19 22 68 15 21 86 10 43 67 21 17 59 78 43 36 76 29 86 35 45 93 83 9 31 65 78 19 39 12 57 53 84 77 69 26 70 32 60 63 30 67 33 72 61 94 73 28 98 94 69 39 61 98 10 68 79 64 21 36 56 29 46 93 57 52 5 80 76 32 77 53 39 84 81 75 71 27 58 31 65 39 19 96 42 96 58 49 43 53 23 65 71 62 61 97 28 1 27 51 21 27 66 78 19 61 83 60 63 39 24 69 70 62 88 
80 60 97 35 85 97 99 0 67 20 37 18 22 78 27 33 9 9 21 69 83 55 86 94 75 90 24 95 91 14 12 43 11 89 25 48 69 44 92 14 7 3 68 94 5 29 36 83 78 47 79 7 92 81 21 24 64 72 7 22 65 51 91 10 93 68 86 34 72 9 52 34 62 8 60 42 28 52 41 72 46 95 10 89 47 59 22 55 1 20 20 86 28 98 22 95 19 68 36 96 30 23 57 11 43 73 32 13 83 8 88 9 62 24 35 95 4 56 69 16 25 95 63 27 99 48 88 36 17 88 91 79 88 58 25 56 50 53 25 16 68 74 47 21 67 95 13 26 1 98 99 78 12 91 25 55 48 78 41 60 96 80 90 32 57 34 39 93 21 15 10 68 82 80 4 48 71 43 6 21 
65 16 27 43 34 37 56 67 0 58 60 55 78 25 59 80 37 81 59 52 64 74 84 89 83 56 79 71 28 24 54 70 69 24 47 40 67 78 27 25 18 88 2 46 59 22 18 57 34 44 76 99 3 97 91 84 27 27 53 56 8 63 32 80 93 77 47 88 71 70 56 93 99 88 86 75 16 15 57 88 2 85 76 77 91 19 63 46 66 53 29 88 39 21 98 52 60 95 65 15 98 53 45 17 65 31 83 11 46 89 79 60 98 43 65 6 91 77 56 43 21 89 69 19 93 50 84 16 18 62 8 65 56 3 91 5 17 78 69 31 53 85 37 99 60 32 36 33 51 52 6 34 1 10 32 36 89 61 39 12 45 44 8 63 57 97 94 53 25 44 52 11 95 50 19 11 62 40 7 8 
17 25 85 79 2 99 6 20 58 0 80 13 1 4 52 16 68 82 60 67 16 62 65 20 45 88 62 22 1 64 95 85 2 85 61 77 23 15 25 47 33 81 71 55 25 78 90 36 58 32 40 15 94 49 14 20 16 98 42 36 26 52 35 23 34 62 79 8 33 4 68 96 58 97 47 90 22 93 85 59 65 41 79 79 63 63 48 28 72 43 15 94 52 19 79 11 36 50 94 80 90 5 6 87 30 54 81 73 30 39 79 55 43 65 69 45 85 74 51 81 51 36 73 16 40 3 36 98 80 16 16 95 67 35 84 94 19 75 19 26 18 50 38 21 41 53 24 19 80 52 33 38 31 41 51 74 69 81 16 64 65 92 21 55 24 7 25 1 49 81 29 89 2 74 22 1 77 33 41 82 
2 10 31 83 32 2 51 37 60 80 0 84 31 88 54 34 83 23 4 35 50 89 71 38 34 13 38 80 66 7 80 93 4 33 86 45 30 47 68 67 29 58 85 44 95 94 21 53 32 26 64 53 60 18 23 55 14 31 24 51 22 72 4 24 13 78 8 53 31 27 9 97 85 82 74 40 57 61 26 66 96 28 19 87 2 35 3 18 86 12 94 54 60 83 12 84 4 84 1 94 86 52 92 33 87 85 82 6 12 70 10 47 75 94 33 39 43 64 24 41 64 64 32 19 41 6 93 80 83 75 41 26 69 50 83 87 47 14 22 81 82 95 50 52 15 31 11 86 5 8 55 60 85 99 42 36 57 14 12 53 67 22 82 95 35 62 92 86 61 93 99 92 75 9 76 82 28 26 87 37 
77 67 65 39 39 33 93 18 55 13 84 0 15 4 93 85 73 44 9 56 18 61 33 99 84 28 96 53 51 81 92 80 27 38 25 57 41 53 39 20 45 21 64 22 66 69 93 19 69 17 79 60 57 45 36 40 62 33 68 54 63 76 9 35 34 93 26 68 2 99 9 90 28 30 90 78 11 62 17 80 75 77 98 1 31 4 82 65 39 68 31 22 27 96 11 70 34 37 10 1 56 70 11 4 40 78 38 17 26 47 8 44 1 57 15 56 56 53 79 98 54 61 1 15 61 67 96 40 72 8 17 67 62 70 51 59 80 15 78 13 12 80 96 35 7 70 86 45 71 73 13 47 83 8 30 61 83 74 47 87 85 98 48 89 74 77 88 46 37 88 40 38 7 44 59 2 84 30 49 56 
72 72 23 49 29 31 64 22 78 1 31 15 0 46 9 35 30 1 80 20 5 72 2 9 27 41 90 33 71 97 8 39 82 30 4 75 51 92 17 50 43 71 9 32 26 35 55 98 97 71 6 64 95 25 47 21 23 1 70 23 28 26 65 46 39 58 53 53 33 70 80 6 34 65 54 54 54 13 81 97 34 52 56 81 55 13 86 11 82 79 72 85 30 13 64 8 71 83 64 65 45 70 76 89 35 15 60 89 34 25 4 42 31 23 54 97 92 92 83 98 37 7 39 99 32 63 48 63 35 72 43 21 91 51 23 3 64 1 93 6 73 53 10 95 98 12 99 41 92 77 88 62 3 23 83 94 99 48 30 96 99 81 2 76 2 53 93 65 76 79 63 77 49 37 50 15 74 22 33 72 
7 54 99 82 76 8 53 78 25 4 88 4 46 0 1 47 25 81 38 17 53 69 93 91 8 61 10 35 64 67 69 14 67 92 1 35 71 17 38 18 39 83 15 38 63 1 34 50 78 32 58 59 74 77 29 77 54 59 32 95 14 39 92 88 60 47 63 87 62 40 72 3 60 26 58 33 31 53 92 42 79 58 46 86 26 74 75 7 3 31 78 79 92 97 43 19 84 90 89 57 43 5 12 25 23 7 5 80 29 54 31 22 28 6 36 73 83 49 52 95 25 77 41 86 29 41 48 24 29 85 90 38 6 24 69 21 14 57 30 29 92 55 29 64 82 61 70 84 73 80 49 53 93 93 97 58 95 40 91 79 62 58 6 77 26 80 94 38 45 61 16 93 42 64 8 3 47 76 53 67 
26 70 53 6 32 51 35 27 59 52 54 93 9 1 0 26 38 4 26 85 65 1 53 82 47 85 18 55 36 79 61 51 47 24 66 1 33 13 91 76 26 56 70 6 15 88 3 92 65 99 88 59 25 46 15 78 87 33 92 73 39 84 21 25 72 28 38 96 83 17 55 97 53 74 6 67 81 95 51 3 90 33 8 90 86 37 67 74 12 36 43 40 53 94 85 21 74 8 53 70 58 63 90 84 17 29 46 83 82 69 68 62 84 70 39 75 64 73 13 35 25 84 35 23 90 41 88 76 78 39 76 22 16 56 69 83 69 12 37 58 28 80 2 13 2 9 90 64 91 16 86 81 85 28 94 8 15 76 13 62 21 38 63 67 34 58 75 73 6 1 3 5 65 58 36 31 5 76 81 15 
51 37 4 92 52 51 99 33 80 16 34 85 35 47 26 0 3 53 55 16 97 89 1 60 63 2 92 68 82 42 84 45 98 7 88 57 50 48 73 60 94 83 81 99 93 39 11 88 66 96 89 60 74 96 92 35 51 52 83 83 52 92 25 56 69 66 38 58 98 88 45 58 42 33 28 56 64 81 92 77 57 27 63 54 93 23 39 21 59 44 20 46 76 38 85 35 88 59 2 41 86 38 59 8 25 25 84 42 95 28 33 15 26 14 79 37 25 4 57 94 32 29 77 3 61 60 73 41 16 38 8 83 39 48 61 61 49 83 9 86 69 40 64 55 14 62 41 74 75 69 25 26 34 19 79 47 79 8 78 9 39 50 15 18 46 58 78 88 27 32 59 24 38 43 94 90 82 97 27 47 
21 22 71 9 67 33 84 9 37 68 83 73 30 25 38 3 0 19 25 40 76 40 7 69 40 47 22 68 74 25 72 33 13 87 66 8 3 97 21 4 86 95 36 18 18 56 44 53 96 26 90 30 52 68 48 21 72 80 9 24 61 57 10 47 61 66 63 22 14 23 28 26 18 33 94 15 86 53 26 61 84 69 90 25 58 64 13 19 27 78 26 1 23 15 75 40 76 20 10 72 54 67 28 89 3 72 86 20 15 14 98 83 23 62 82 12 29 45 3 4 11 32 92 97 30 56 30 34 42 66 50 26 86 49 54 49 1 39 8 22 6 16 78 81 64 98 31 33 73 45 41 68 25 79 68 51 49 36 53 32 2 65 32 19 67 16 44 40 21 2 1 46 83 30 27 8 53 4 22 84 
19 41 13 41 68 44 78 9 81 82 23 44 1 81 4 53 19 0 80 63 70 68 9 73 44 96 90 77 73 59 69 59 82 64 93 53 38 48 52 24 71 1 24 23 88 60 9 3 19 4 15 80 68 35 82 65 45 43 35 79 45 61 68 43 23 42 69 42 40 81 43 68 99 14 26 39 76 6 93 23 40 74 15 48 72 2 34 71 61 20 16 98 99 54 70 21 36 39 50 82 59 13 76 54 25 96 23 34 25 31 88 1 88 36 46 64 9 42 15 63 11 30 31 38 98 40 11 68 55 78 46 74 69 24 82 65 82 82 33 94 15 31 39 97 88 1 38 67 43 62 19 1 46 83 95 72 71 97 54 1 43 41 40 25 41 93 73 32 5 30 36 36 49 31 48 1 80 8 53 10 
85 78 40 70 33 42 38 21 59 60 4 9 80 38 26 55 25 80 0 25 52 86 92 76 15 82 62 41 13 28 45 1 55 65 17 91 18 60 91 96 38 73 84 82 40 44 71 91 24 31 74 64 91 49 45 95 17 60 91 45 86 49 18 52 49 7 77 67 87 36 45 79 99 1 39 19 82 37 49 4 52 49 4 89 58 17 88 64 87 22 34 95 32 69 39 72 70 54 13 97 47 41 18 94 79 62 36 59 32 31 49 31 97 97 21 7 75 36 37 74 39 72 57 72 68 50 62 83 99 84 86 88 48 1 66 22 22 40 77 61 3 41 78 44 84 60 67 79 86 51 23 38 14 16 85 47 39 90 55 28 30 49 16 74 30 52 50 89 65 14 53 95 60 35 4 65 81 93 58 1 
12 92 84 6 75 70 90 69 52 67 35 56 20 17 85 16 40 63 25 0 10 91 39 18 14 43 53 10 39 26 58 82 52 70 54 90 70 30 91 63 77 21 56 89 96 2 63 55 11 32 70 96 48 49 11 41 26 73 88 23 50 56 89 4 29 25 21 66 88 10 12 22 59 88 95 65 79 88 72 87 83 1 43 35 67 58 93 7 71 3 13 91 5 1 35 77 9 24 62 28 16 12 86 54 91 48 61 89 30 84 51 70 39 84 75 96 48 6 60 12 36 52 85 74 13 36 17 10 85 59 49 22 48 72 57 52 68 4 93 51 54 88 80 93 40 81 83 83 3 31 86 48 66 42 57 42 80 45 95 80 87 34 55 16 28 38 6 65 35 43 88 45 91 43 45 53 89 58 81 3 
29 50 49 8 33 2 55 83 64 16 50 18 5 53 65 97 76 70 52 10 0 65 74 96 50 32 32 42 40 15 3 48 36 51 33 33 42 43 96 17 84 29 32 92 12 39 88 17 57 10 65 84 27 3 39 86 31 87 54 32 31 37 16 22 93 48 74 45 5 67 44 19 60 91 30 78 10 24 91 9 92 15 88 48 73 38 42 90 31 40 6 34 75 20 94 38 90 16 13 98 65 1 70 51 48 19 69 68 67 75 70 56 66 82 51 49 5 51 57 79 39 11 95 25 40 59 56 1 39 94 86 96 71 74 56 16 97 50 56 7 33 30 94 79 20 29 79 42 93 25 90 11 70 16 47 30 45 20 84 75 80 45 99 13 87 78 50 32 54 88 93 79 3 70 97 23 43 3 21 57 
30 48 62 79 98 98 5 55 74 62 89 61 72 69 1 89 40 68 86 91 65 0 40 38 27 22 4 63 29 10 55 2 29 7 45 68 33 30 70 13 91 16 75 93 17 24 16 12 5 72 95 25 81 38 64 61 82 50 79 12 1 48 24 82 91 13 57 82 29 36 81 9 17 7 22 35 48 46 43 26 36 76 27 54 88 75 67 78 61 53 50 37 61 96 48 70 35 62 33 48 19 92 92 74 82 13 42 58 71 3 35 81 67 88 72 15 27 40 91 59 46 83 85 53 14 10 26 48 65 89 40 86 22 46 45 89 84 69 68 71 36 35 25 62 88 74 21 77 73 59 56 16 83 42 64 28 97 83 90 72 74 97 61 90 80 89 23 35 56 8 38 99 1 76 74 64 58 65 40 15 
15 78 71 38 6 52 44 86 84 65 71 33 2 93 53 1 7 9 92 39 74 40 0 23 27 16 82 77 93 27 50 89 33 26 99 53 61 78 6 47 65 11 98 2 57 73 92 57 22 87 38 73 75 93 15 15 50 89 46 87 31 84 78 72 59 63 43 19 59 76 13 29 46 50 95 23 77 57 90 39 87 12 20 89 51 75 92 91 41 60 3 9 76 72 30 96 11 73 64 14 36 62 28 6 49 37 83 68 7 39 19 72 54 16 53 47 98 75 54 4 25 44 26 27 2 7 19 35 32 97 81 99 44 52 37 83 9 3 20 63 95 76 26 36 80 63 77 77 75 71 48 79 32 34 44 10 57 87 47 38 37 11 51 78 20 46 35 36 8 72 2 4 47 62 7 4 9 37 85 49 
51 41 14 79 1 31 12 94 89 20 38 99 9 91 82 60 69 73 76 18 96 38 23 0 82 15 16 49 44 44 58 86 68 47 51 3 1 82 59 19 46 66 28 97 84 59 21 97 44 85 12 99 91 47 38 89 41 7 45 31 59 34 66 22 90 58 1 78 68 16 71 4 48 43 2 82 48 17 69 22 62 30 45 97 67 35 89 87 78 98 39 11 22 17 79 8 54 54 68 78 13 87 86 29 14 62 7 58 46 62 52 94 7 58 41 8 5 93 8 19 52 73 3 83 47 19 87 30 36 12 53 77 38 79 70 25 70 30 78 25 43 11 66 86 54 21 14 27 7 32 84 50 66 55 1 51 82 38 77 71 21 55 16 46 30 71 15 14 77 82 48 44 76 63 26 26 73 43 62 45 
69 79 37 34 38 83 30 75 83 45 34 84 27 8 47 63 40 44 15 14 50 27 27 82 0 45 54 33 29 6 21 62 8 52 98 51 84 22 10 78 12 68 36 38 42 10 16 94 86 77 30 53 26 87 38 16 23 92 37 46 67 4 59 96 73 73 90 17 86 75 33 63 7 74 38 3 46 14 42 34 4 5 31 66 70 89 75 37 66 57 78 71 17 43 98 58 94 6 90 88 30 96 70 87 42 82 52 47 59 40 84 16 76 94 94 53 57 26 80 37 5 83 95 12 43 23 85 29 57 33 59 87 69 67 23 3 74 2 34 81 8 64 70 6 43 16 36 47 82 24 21 5 24 26 47 32 26 19 12 54 46 7 21 6 68 12 45 45 27 86 57 81 54 38 47 12 65 57 84 23 
88 46 24 28 73 50 77 90 56 88 13 28 41 61 85 2 47 96 82 43 32 22 16 15 45 0 57 77 75 72 37 51 32 24 29 1 40 62 33 67 59 47 80 38 54 91 89 34 35 26 79 20 84 53 76 85 64 97 80 99 42 39 40 7 9 1 88 43 19 45 44 94 6 3 63 37 95 60 84 20 24 31 18 99 40 56 24 17 10 92 31 49 50 38 52 22 1 32 94 19 40 45 50 45 24 37 82 90 70 75 86 69 62 44 47 54 75 13 36 18 12 5 88 27 66 17 76 26 64 25 17 80 85 57 20 34 66 30 39 84 54 70 92 65 20 55 76 70 71 94 23 82 29 98 74 58 51 21 30 33 44 92 48 47 58 80 2 13 40 20 56 60 58 67 89 58 54 56 3 34 
88 88 23 52 44 82 90 24 79 62 38 96 90 10 18 92 22 90 62 53 32 4 82 16 54 57 0 45 54 38 63 74 61 70 73 87 83 13 49 9 84 65 27 53 18 28 43 49 54 93 15 85 46 29 16 34 90 71 15 91 80 66 14 27 52 24 94 11 73 52 30 20 3 37 23 57 99 95 59 22 35 40 55 29 12 60 3 4 87 11 28 2 62 71 13 31 68 80 62 58 8 43 4 54 90 13 75 76 60 35 70 51 98 93 22 86 76 44 4 85 7 2 66 97 19 54 8 71 47 26 35 56 72 64 95 12 13 50 80 68 55 70 82 42 32 83 34 74 10 89 75 96 2 20 12 73 42 24 36 59 30 15 2 50 95 40 28 58 20 33 12 52 88 86 65 77 61 9 40 85 
95 17 67 78 25 83 33 95 71 22 80 53 33 35 55 68 68 77 41 10 42 63 77 49 33 77 45 0 98 19 4 47 41 32 96 43 63 24 17 89 32 98 76 84 7 19 46 65 54 86 44 51 43 14 8 1 6 14 9 39 67 60 98 67 6 26 89 7 16 75 60 20 51 23 3 76 76 51 42 9 48 84 28 10 71 19 79 70 62 84 36 36 57 54 23 14 49 22 8 7 78 29 44 85 71 98 29 74 90 7 54 14 73 55 90 51 49 39 58 35 69 66 52 25 86 48 39 85 39 32 79 79 9 37 96 73 38 78 35 40 20 68 32 71 65 56 60 57 27 90 78 31 53 89 32 84 44 1 52 11 73 40 77 14 70 70 50 12 13 60 14 90 32 20 26 65 87 67 19 87 
97 29 93 31 17 96 51 91 28 1 66 51 71 64 36 82 74 73 13 39 40 29 93 44 29 75 54 98 0 92 99 99 37 49 15 41 46 79 64 1 55 21 85 24 56 60 41 38 3 35 70 44 91 41 84 61 46 19 69 27 61 46 59 24 2 41 14 78 63 52 95 48 62 58 65 98 24 2 3 68 84 5 9 78 15 14 99 7 96 69 98 87 29 74 35 84 59 49 10 15 32 25 25 23 75 26 20 97 75 62 86 8 54 89 62 76 69 18 44 29 18 53 49 92 95 60 22 87 72 93 10 11 21 84 16 47 39 20 61 7 24 32 92 1 84 72 10 68 66 3 66 48 87 26 20 5 53 71 5 23 63 60 41 70 71 24 77 32 59 28 73 31 19 57 45 37 60 89 57 84 
87 46 96 44 97 72 52 14 24 64 7 81 97 67 79 42 25 59 28 26 15 10 27 44 6 72 38 19 92 0 57 2 49 9 55 24 94 54 71 24 43 69 62 31 73 27 36 89 95 22 61 33 91 87 19 10 30 75 31 59 40 95 26 74 74 54 76 78 61 27 7 85 68 78 34 92 52 37 34 84 41 14 65 52 74 7 57 22 60 31 46 69 58 20 83 32 71 61 76 34 18 79 97 1 83 42 68 86 63 35 25 98 73 13 51 64 65 34 60 36 20 7 24 97 61 19 97 63 10 24 41 77 98 7 80 35 81 7 33 13 71 96 52 46 18 88 87 85 7 58 58 84 73 7 88 19 31 7 88 14 54 62 41 39 17 48 39 98 1 66 49 70 32 66 1 76 77 20 85 83 
14 68 54 47 97 22 43 12 54 95 80 92 8 69 61 84 72 69 45 58 3 55 50 58 21 37 63 4 99 57 0 64 39 55 87 13 22 19 46 60 61 13 29 12 14 61 83 60 88 84 3 34 92 10 3 77 44 82 18 89 54 51 76 7 37 95 17 77 99 63 23 71 70 83 16 96 19 22 10 3 79 79 7 97 60 37 26 6 62 9 7 21 57 14 94 4 79 6 82 91 40 99 8 33 11 69 45 99 82 80 98 20 50 67 62 51 26 41 25 56 3 87 6 10 95 81 26 54 72 66 56 64 8 69 87 40 58 74 78 39 32 77 60 82 28 90 40 9 4 15 99 10 76 79 82 65 74 84 16 65 53 48 27 54 17 26 8 25 5 10 26 37 90 81 53 70 55 26 42 19 
10 67 10 10 42 19 24 43 70 85 93 80 39 14 51 45 33 59 1 82 48 2 89 86 62 51 74 47 99 2 64 0 12 81 4 2 18 51 91 19 46 45 49 21 92 17 36 30 8 29 7 30 98 97 95 3 89 91 61 70 1 87 15 69 74 16 87 90 45 68 16 51 35 53 15 71 31 29 93 73 35 60 15 81 13 87 64 86 79 3 10 76 31 33 20 68 77 31 71 9 18 75 67 49 66 17 33 18 78 59 12 67 34 8 7 5 63 1 22 21 38 51 59 82 79 7 47 13 62 50 52 28 60 15 22 88 54 14 75 35 50 71 24 54 52 13 71 11 99 5 97 12 75 38 32 44 95 38 87 1 39 26 23 45 94 47 86 14 32 47 82 67 37 53 35 32 14 48 19 26 
8 79 42 68 25 47 90 11 69 2 4 27 82 67 47 98 13 82 55 52 36 29 33 68 8 32 61 41 37 49 39 12 0 64 87 6 24 20 31 5 8 52 99 67 65 28 96 56 1 44 44 91 63 65 5 7 25 24 28 31 69 26 94 51 68 3 99 86 57 19 13 25 38 70 65 59 1 65 14 22 38 99 15 18 91 90 23 21 51 73 49 11 24 97 66 13 21 86 22 47 32 27 35 59 91 83 70 15 80 84 79 63 26 68 18 20 55 38 1 81 62 62 4 17 54 78 25 65 20 72 63 54 5 5 72 84 70 80 61 98 54 33 88 7 3 41 6 22 4 12 80 68 7 76 47 17 64 5 20 41 38 63 59 6 80 87 75 45 11 7 33 41 9 67 96 73 58 25 95 34 
64 47 58 4 22 45 44 89 24 85 33 38 30 92 24 7 87 64 65 70 51 7 26 47 52 24 70 32 49 9 55 81 64 0 48 95 53 92 12 37 7 61 30 50 56 7 41 64 8 76 27 56 32 83 96 55 78 77 7 96 91 79 58 14 84 24 21 66 91 85 55 67 84 88 38 17 8 81 69 16 16 83 21 48 21 59 10 97 56 60 89 8 26 10 11 37 40 21 83 76 29 99 41 86 84 6 11 49 61 68 60 34 22 77 84 7 22 15 42 66 79 69 39 92 54 81 95 13 90 78 61 58 52 15 68 49 55 10 23 34 99 57 81 15 32 20 43 32 74 28 62 15 54 41 91 44 12 74 73 32 52 59 16 49 4 26 65 29 69 60 60 84 78 5 70 67 74 44 88 84 
62 1 89 68 28 92 89 25 47 61 86 25 4 1 66 88 66 93 17 54 33 45 99 51 98 29 73 96 15 55 87 4 87 48 0 74 79 63 5 73 41 98 13 19 55 36 20 32 10 71 30 33 86 95 87 85 84 12 85 97 96 83 29 90 37 18 96 22 11 80 62 40 89 91 72 84 46 13 20 45 20 85 64 42 64 31 52 12 54 32 75 92 69 11 21 88 73 78 1 39 89 48 6 47 75 72 94 58 18 47 38 88 88 74 4 51 64 64 61 53 49 52 7 64 94 2 25 23 89 49 35 23 40 19 64 75 89 18 8 28 87 79 3 51 17 44 80 12 78 14 95 39 1 72 27 93 77 95 89 55 17 63 74 57 54 40 19 65 79 69 59 51 54 44 48 51 48 88 95 55 
23 30 94 55 47 10 96 48 40 77 45 57 75 35 1 57 8 53 91 90 33 68 53 3 51 1 87 43 41 24 13 2 6 95 74 0 75 66 4 45 12 53 57 41 15 39 98 14 47 62 6 62 15 78 66 93 48 77 14 6 23 42 7 16 31 47 93 33 19 30 72 4 1 51 70 41 36 52 16 50 9 68 66 35 35 86 39 3 46 59 18 34 93 9 45 6 10 42 51 74 78 63 8 33 80 67 42 78 77 49 92 14 76 2 33 28 10 37 8 55 12 90 37 81 59 77 64 24 33 66 80 76 74 63 18 87 66 6 77 60 45 93 30 57 57 68 54 18 13 53 83 94 20 61 58 34 62 89 74 80 33 61 71 19 35 74 39 72 23 16 55 28 24 27 12 61 31 62 98 74 
58 64 77 98 36 5 29 69 67 23 30 41 51 71 33 50 3 38 18 70 42 33 61 1 84 40 83 63 46 94 22 18 24 53 79 75 0 45 81 24 65 72 18 65 13 85 39 77 38 38 84 44 88 78 14 44 91 28 47 69 5 99 32 59 90 42 64 97 83 55 88 40 72 37 40 71 17 11 26 48 12 79 64 44 94 42 24 34 89 47 26 46 31 95 87 26 97 38 7 23 30 84 32 88 98 54 16 84 87 16 79 36 7 2 9 83 12 79 81 93 40 7 27 74 77 65 35 27 83 39 92 9 19 25 6 56 46 3 25 48 58 40 80 38 52 10 38 9 70 16 57 67 38 23 76 19 7 78 72 35 41 53 25 50 7 33 67 13 59 87 33 49 46 56 33 27 16 60 57 31 
2 76 83 64 63 78 65 44 78 15 47 53 92 17 13 48 97 48 60 30 43 30 78 82 22 62 13 24 79 54 19 51 20 92 63 66 45 0 67 28 94 21 49 39 23 65 62 85 88 68 70 67 8 16 26 95 63 28 94 19 91 85 74 80 37 1 13 24 98 10 47 87 76 75 6 70 43 4 34 77 21 58 2 67 80 78 62 78 79 86 51 86 17 2 22 58 23 17 68 38 61 79 81 91 1 38 77 81 82 8 61 93 24 13 51 16 64 9 3 43 18 16 51 26 64 52 55 28 45 59 80 5 12 37 22 93 10 91 22 13 46 98 29 40 3 48 71 51 19 92 93 37 83 74 57 66 5 48 39 80 76 19 50 64 71 55 43 70 42 21 17 1 40 68 36 22 87 52 91 65 
1 36 12 81 69 64 87 92 27 25 68 39 17 38 91 73 21 52 91 91 96 70 6 59 10 33 49 17 64 71 46 91 31 12 5 4 81 67 0 4 9 60 2 10 62 25 38 96 71 52 83 84 74 6 58 19 46 63 87 79 87 67 51 22 94 73 71 77 81 37 69 37 77 45 48 45 52 21 3 47 77 37 46 15 25 85 72 31 94 96 12 51 73 69 95 80 63 49 83 36 13 82 32 71 3 71 86 26 25 53 37 2 90 52 96 63 42 68 67 43 55 53 72 31 29 24 10 9 46 94 46 70 21 92 8 18 64 40 62 57 50 43 44 96 86 90 59 98 22 27 23 91 52 59 98 71 28 4 32 11 54 44 25 23 88 16 76 68 24 55 59 67 16 92 27 25 6 27 45 94 
61 54 37 29 63 24 59 14 25 47 67 20 50 18 76 60 4 24 96 63 17 13 47 19 78 67 9 89 1 24 60 19 5 37 73 45 24 28 4 0 81 82 68 58 66 1 12 34 19 61 6 6 72 15 81 26 55 19 85 45 59 71 96 49 11 91 47 73 33 29 76 4 53 34 82 56 91 20 64 12 4 40 31 23 78 63 65 57 72 36 53 47 9 81 61 4 23 32 96 96 56 11 79 56 19 95 88 78 16 90 55 63 75 51 78 56 67 37 63 37 14 66 53 27 73 90 93 92 48 99 13 54 43 17 49 21 8 85 24 77 38 16 5 16 9 49 37 67 78 19 45 39 12 30 97 74 6 94 31 45 2 39 5 33 86 71 61 4 13 68 12 14 29 4 98 71 29 75 90 16 
82 94 17 38 33 96 89 7 18 33 29 45 43 39 26 94 86 71 38 77 84 91 65 46 12 59 84 32 55 43 61 46 8 7 41 12 65 94 9 81 0 42 14 2 52 77 84 72 56 10 81 8 28 45 6 47 79 96 70 51 65 88 61 33 88 28 45 45 44 25 19 76 80 1 55 47 95 2 20 71 71 35 63 10 5 63 49 47 49 91 81 11 71 26 20 9 65 3 73 65 94 20 74 67 32 66 65 69 46 92 94 23 98 55 62 48 25 24 27 34 84 95 41 19 15 39 64 7 72 53 15 44 80 84 41 22 61 97 23 49 86 72 96 38 85 67 57 51 66 89 21 1 76 15 94 27 72 91 75 27 6 99 76 68 16 78 25 27 57 79 2 22 79 1 91 61 75 53 88 44 
9 34 31 65 46 60 52 3 88 81 58 21 71 83 56 83 95 1 73 21 29 16 11 66 68 47 65 98 21 69 13 45 52 61 98 53 72 21 60 82 42 0 64 29 59 92 13 95 14 9 70 27 64 4 5 35 60 8 76 41 20 69 28 88 6 1 83 45 54 55 89 68 30 22 37 40 54 64 17 96 72 77 63 73 22 74 19 83 55 75 74 4 31 79 70 99 97 17 33 49 18 24 76 94 92 65 89 64 71 60 96 28 55 36 30 29 33 54 98 78 81 77 84 4 89 70 58 89 81 48 19 35 70 77 85 33 27 1 75 20 45 29 4 53 93 58 9 62 11 20 28 99 7 36 54 9 22 87 31 96 69 13 52 23 21 94 33 91 96 2 38 25 83 1 7 68 82 5 13 15 
89 3 85 38 89 65 23 68 2 71 85 64 9 15 70 81 36 24 84 56 32 75 98 28 36 80 27 76 85 62 29 49 99 30 13 57 18 49 2 68 14 64 0 59 5 85 94 50 22 41 82 18 67 54 47 33 9 33 75 32 60 50 12 12 55 9 10 73 90 96 73 48 74 77 12 70 58 95 45 4 22 65 32 44 37 87 60 16 40 69 2 15 83 78 69 32 57 38 30 48 70 6 35 28 64 63 12 59 9 54 37 75 13 27 77 3 86 71 21 48 47 1 53 98 6 17 45 30 49 51 87 18 97 58 33 79 2 22 95 1 77 22 85 92 80 53 57 67 92 89 79 96 57 10 12 85 60 14 49 33 46 20 84 34 84 47 55 73 66 72 57 34 54 60 74 69 50 36 69 72 
14 85 58 94 43 83 11 94 46 55 44 22 32 38 6 99 18 23 82 89 92 93 2 97 38 38 53 84 24 31 12 21 67 50 19 41 65 39 10 58 2 29 59 0 52 97 7 85 5 24 22 36 60 40 67 61 34 9 4 69 7 8 68 30 95 78 98 37 75 30 91 56 50 82 46 11 16 71 24 37 25 70 26 73 99 77 79 45 97 12 11 84 94 53 31 31 63 22 23 43 57 96 93 38 44 86 96 73 95 2 17 27 2 98 53 60 54 80 56 76 96 85 29 55 14 8 16 84 35 52 44 91 76 79 52 58 30 69 61 50 81 3 4 79 88 73 26 40 10 44 57 65 10 2 82 16 87 84 80 64 93 6 82 65 28 19 16 12 71 92 52 6 69 21 53 60 37 3 69 27 
48 84 36 19 58 32 32 5 59 25 95 66 26 63 15 93 18 88 40 96 12 17 57 84 42 54 18 7 56 73 14 92 65 56 55 15 13 23 62 66 52 59 5 52 0 22 45 43 43 49 54 5 17 50 21 20 34 65 85 46 35 36 89 25 61 13 82 37 39 16 86 90 84 43 90 67 97 75 40 95 1 11 33 2 88 27 36 40 31 7 66 80 55 59 45 82 17 92 62 77 84 85 3 87 35 77 86 44 23 72 22 80 98 48 60 72 64 36 30 54 35 14 70 48 91 6 55 98 33 13 28 92 99 70 18 31 34 58 14 3 74 35 52 16 8 72 77 13 22 67 10 37 60 72 46 34 92 78 34 74 98 85 39 71 86 37 95 13 43 69 26 89 95 41 82 87 58 57 82 54 
73 49 42 79 26 2 10 29 22 78 94 69 35 1 88 39 56 60 44 2 39 24 73 59 10 91 28 19 60 27 61 17 28 7 36 39 85 65 25 1 77 92 85 97 22 0 3 13 6 29 22 47 90 94 23 98 51 98 15 82 69 82 22 4 90 73 51 52 20 53 20 60 24 59 77 36 73 71 31 81 90 52 63 50 44 13 97 51 33 35 55 84 91 46 46 9 53 79 90 22 64 32 6 72 8 39 9 60 94 72 94 98 83 2 67 43 99 47 60 59 58 16 83 44 11 61 59 51 67 65 34 68 53 59 48 91 24 15 8 32 63 78 4 19 9 45 94 90 68 26 88 21 1 38 72 87 74 26 33 91 32 99 64 10 33 67 69 77 65 35 2 25 65 17 5 87 78 24 72 81 
31 55 82 71 33 85 7 36 18 90 21 93 55 34 3 11 44 9 71 63 88 16 92 21 16 89 43 46 41 36 83 36 96 41 20 98 39 62 38 12 84 13 94 7 45 3 0 22 94 61 48 99 19 83 15 28 62 27 69 80 85 76 60 9 3 81 25 63 33 61 96 45 21 86 92 90 8 19 49 77 37 63 55 31 3 4 7 66 77 11 36 67 66 76 32 56 20 85 71 45 67 56 86 96 60 63 77 81 96 13 81 19 19 9 60 47 72 98 75 65 78 79 47 2 36 83 66 7 49 64 12 87 82 59 95 28 31 18 59 44 72 47 36 7 19 45 41 82 48 41 75 73 58 59 85 4 30 58 45 26 61 9 49 26 29 46 75 54 24 19 97 81 19 95 24 92 37 16 15 66 
72 33 3 93 34 79 31 83 57 36 53 19 98 50 92 88 53 3 91 55 17 12 57 97 94 34 49 65 38 89 60 30 56 64 32 14 77 85 96 34 72 95 50 85 43 13 22 0 78 31 54 61 68 85 96 85 86 64 69 69 22 27 44 38 5 34 41 45 95 32 57 57 99 85 15 28 19 77 13 25 55 49 48 44 62 8 20 47 20 80 59 95 61 54 14 31 29 3 76 93 44 30 91 80 48 35 29 10 53 25 73 89 88 1 24 17 15 90 44 7 76 37 42 22 2 85 35 88 86 72 15 83 4 10 45 26 49 88 70 94 78 35 76 40 28 14 46 90 19 2 38 69 21 31 84 97 89 12 42 76 73 6 87 44 38 98 76 40 94 34 15 78 97 18 73 83 97 37 63 13 
4 29 86 53 7 69 68 78 34 58 32 69 97 78 65 66 96 19 24 11 57 5 22 44 86 35 54 54 3 95 88 8 1 8 10 47 38 88 71 19 56 14 22 5 43 6 94 78 0 80 58 84 24 86 32 20 96 52 69 16 39 55 68 44 33 73 34 93 37 13 55 89 36 92 95 11 97 88 68 31 67 39 31 45 65 90 17 99 76 68 32 1 24 84 78 90 10 28 40 91 18 76 63 38 61 44 42 39 17 84 85 89 19 66 10 15 56 31 8 83 4 22 74 23 13 16 91 47 37 30 72 42 41 75 73 60 58 2 21 98 18 33 2 87 82 35 47 41 22 65 89 19 18 51 17 32 20 80 96 41 31 54 66 51 85 4 29 16 74 42 42 52 44 65 75 48 84 30 77 54 
71 56 94 11 66 55 19 47 44 32 26 17 71 32 99 96 26 4 31 32 10 72 87 85 77 26 93 86 35 22 84 29 44 76 71 62 38 68 52 61 10 9 41 24 49 29 61 31 80 0 2 90 71 36 4 4 7 7 88 36 61 30 77 76 42 8 42 32 34 15 89 91 68 11 77 50 20 21 55 74 71 39 36 51 53 42 93 99 13 84 59 29 71 43 25 5 91 25 86 74 29 88 98 57 15 10 20 65 73 1 93 95 38 42 30 56 50 19 16 58 60 89 86 41 89 73 97 83 33 61 42 60 62 83 38 23 48 88 14 24 74 28 3 54 9 6 81 11 71 41 66 36 73 66 52 40 68 28 52 37 69 8 27 39 9 82 11 64 16 80 59 22 6 2 15 81 35 36 86 39 
22 83 37 33 52 26 13 79 76 40 64 79 6 58 88 89 90 15 74 70 65 95 38 12 30 79 15 44 70 61 3 7 44 27 30 6 84 70 83 6 81 70 82 22 54 22 48 54 58 2 0 58 8 57 81 18 45 86 77 72 85 88 53 34 39 80 30 5 60 32 78 9 92 29 94 88 82 6 68 94 52 94 48 88 41 18 37 48 52 26 76 87 66 12 91 17 90 73 67 32 7 14 39 86 5 30 21 93 55 61 23 30 84 30 85 61 40 50 79 67 26 66 60 94 99 80 61 50 72 55 70 43 16 37 39 43 40 52 51 11 13 57 72 75 94 99 91 1 84 26 22 69 41 2 7 15 21 34 74 67 26 48 98 2 22 62 62 20 10 20 44 13 79 79 38 75 8 7 64 98 
50 32 47 47 32 84 74 7 99 15 53 60 64 59 59 60 30 80 64 96 84 25 73 99 53 20 85 51 44 33 34 30 91 56 33 62 44 67 84 6 8 27 18 36 5 47 99 61 84 90 58 0 90 83 88 92 1 16 72 31 82 88 53 48 54 49 63 12 11 54 51 71 53 64 50 18 45 29 96 89 50 43 38 23 88 86 20 5 40 24 27 11 20 43 64 90 34 86 64 57 89 26 85 54 35 60 45 22 94 90 59 60 8 71 71 50 13 4 82 3 42 43 19 36 64 60 33 94 58 28 77 89 8 6 88 43 65 78 74 46 4 70 77 97 99 27 54 78 8 31 65 71 72 23 48 65 92 97 98 75 36 10 38 10 48 30 25 63 10 91 70 55 49 55 85 38 2 49 97 11 
58 29 81 64 8 28 75 92 3 94 60 57 95 74 25 74 52 68 91 48 27 81 75 91 26 84 46 43 91 91 92 98 63 32 86 15 88 8 74 72 28 64 67 60 17 90 19 68 24 71 8 90 0 27 24 68 69 45 74 92 44 83 58 42 4 73 2 51 65 29 20 35 27 73 87 26 24 62 4 54 22 84 95 30 17 23 17 60 33 43 30 17 44 16 18 69 5 21 77 31 95 67 72 3 97 23 26 55 29 30 19 98 36 61 78 26 69 52 42 26 55 92 99 96 80 98 48 11 63 61 99 64 71 6 88 49 73 79 56 42 98 89 30 38 1 95 1 76 16 51 6 65 4 84 77 50 79 64 20 74 91 58 48 68 66 11 1 95 8 57 12 51 16 32 62 56 13 82 62 48 
4 95 28 94 14 57 92 81 97 49 18 45 25 77 46 96 68 35 49 49 3 38 93 47 87 53 29 14 41 87 10 97 65 83 95 78 78 16 6 15 45 4 54 40 50 94 83 85 86 36 57 83 27 0 72 36 37 96 98 65 24 93 1 66 97 90 75 78 89 88 49 5 57 4 74 73 72 14 76 63 43 81 32 47 71 30 18 48 38 13 62 61 33 58 33 86 23 10 44 70 98 39 5 38 74 6 34 75 18 9 16 30 53 17 36 66 21 99 39 91 13 5 63 68 54 10 26 22 35 24 21 50 99 53 98 40 3 98 50 99 21 7 70 32 4 96 32 12 22 42 2 59 86 99 23 43 9 21 71 55 52 15 77 3 63 76 28 8 42 22 44 20 80 74 94 39 39 44 10 2 
69 75 73 19 4 93 66 21 91 14 23 36 47 29 15 92 48 82 45 11 39 64 15 38 38 76 16 8 84 19 3 95 5 96 87 66 14 26 58 81 6 5 47 67 21 23 15 96 32 4 81 88 24 72 0 88 18 15 58 94 20 42 43 79 96 42 81 23 40 88 8 29 32 4 95 77 15 68 56 69 94 52 35 42 28 18 27 65 51 54 84 22 9 10 13 17 74 26 64 12 48 20 75 26 43 44 98 81 55 83 39 20 7 5 94 58 4 91 91 10 6 93 57 99 71 92 30 53 45 87 5 37 11 87 84 23 55 50 85 4 54 27 33 1 16 79 54 29 25 83 16 59 26 67 1 61 86 68 18 50 80 74 19 41 92 78 95 62 81 84 4 2 45 38 63 63 22 25 97 60 
25 9 29 37 29 9 86 24 84 20 55 40 21 77 78 35 21 65 95 41 86 61 15 89 16 85 34 1 61 10 77 3 7 55 85 93 44 95 19 26 47 35 33 61 20 98 28 85 20 4 18 92 68 36 88 0 8 58 97 79 28 32 97 46 38 59 43 29 96 21 23 40 2 1 13 28 6 55 66 26 8 6 59 99 20 68 62 30 98 90 62 50 96 52 73 12 74 43 99 79 98 83 60 67 34 7 39 11 17 33 14 86 39 16 91 2 48 96 63 69 36 2 85 76 38 57 62 27 14 79 27 31 46 72 96 81 15 88 39 57 90 16 76 32 55 59 41 35 70 31 3 14 89 17 33 17 91 60 64 30 94 74 35 29 56 72 46 50 42 41 45 96 5 58 12 55 24 46 61 7 
44 33 3 30 16 56 54 64 27 16 14 62 23 54 87 51 72 45 17 26 31 82 50 41 23 64 90 6 46 30 44 89 25 78 84 48 91 63 46 55 79 60 9 34 34 51 62 86 96 7 45 1 69 37 18 8 0 38 72 44 8 20 44 30 62 67 65 21 36 75 2 97 78 26 49 91 88 95 41 81 44 49 29 59 14 25 36 30 43 8 66 79 43 24 25 27 15 74 47 15 36 22 67 79 25 85 24 10 95 47 97 90 1 24 64 24 8 29 65 49 15 77 71 30 50 73 35 20 97 25 94 20 91 1 79 85 58 67 29 83 6 64 71 5 30 69 38 99 45 54 50 14 27 74 71 96 44 5 12 49 11 51 94 96 2 53 59 68 97 57 58 72 93 71 1 40 3 19 73 41 
77 9 14 40 30 77 43 72 27 98 31 33 1 59 33 52 80 43 60 73 87 50 89 7 92 97 71 14 19 75 82 91 24 77 12 77 28 28 63 19 96 8 33 9 65 98 27 64 52 7 86 16 45 96 15 58 38 0 31 52 58 63 44 14 35 36 17 63 96 86 97 66 66 67 85 70 79 65 43 29 1 95 56 25 27 4 19 12 86 96 11 66 91 13 8 60 52 77 23 34 19 37 47 23 33 54 44 95 31 31 16 97 33 85 41 32 35 66 35 75 16 92 9 18 76 61 72 25 90 34 65 80 48 90 34 68 53 94 54 79 68 98 58 81 54 28 99 47 54 56 70 20 73 91 90 10 16 93 36 67 9 89 96 80 70 85 55 37 85 81 9 8 25 79 9 10 94 81 91 13 
27 85 42 29 67 47 7 7 53 42 24 68 70 32 92 83 9 35 91 88 54 79 46 45 37 80 15 9 69 31 18 61 28 7 85 14 47 94 87 85 70 76 75 4 85 15 69 69 69 88 77 72 74 98 58 97 72 31 0 67 30 67 25 38 62 86 47 91 49 31 68 20 44 2 88 81 82 32 16 89 71 4 69 49 54 35 75 24 10 10 83 9 72 42 88 47 75 70 98 98 56 60 2 9 64 80 79 48 93 62 13 36 35 17 99 12 16 82 89 75 46 76 78 95 6 49 69 69 54 49 11 47 1 87 62 62 46 55 94 16 64 17 66 40 98 37 85 21 67 46 46 66 78 8 39 20 53 60 33 29 25 39 89 73 91 94 68 79 86 2 43 54 3 12 75 61 92 90 42 11 
53 78 37 55 62 50 10 22 56 36 51 54 23 95 73 83 24 79 45 23 32 12 87 31 46 99 91 39 27 59 89 70 31 96 97 6 69 19 79 45 51 41 32 69 46 82 80 69 16 36 72 31 92 65 94 79 44 52 67 0 57 14 78 19 26 3 97 1 98 87 29 91 3 2 85 94 57 7 66 6 10 18 88 18 13 76 6 10 44 1 86 89 18 64 27 29 88 2 78 34 81 16 48 78 74 38 25 26 5 16 95 55 26 33 48 8 59 47 76 62 49 68 81 5 58 55 19 98 49 27 27 25 64 33 43 31 3 80 26 11 29 15 33 7 72 96 44 36 46 93 29 28 16 10 95 32 54 71 22 67 61 38 98 58 72 92 58 96 91 21 95 6 2 27 8 62 4 30 22 89 
81 51 41 30 84 12 37 65 8 26 22 63 28 14 39 52 61 45 86 50 31 1 31 59 67 42 80 67 61 40 54 1 69 91 96 23 5 91 87 59 65 20 60 7 35 69 85 22 39 61 85 82 44 24 20 28 8 58 30 57 0 60 92 99 59 13 17 3 1 72 32 43 59 29 93 41 32 75 35 41 26 57 74 77 2 13 54 85 61 45 40 56 90 68 65 42 96 47 19 46 87 94 11 34 57 32 4 21 35 67 96 25 75 40 73 88 7 34 52 84 23 17 16 82 70 70 66 78 64 56 97 70 52 55 10 17 53 26 22 58 26 50 52 47 95 90 33 38 39 4 3 38 6 7 63 87 90 44 25 95 67 36 88 87 64 17 95 28 44 11 83 45 37 8 77 43 44 16 75 32 
42 80 19 56 97 9 88 51 63 52 72 76 26 39 84 92 57 61 49 56 37 48 84 34 4 39 66 60 46 95 51 87 26 79 83 42 99 85 67 71 88 69 50 8 36 82 76 27 55 30 88 88 83 93 42 32 20 63 67 14 60 0 49 87 11 22 92 24 45 25 27 86 27 43 97 18 76 18 43 53 54 74 88 97 41 7 1 4 80 94 33 35 28 13 84 94 91 6 58 51 35 86 45 96 28 71 90 18 49 66 20 64 27 33 2 85 16 79 83 56 53 57 23 58 76 64 32 44 96 35 76 97 57 2 50 86 41 65 51 57 33 63 85 24 71 89 42 39 27 2 1 37 37 42 89 17 69 54 22 93 24 92 50 52 70 54 1 61 13 20 28 13 88 17 70 97 90 33 95 91 
83 42 98 91 59 62 60 91 32 35 4 9 65 92 21 25 10 68 18 89 16 24 78 66 59 40 14 98 59 26 76 15 94 58 29 7 32 74 51 96 61 28 12 68 89 22 60 44 68 77 53 53 58 1 43 97 44 44 25 78 92 49 0 79 7 43 13 33 90 72 75 91 99 79 36 2 30 92 32 42 42 4 66 63 70 7 69 7 46 50 41 52 89 14 24 42 36 19 70 15 61 88 67 23 73 28 11 56 21 71 26 95 25 88 13 70 19 45 12 47 15 51 76 65 88 30 64 67 8 1 18 46 61 11 39 53 10 13 42 24 71 58 76 24 55 91 2 51 75 9 65 70 76 97 87 14 29 62 78 98 30 64 57 86 63 97 8 28 63 74 18 86 86 93 61 31 20 8 3 44 
16 65 39 28 83 75 9 10 80 23 24 35 46 88 25 56 47 43 52 4 22 82 72 22 96 7 27 67 24 74 7 69 51 14 90 16 59 80 22 49 33 88 12 30 25 4 9 38 44 76 34 48 42 66 79 46 30 14 38 19 99 87 79 0 59 17 49 29 63 99 7 75 60 53 9 5 44 75 51 96 22 11 65 67 69 52 91 96 6 37 37 44 66 68 26 28 3 47 27 78 45 79 84 78 47 30 49 64 13 60 46 49 67 13 45 69 64 8 4 30 87 63 63 36 8 43 56 76 97 66 88 49 2 58 81 53 46 96 22 90 74 8 1 15 34 59 79 68 48 54 23 95 58 18 17 7 34 95 16 49 53 95 18 53 31 3 38 51 57 91 67 66 87 6 15 12 43 79 15 85 
65 84 64 61 35 24 54 93 93 34 13 34 39 60 72 69 61 23 49 29 93 91 59 90 73 9 52 6 2 74 37 74 68 84 37 31 90 37 94 11 88 6 55 95 61 90 3 5 33 42 39 54 4 97 96 38 62 35 62 26 59 11 7 59 0 1 4 60 72 93 49 10 8 24 23 99 7 33 88 69 83 97 12 26 89 94 96 16 94 72 80 68 70 6 42 61 86 18 39 93 2 16 50 24 41 36 75 41 36 50 29 87 31 40 16 89 40 34 81 23 65 87 77 7 11 80 29 47 24 44 62 44 65 1 75 97 1 1 32 75 41 12 72 60 76 6 20 31 95 45 26 70 32 75 30 91 5 59 79 85 85 28 65 1 3 6 19 62 73 65 43 74 89 51 67 48 95 6 41 92 
69 25 47 13 31 89 88 68 77 62 78 93 58 47 28 66 66 42 7 25 48 13 63 58 73 1 24 26 41 54 95 16 3 24 18 47 42 1 73 91 28 1 9 78 13 73 81 34 73 8 80 49 73 90 42 59 67 36 86 3 13 22 43 17 1 0 34 80 6 78 67 31 16 45 33 76 45 5 16 11 14 72 54 14 57 23 59 48 64 51 25 48 19 83 15 15 83 20 35 77 67 39 72 54 12 64 41 15 25 80 68 73 31 31 98 86 14 70 82 78 5 26 60 27 24 62 39 89 83 85 14 89 91 73 48 52 98 64 29 28 60 95 79 60 51 11 92 85 23 38 30 13 21 67 53 16 3 42 58 2 98 63 46 44 4 48 88 5 40 69 6 72 60 8 34 58 90 58 72 29 
26 21 90 18 58 90 19 86 47 79 8 26 53 63 38 38 63 69 77 21 74 57 43 1 90 88 94 89 14 76 17 87 99 21 96 93 64 13 71 47 45 83 10 98 82 51 25 41 34 42 30 63 2 75 81 43 65 17 47 97 17 92 13 49 4 34 0 48 5 62 52 2 91 75 25 41 97 37 52 88 84 68 3 68 65 28 21 28 15 18 77 92 11 90 59 75 8 40 3 68 57 44 98 33 61 25 2 26 64 15 11 59 48 39 14 76 43 43 55 41 97 57 99 70 1 17 51 49 12 79 15 32 33 83 99 73 45 27 30 96 33 59 11 28 84 46 3 54 45 78 98 32 80 17 32 51 90 8 60 51 15 90 58 44 43 95 78 29 55 69 39 61 27 98 20 94 60 20 36 90 
99 45 3 72 97 83 22 34 88 8 53 68 53 87 96 58 22 42 67 66 45 82 19 78 17 43 11 7 78 78 77 90 86 66 22 33 97 24 77 73 45 45 73 37 37 52 63 45 93 32 5 12 51 78 23 29 21 63 91 1 3 24 33 29 60 80 48 0 92 21 69 41 76 79 15 48 74 15 1 65 24 89 69 46 52 43 90 35 86 85 59 67 59 89 88 47 64 69 45 33 60 23 8 26 81 78 66 89 32 53 3 26 5 67 87 23 31 58 76 38 59 34 57 83 33 74 76 89 40 66 89 74 42 59 76 92 27 93 29 73 8 76 55 16 62 87 24 20 75 25 88 68 53 12 17 70 24 40 38 35 30 73 58 96 4 16 3 4 23 86 14 84 11 57 93 41 40 45 67 75 
88 16 99 92 50 83 68 72 71 33 31 2 33 62 83 98 14 40 87 88 5 29 59 68 86 19 73 16 63 61 99 45 57 91 11 19 83 98 81 33 44 54 90 75 39 20 33 95 37 34 60 11 65 89 40 96 36 96 49 98 1 45 90 63 72 6 5 92 0 77 29 67 14 11 65 63 75 3 24 56 50 10 81 12 5 33 88 6 55 94 49 3 52 29 86 30 61 47 18 49 93 43 12 35 91 20 18 92 3 88 94 98 68 12 70 60 17 71 4 39 40 64 74 11 80 15 32 97 98 30 21 56 72 99 31 85 97 35 95 6 11 54 94 67 58 87 21 47 33 35 94 56 41 70 14 75 27 56 69 86 72 21 6 88 61 82 91 58 73 95 29 93 22 2 63 54 12 21 36 29 
8 31 29 8 47 6 15 9 70 4 27 99 70 40 17 88 23 81 36 10 67 36 76 16 75 45 52 75 52 27 63 68 19 85 80 30 55 10 37 29 25 55 96 30 16 53 61 32 13 15 32 54 29 88 88 21 75 86 31 87 72 25 72 99 93 78 62 21 77 0 81 15 48 15 90 58 78 24 79 68 79 29 65 85 44 50 77 55 24 4 79 74 85 55 79 30 49 41 81 87 38 2 9 48 90 77 85 11 31 95 15 14 83 25 33 17 79 53 25 86 9 69 50 12 11 18 12 34 90 40 78 62 67 51 77 84 72 6 33 61 42 79 84 7 38 41 15 38 29 40 80 77 55 77 16 75 43 56 64 61 7 62 46 81 91 15 72 88 10 85 72 64 65 51 14 37 43 58 9 68 
27 92 79 84 84 43 21 52 56 68 9 9 80 72 55 45 28 43 45 12 44 81 13 71 33 44 30 60 95 7 23 16 13 55 62 72 88 47 69 76 19 89 73 91 86 20 96 57 55 89 78 51 20 49 8 23 2 97 68 29 32 27 75 7 49 67 52 69 29 81 0 92 36 62 63 30 60 3 25 75 38 87 31 44 83 71 21 84 90 61 71 53 5 94 95 5 84 15 63 8 8 49 21 83 3 82 76 52 93 98 54 32 59 47 52 5 4 25 3 31 55 29 28 42 40 39 23 84 32 17 5 44 32 95 81 26 36 44 65 65 98 32 24 61 22 74 25 12 98 25 8 43 90 66 59 79 59 13 18 35 80 9 34 56 21 13 65 36 13 17 49 35 84 72 46 21 55 20 88 27 
26 15 76 57 42 47 86 34 93 96 97 90 6 3 97 58 26 68 79 22 19 9 29 4 63 94 20 20 48 85 71 51 25 67 40 4 40 87 37 4 76 68 48 56 90 60 45 57 89 91 9 71 35 5 29 40 97 66 20 91 43 86 91 75 10 31 2 41 67 15 92 0 90 98 80 87 7 69 22 45 50 97 12 43 62 18 18 44 5 20 6 51 33 42 84 13 12 28 60 89 63 74 84 16 49 89 61 67 99 28 8 86 28 9 42 28 41 83 93 21 91 27 93 83 56 21 21 19 44 43 91 11 19 51 86 2 39 9 17 42 46 79 68 57 68 5 71 57 86 18 80 80 75 2 28 87 63 22 99 16 61 30 76 88 54 79 66 65 40 67 37 15 96 43 3 61 36 51 86 51 
23 20 59 52 21 22 10 62 99 58 85 28 34 60 53 42 18 99 99 59 60 17 46 48 7 6 3 51 62 68 70 35 38 84 89 1 72 76 77 53 80 30 74 50 84 24 21 99 36 68 92 53 27 57 32 2 78 66 44 3 59 27 99 60 8 16 91 76 14 48 36 90 0 82 92 7 72 13 9 17 19 56 49 31 6 66 36 50 92 34 43 86 36 16 52 37 9 38 31 86 42 77 64 95 42 56 83 12 23 49 28 73 4 36 49 80 45 45 8 28 54 35 38 45 30 9 97 70 9 65 90 28 63 80 81 69 68 92 82 67 74 10 82 11 57 98 85 75 41 1 45 28 24 69 12 33 48 21 62 69 22 75 91 98 73 72 17 40 38 60 75 75 4 87 94 62 42 71 31 84 
10 27 43 33 41 52 43 8 88 97 82 30 65 26 74 33 33 14 1 88 91 7 50 43 74 3 37 23 58 78 83 53 70 88 91 51 37 75 45 34 1 22 77 82 43 59 86 85 92 11 29 64 73 4 4 1 26 67 2 2 29 43 79 53 24 45 75 79 11 15 62 98 82 0 82 80 65 20 62 94 65 58 63 66 71 36 65 33 33 42 91 60 92 81 48 77 40 84 65 86 69 70 26 68 16 9 93 99 66 40 32 84 26 84 23 99 76 33 62 50 94 97 95 7 24 21 88 90 4 62 49 59 32 59 25 39 73 17 8 67 20 44 97 90 74 4 11 33 2 98 76 96 96 79 36 54 43 79 39 88 24 13 5 95 1 90 43 56 95 42 76 92 18 1 46 97 54 15 17 97 
68 87 27 77 51 74 67 60 86 47 74 90 54 58 6 28 94 26 39 95 30 22 95 2 38 63 23 3 65 34 16 15 65 38 72 70 40 6 48 82 55 37 12 46 90 77 92 15 95 77 94 50 87 74 95 13 49 85 88 85 93 97 36 9 23 33 25 15 65 90 63 80 92 82 0 83 59 93 95 47 23 8 37 55 96 25 92 75 40 17 57 54 29 39 94 95 70 3 42 33 62 59 88 96 17 79 55 17 42 91 24 45 69 92 30 15 16 21 95 22 39 63 83 58 84 24 74 69 86 75 30 68 56 27 9 51 61 75 5 20 54 95 27 48 63 60 69 47 29 1 24 96 18 93 73 43 15 52 35 47 6 61 54 62 24 23 98 58 9 32 32 57 38 36 41 30 77 12 28 19 
24 8 22 63 5 43 21 42 75 90 40 78 54 33 67 56 15 39 19 65 78 35 23 82 3 37 57 76 98 92 96 71 59 17 84 41 71 70 45 56 47 40 70 11 67 36 90 28 11 50 88 18 26 73 77 28 91 70 81 94 41 18 2 5 99 76 41 48 63 58 30 87 7 80 83 0 64 3 19 23 13 6 89 20 13 25 53 54 4 34 75 35 24 61 1 29 71 68 70 10 14 62 23 6 72 18 38 7 29 58 78 55 13 40 93 49 79 81 60 29 83 18 64 8 48 85 90 19 53 30 13 28 60 1 8 82 3 73 58 76 47 9 82 37 88 72 58 53 38 72 73 68 99 59 36 59 47 83 1 2 76 88 42 99 22 20 37 55 49 72 64 18 22 25 8 75 66 16 41 6 
28 54 59 52 10 14 17 28 16 22 57 11 54 31 81 64 86 76 82 79 10 48 77 48 46 95 99 76 24 52 19 31 1 8 46 36 17 43 52 91 95 54 58 16 97 73 8 19 97 20 82 45 24 72 15 6 88 79 82 57 32 76 30 44 7 45 97 74 75 78 60 7 72 65 59 64 0 16 10 93 8 7 51 90 17 65 43 93 15 99 43 44 41 88 87 51 27 92 11 34 67 40 37 47 54 63 40 94 38 2 97 37 97 89 49 20 75 33 84 1 20 55 92 73 29 50 36 78 3 63 73 70 8 2 14 90 33 49 77 25 5 82 12 4 82 44 31 78 85 34 44 14 40 11 49 85 62 24 12 24 77 81 13 87 73 7 88 50 93 98 17 74 65 26 60 47 73 43 19 72 
38 48 17 97 1 19 59 52 15 93 61 62 13 53 95 81 53 6 37 88 24 46 57 17 14 60 95 51 2 37 22 29 65 81 13 52 11 4 21 20 2 64 95 71 75 71 19 77 88 21 6 29 62 14 68 55 95 65 32 7 75 18 92 75 33 5 37 15 3 24 3 69 13 20 93 3 16 0 78 52 26 47 5 43 21 36 79 1 69 20 21 1 9 89 72 79 37 51 60 9 62 8 88 27 77 21 3 4 30 17 17 6 49 71 44 7 54 54 59 2 64 29 65 87 16 59 58 24 2 49 74 14 72 73 15 38 71 92 72 33 9 4 6 48 66 31 44 76 73 93 27 25 31 78 51 43 94 2 24 11 12 7 77 4 20 70 62 46 32 11 84 1 34 53 15 65 87 98 69 53 
58 61 93 31 91 24 78 41 57 85 26 17 81 92 51 92 26 93 49 72 91 43 90 69 42 84 59 42 3 34 10 93 14 69 20 16 26 34 3 64 20 17 45 24 40 31 49 13 68 55 68 96 4 76 56 66 41 43 16 66 35 43 32 51 88 16 52 1 24 79 25 22 9 62 95 19 10 78 0 27 22 49 80 55 68 77 44 33 46 61 33 25 45 96 87 49 20 90 84 25 90 49 99 10 30 10 42 89 76 47 67 77 74 77 99 41 41 9 45 1 14 51 90 98 47 19 14 34 83 37 75 94 93 37 79 70 36 64 96 31 94 1 8 69 37 40 17 39 33 88 58 61 30 51 54 74 82 6 85 29 70 85 62 34 93 41 83 74 45 58 97 10 2 83 85 84 24 52 65 39 
84 35 38 23 22 46 43 72 88 59 66 80 97 42 3 77 61 23 4 87 9 26 39 22 34 20 22 9 68 84 3 73 22 16 45 50 48 77 47 12 71 96 4 37 95 81 77 25 31 74 94 89 54 63 69 26 81 29 89 6 41 53 42 96 69 11 88 65 56 68 75 45 17 94 47 23 93 52 27 0 37 21 10 83 44 69 20 58 86 30 35 31 14 33 56 91 41 66 68 73 85 33 11 88 67 65 55 82 6 4 81 72 38 95 23 55 54 34 87 41 60 41 35 60 51 3 12 26 41 39 43 56 60 17 33 28 42 84 40 37 83 70 60 77 34 96 17 86 69 9 35 13 39 37 34 93 80 53 31 6 73 67 66 28 72 26 57 26 37 19 27 57 57 82 28 73 82 28 79 2 
39 33 12 6 75 96 36 46 2 65 96 75 34 79 90 57 84 40 52 83 92 36 87 62 4 24 35 48 84 41 79 35 38 16 20 9 12 21 77 4 71 72 22 25 1 90 37 55 67 71 52 50 22 43 94 8 44 1 71 10 26 54 42 22 83 14 84 24 50 79 38 50 19 65 23 13 8 26 22 37 0 34 82 17 30 9 91 47 16 2 96 1 19 71 88 28 67 24 23 54 33 22 43 59 36 30 86 92 5 8 68 30 53 26 1 93 37 78 37 88 85 19 41 84 29 29 52 81 8 3 93 85 44 27 75 50 30 55 33 68 42 38 25 57 38 93 69 3 73 44 54 95 82 30 29 69 75 60 50 68 21 25 23 1 7 3 19 26 16 32 63 19 62 55 89 29 63 4 83 80 
9 20 23 92 22 53 76 95 85 41 28 77 52 58 33 27 69 74 49 1 15 76 12 30 5 31 40 84 5 14 79 60 99 83 85 68 79 58 37 40 35 77 65 70 11 52 63 49 39 39 94 43 84 81 52 6 49 95 4 18 57 74 4 11 97 72 68 89 10 29 87 97 56 58 8 6 7 47 49 21 34 0 31 2 62 37 29 73 24 57 12 39 65 77 39 88 3 85 41 29 82 22 38 95 64 40 89 31 71 18 34 38 23 87 11 11 21 67 45 4 37 22 43 68 64 43 68 17 94 31 45 76 80 43 79 3 77 39 83 20 36 13 96 9 10 99 7 57 63 9 19 95 4 69 8 58 11 25 42 57 5 38 19 18 66 25 80 4 38 64 74 96 41 14 39 35 80 45 49 7 
33 68 7 96 34 34 29 10 76 79 19 98 56 46 8 63 90 15 4 43 88 27 20 45 31 18 55 28 9 65 7 15 15 21 64 66 64 2 46 31 63 63 32 26 33 63 55 48 31 36 48 38 95 32 35 59 29 56 69 88 74 88 66 65 12 54 3 69 81 65 31 12 49 63 37 89 51 5 80 10 82 31 0 29 11 27 45 87 58 69 7 94 69 91 82 90 49 98 46 66 54 90 93 84 19 26 7 80 7 4 58 32 26 82 60 10 13 49 5 47 34 38 11 64 97 23 22 25 82 7 56 71 13 59 10 66 3 44 5 6 51 54 89 42 15 51 79 93 94 73 33 53 85 6 90 27 96 12 43 16 75 27 81 52 30 80 73 99 31 29 59 33 4 33 39 28 68 30 58 55 
35 25 97 23 39 55 86 89 77 79 87 1 81 86 90 54 25 48 89 35 48 54 89 97 66 99 29 10 78 52 97 81 18 48 42 35 44 67 15 23 10 73 44 73 2 50 31 44 45 51 88 23 30 47 42 99 59 25 49 18 77 97 63 67 26 14 68 46 12 85 44 43 31 66 55 20 90 43 55 83 17 2 29 0 67 56 86 52 26 10 54 86 14 78 71 14 68 79 59 74 16 63 19 85 21 66 8 54 9 33 89 51 41 37 43 4 37 59 49 98 34 69 78 28 40 22 30 76 43 50 6 70 19 99 97 22 54 33 42 97 28 28 76 97 22 22 81 79 45 81 8 3 46 55 66 60 52 56 13 77 39 13 11 12 47 57 63 99 70 79 19 18 56 65 58 88 59 49 22 77 
11 84 15 77 38 15 35 47 91 63 2 31 55 26 86 93 58 72 58 67 73 88 51 67 70 40 12 71 15 74 60 13 91 21 64 35 94 80 25 78 5 22 37 99 88 44 3 62 65 53 41 88 17 71 28 20 14 27 54 13 2 41 70 69 89 57 65 52 5 44 83 62 6 71 96 13 17 21 68 44 30 62 11 67 0 92 44 43 76 22 91 66 83 6 76 16 6 83 79 97 89 28 39 59 7 16 67 11 91 92 21 25 80 77 82 89 13 74 54 21 35 4 62 73 62 60 45 36 80 64 64 88 79 83 10 32 41 71 15 84 16 24 26 86 32 13 5 4 80 45 31 66 22 36 65 10 82 81 43 13 57 78 76 15 70 21 93 11 8 31 48 34 4 4 55 85 89 78 87 39 
24 95 88 23 44 58 45 59 19 63 35 4 13 74 37 23 64 2 17 58 38 75 75 35 89 56 60 19 14 7 37 87 90 59 31 86 42 78 85 63 63 74 87 77 27 13 4 8 90 42 18 86 23 30 18 68 25 4 35 76 13 7 7 52 94 23 28 43 33 50 71 18 66 36 25 25 65 36 77 69 9 37 27 56 92 0 65 52 89 66 55 20 3 99 54 64 40 47 41 59 10 6 16 73 77 99 16 22 88 34 13 54 49 76 44 34 34 20 91 34 85 43 78 74 11 21 75 62 86 42 15 26 61 78 90 90 18 1 72 39 80 1 53 2 24 17 20 55 99 4 72 87 44 42 15 91 11 87 29 90 27 99 96 65 39 44 68 93 19 89 37 39 77 79 87 99 50 5 92 99 
16 39 76 19 34 62 93 22 63 48 3 82 86 75 67 39 13 34 88 93 42 67 92 89 75 24 3 79 99 57 26 64 23 10 52 39 24 62 72 65 49 19 60 79 36 97 7 20 17 93 37 20 17 18 27 62 36 19 75 6 54 1 69 91 96 59 21 90 88 77 21 18 36 65 92 53 43 79 44 20 91 29 45 86 44 65 0 37 48 41 65 76 51 20 69 37 52 11 92 52 93 85 14 83 87 26 20 74 13 11 14 75 79 27 86 79 65 98 51 30 62 45 17 57 51 31 7 15 92 63 72 88 71 27 31 51 2 39 71 67 74 57 26 24 74 8 94 85 63 66 70 90 48 80 67 58 9 18 42 69 16 21 3 36 22 48 49 83 98 45 63 51 29 72 87 12 41 90 53 41 
88 48 36 94 96 41 83 55 46 28 18 65 11 7 74 21 19 71 64 7 90 78 91 87 37 17 4 70 7 22 6 86 21 97 12 3 34 78 31 57 47 83 16 45 40 51 66 47 99 99 48 5 60 48 65 30 30 12 24 10 85 4 7 96 16 48 28 35 6 55 84 44 50 33 75 54 93 1 33 58 47 73 87 52 43 52 37 0 40 88 74 56 24 66 40 31 59 84 14 81 13 63 8 38 26 84 75 76 73 50 59 71 67 91 41 94 37 84 48 18 66 76 44 94 83 61 73 51 25 15 23 29 46 37 79 29 47 16 71 38 31 76 12 21 91 86 73 45 4 31 63 77 44 71 87 17 3 55 24 2 23 11 33 98 15 34 76 67 37 37 27 59 54 40 34 27 66 30 31 38 
26 6 64 30 42 73 9 1 66 72 86 39 82 3 12 59 27 61 87 71 31 61 41 78 66 10 87 62 96 60 62 79 51 56 54 46 89 79 94 72 49 55 40 97 31 33 77 20 76 13 52 40 33 38 51 98 43 86 10 44 61 80 46 6 94 64 15 86 55 24 90 5 92 33 40 4 15 69 46 86 16 24 58 26 76 89 48 40 0 3 24 83 24 55 65 38 47 80 76 10 9 69 87 86 53 59 49 15 8 86 6 90 36 42 48 86 64 88 4 71 41 42 86 42 19 33 28 86 36 61 68 12 44 13 64 21 93 63 71 14 19 92 25 8 82 13 29 57 32 91 53 82 78 34 72 23 81 66 66 72 32 31 99 25 15 47 60 84 99 32 54 45 95 43 85 98 31 48 71 70 
72 80 33 19 72 66 31 20 53 43 12 68 79 31 36 44 78 20 22 3 40 53 60 98 57 92 11 84 69 31 9 3 73 60 32 59 47 86 96 36 91 75 69 12 7 35 11 80 68 84 26 24 43 13 54 90 8 96 10 1 45 94 50 37 72 51 18 85 94 4 61 20 34 42 17 34 99 20 61 30 2 57 69 10 22 66 41 88 3 0 18 55 52 30 96 11 84 28 41 60 56 80 30 32 29 62 58 23 45 92 88 79 43 86 44 80 62 48 84 58 34 37 74 80 50 66 12 47 48 68 79 49 1 9 43 70 65 37 63 53 92 69 77 11 92 47 38 36 92 92 65 83 35 48 62 81 28 1 88 70 69 42 30 42 63 37 59 53 94 77 41 27 75 63 12 85 42 1 62 70 
93 64 92 53 70 23 65 20 29 15 94 31 72 78 43 20 26 16 34 13 6 50 3 39 78 31 28 36 98 46 7 10 49 89 75 18 26 51 12 53 81 74 2 11 66 55 36 59 32 59 76 27 30 62 84 62 66 11 83 86 40 33 41 37 80 25 77 59 49 79 71 6 43 91 57 75 43 21 33 35 96 12 7 54 91 55 65 74 24 18 0 7 31 55 40 99 95 47 78 38 49 27 4 48 82 88 1 71 46 4 1 55 5 46 47 73 47 94 4 98 23 47 16 40 58 72 68 53 52 18 68 20 57 35 6 33 35 82 89 73 19 14 6 6 30 33 31 66 57 73 13 35 16 9 25 82 22 13 27 78 76 72 9 59 3 17 70 19 91 68 98 76 14 87 74 23 72 81 24 26 
75 88 50 32 71 3 78 86 88 94 54 22 85 79 40 46 1 98 95 91 34 37 9 11 71 49 2 36 87 69 21 76 11 8 92 34 46 86 51 47 11 4 15 84 80 84 67 95 1 29 87 11 17 61 22 50 79 66 9 89 56 35 52 44 68 48 92 67 3 74 53 51 86 60 54 35 44 1 25 31 1 39 94 86 66 20 76 56 83 55 7 0 4 2 54 11 22 18 88 70 66 39 17 11 98 19 47 29 55 91 94 79 45 65 27 76 19 17 73 41 83 55 52 5 87 32 15 73 98 1 96 44 61 71 15 35 9 29 37 79 6 30 12 15 57 20 3 97 55 60 30 7 97 73 2 46 43 82 5 56 76 29 70 56 21 86 83 42 36 77 33 5 92 78 76 41 27 31 81 76 
63 33 1 50 24 87 19 28 39 52 60 27 30 92 53 76 23 99 32 5 75 61 76 22 17 50 62 57 29 58 57 31 24 26 69 93 31 17 73 9 71 31 83 94 55 91 66 61 24 71 66 20 44 33 9 96 43 91 72 18 90 28 89 66 70 19 11 59 52 85 5 33 36 92 29 24 41 9 45 14 19 65 69 14 83 3 51 24 24 52 31 4 0 41 84 65 8 53 66 55 82 89 54 70 92 60 59 61 83 90 9 82 25 57 31 60 77 88 97 10 82 45 56 68 86 61 37 91 25 16 41 73 89 24 9 92 22 97 71 39 21 93 32 32 63 33 68 86 79 34 70 18 85 78 75 46 7 30 49 61 20 10 97 55 63 27 74 81 44 9 66 85 83 46 22 60 70 13 18 99 
47 43 23 99 87 2 39 98 21 19 83 96 13 97 94 38 15 54 69 1 20 96 72 17 43 38 71 54 74 20 14 33 97 10 11 9 95 2 69 81 26 79 78 53 59 46 76 54 84 43 12 43 16 58 10 52 24 13 42 64 68 13 14 68 6 83 90 89 29 55 94 42 16 81 39 61 88 89 96 33 71 77 91 78 6 99 20 66 55 30 55 2 41 0 8 63 46 17 95 29 35 47 76 55 94 17 73 53 37 18 71 45 44 62 95 38 27 60 48 86 36 88 61 59 48 97 97 35 25 23 94 97 23 5 23 15 16 53 2 36 20 36 60 81 98 10 76 58 25 38 27 85 55 43 27 84 67 49 61 13 88 23 37 94 10 62 49 97 75 83 26 6 79 37 15 95 47 83 18 71 
33 75 98 84 40 73 12 22 98 79 12 11 64 43 85 85 75 70 39 35 94 48 30 79 98 52 13 23 35 83 94 20 66 11 21 45 87 22 95 61 20 70 69 31 45 46 32 14 78 25 91 64 18 33 13 73 25 8 88 27 65 84 24 26 42 15 59 88 86 79 95 84 52 48 94 1 87 72 87 56 88 39 82 71 76 54 69 40 65 96 40 54 84 8 0 68 36 74 13 69 65 37 55 83 62 59 66 69 85 92 82 35 5 39 37 88 27 21 12 69 40 95 57 24 52 70 26 6 5 7 84 2 82 48 25 2 67 22 72 3 80 55 4 23 59 29 54 58 35 64 85 15 14 21 19 32 25 65 4 81 70 5 80 58 2 47 56 13 41 88 42 97 59 40 77 56 47 68 61 99 
89 67 71 94 32 52 57 95 52 11 84 70 8 19 21 35 40 21 72 77 38 70 96 8 58 22 31 14 84 32 4 68 13 37 88 6 26 58 80 4 9 99 32 31 82 9 56 31 90 5 17 90 69 86 17 12 27 60 47 29 42 94 42 28 61 15 75 47 30 30 5 13 37 77 95 29 51 79 49 91 28 88 90 14 16 64 37 31 38 11 99 11 65 63 68 0 30 84 94 45 48 64 81 95 29 42 20 53 37 47 73 73 97 62 56 23 11 8 59 21 70 48 70 8 97 72 3 26 6 23 66 85 94 50 60 41 61 38 19 61 12 86 41 21 79 3 56 92 77 75 90 83 37 78 13 26 93 64 5 95 55 7 34 12 43 12 55 93 45 59 21 51 35 72 4 68 79 18 63 17 
24 89 37 46 38 72 53 19 60 36 4 34 71 84 74 88 76 36 70 9 90 35 11 54 94 1 68 49 59 71 79 77 21 40 73 10 97 23 63 23 65 97 57 63 17 53 20 29 10 91 90 34 5 23 74 74 15 52 75 88 96 91 36 3 86 83 8 64 61 49 84 12 9 40 70 71 27 37 20 41 67 3 49 68 6 40 52 59 47 84 95 22 8 46 36 30 0 87 55 65 91 23 34 83 52 13 26 78 3 50 71 23 43 23 21 64 87 76 30 19 23 20 85 7 83 12 70 2 83 49 5 5 84 84 36 77 88 7 10 58 4 37 40 32 43 63 31 88 58 66 86 1 2 53 5 7 94 45 67 5 48 48 48 37 26 20 39 76 86 95 2 56 84 98 68 18 19 87 3 63 
56 99 19 52 39 88 84 68 95 50 84 37 83 90 8 59 20 39 54 24 16 62 73 54 6 32 80 22 49 61 6 31 86 21 78 42 38 17 49 32 3 17 38 22 92 79 85 3 28 25 73 86 21 10 26 43 74 77 70 2 47 6 19 47 18 20 40 69 47 41 15 28 38 84 3 68 92 51 90 66 24 85 98 79 83 47 11 84 80 28 47 18 53 17 74 84 87 0 91 10 98 78 50 46 8 91 87 97 68 50 6 85 47 74 73 82 9 86 64 95 54 45 26 93 41 8 63 66 15 56 38 67 44 65 85 18 72 19 83 38 92 76 93 19 31 60 35 75 65 88 48 46 52 84 7 49 54 81 25 17 14 15 60 93 87 22 18 18 31 43 29 6 83 90 21 36 81 73 11 36 
66 31 28 87 57 78 77 36 65 94 1 10 64 89 53 2 10 50 13 62 13 33 64 68 90 94 62 8 10 76 82 71 22 83 1 51 7 68 83 96 73 33 30 23 62 90 71 76 40 86 67 64 77 44 64 99 47 23 98 78 19 58 70 27 39 35 3 45 18 81 63 60 31 65 42 70 11 60 84 68 23 41 46 59 79 41 92 14 76 41 78 88 66 95 13 94 55 91 0 17 35 74 86 54 75 72 49 56 21 79 6 38 13 40 28 50 34 96 55 51 49 84 97 62 5 83 84 94 56 63 57 91 61 39 72 70 13 28 19 54 35 93 83 95 44 95 37 84 36 7 87 31 11 31 56 37 56 62 20 51 93 46 76 57 32 94 60 76 31 90 81 42 78 4 28 7 10 67 68 83 
78 18 29 16 88 63 69 96 15 80 94 1 65 57 70 41 72 82 97 28 98 48 14 78 88 19 58 7 15 34 91 9 47 76 39 74 23 38 36 96 65 49 48 43 77 22 45 93 91 74 32 57 31 70 12 79 15 34 98 34 46 51 15 78 93 77 68 33 49 87 8 89 86 86 33 10 34 9 25 73 54 29 66 74 97 59 52 81 10 60 38 70 55 29 69 45 65 10 17 0 75 36 57 45 60 72 9 78 35 72 73 94 82 35 62 79 66 56 10 60 2 48 58 3 20 26 54 12 9 30 43 42 93 83 54 26 28 39 42 48 78 38 78 56 38 70 51 61 23 90 94 55 6 83 84 35 60 37 26 32 17 41 56 88 83 39 12 61 13 59 6 27 20 36 42 14 85 64 71 66 
4 69 53 72 29 49 26 30 98 90 86 56 45 43 58 86 54 59 47 16 65 19 36 13 30 40 8 78 32 18 40 18 32 29 89 78 30 61 13 56 94 18 70 57 84 64 67 44 18 29 7 89 95 98 48 98 36 19 56 81 87 35 61 45 2 67 57 60 93 38 8 63 42 69 62 14 67 62 90 85 33 82 54 16 89 10 93 13 9 56 49 66 82 35 65 48 91 98 35 75 0 52 1 56 29 99 31 83 15 77 35 82 68 45 16 60 56 26 25 84 96 76 43 48 51 74 86 68 38 20 28 90 58 81 4 1 88 15 72 84 45 58 74 26 30 64 80 56 10 95 15 78 57 72 81 72 81 38 20 20 32 61 43 83 68 32 98 16 22 61 70 54 61 62 35 30 29 17 5 47 
1 65 95 49 37 1 70 23 53 5 52 70 70 5 63 38 67 13 41 12 1 92 62 87 96 45 43 29 25 79 99 75 27 99 48 63 84 79 82 11 20 24 6 96 85 32 56 30 76 88 14 26 67 39 20 83 22 37 60 16 94 86 88 79 16 39 44 23 43 2 49 74 77 70 59 62 40 8 49 33 22 22 90 63 28 6 85 63 69 80 27 39 89 47 37 64 23 78 74 36 52 0 92 3 90 29 18 31 6 85 99 78 20 99 61 89 82 5 51 72 34 8 71 90 57 48 51 61 26 38 30 91 80 83 56 13 54 43 30 74 61 69 39 39 70 33 80 37 3 46 9 86 87 6 97 41 74 45 18 1 65 87 47 26 42 53 33 81 58 65 66 16 65 96 59 4 85 85 53 55 
78 61 51 29 67 43 32 57 45 6 92 11 76 12 90 59 28 76 18 86 70 92 28 86 70 50 4 44 25 97 8 67 35 41 6 8 32 81 32 79 74 76 35 93 3 6 86 91 63 98 39 85 72 5 75 60 67 47 2 48 11 45 67 84 50 72 98 8 12 9 21 84 64 26 88 23 37 88 99 11 43 38 93 19 39 16 14 8 87 30 4 17 54 76 55 81 34 50 86 57 1 92 0 54 82 91 55 89 50 11 60 99 5 58 18 52 14 2 49 20 46 16 31 57 71 65 67 6 25 13 76 49 25 41 1 87 86 1 47 23 76 52 61 24 50 4 81 52 62 75 45 58 13 32 84 43 19 44 61 27 44 70 34 17 11 39 33 79 85 81 36 13 4 20 32 46 91 74 91 72 
7 79 47 84 11 40 60 11 17 87 33 4 89 25 84 8 89 54 94 54 51 74 6 29 87 45 54 85 23 1 33 49 59 86 47 33 88 91 71 56 67 94 28 38 87 72 96 80 38 57 86 54 3 38 26 67 79 23 9 78 34 96 23 78 24 54 33 26 35 48 83 16 95 68 96 6 47 27 10 88 59 95 84 85 59 73 83 38 86 32 48 11 70 55 83 95 83 46 54 45 56 3 54 0 13 94 97 31 31 55 40 5 32 84 59 49 25 1 27 11 99 73 22 74 30 49 89 24 13 98 59 50 21 4 7 45 38 43 87 34 73 18 89 39 30 85 69 67 15 41 24 93 59 75 23 83 52 65 53 17 43 58 51 23 48 37 1 14 56 20 58 6 75 64 16 99 79 18 16 31 
53 18 8 28 85 4 63 43 65 30 87 40 35 23 17 25 3 25 79 91 48 82 49 14 42 24 90 71 75 83 11 66 91 84 75 80 98 1 3 19 32 92 64 44 35 8 60 48 61 15 5 35 97 74 43 34 25 33 64 74 57 28 73 47 41 12 61 81 91 90 3 49 42 16 17 72 54 77 30 67 36 64 19 21 7 77 87 26 53 29 82 98 92 94 62 29 52 8 75 60 29 90 82 13 0 96 2 62 24 34 40 9 86 99 72 35 75 52 82 48 93 87 29 68 37 19 10 26 47 98 37 10 69 81 12 63 23 84 15 52 45 56 15 10 80 65 23 21 40 84 70 25 4 70 24 4 64 39 82 52 97 57 9 29 2 34 23 71 43 78 82 4 50 8 9 33 66 6 44 64 
86 40 86 44 1 58 30 73 31 54 85 78 15 7 29 25 72 96 62 48 19 13 37 62 82 37 13 98 26 42 69 17 83 6 72 67 54 38 71 95 66 65 63 86 77 39 63 35 44 10 30 60 23 6 44 7 85 54 80 38 32 71 28 30 36 64 25 78 20 77 82 89 56 9 79 18 63 21 10 65 30 40 26 66 16 99 26 84 59 62 88 19 60 17 59 42 13 91 72 72 99 29 91 94 96 0 50 92 14 23 49 81 97 70 16 5 77 69 86 83 86 75 32 51 10 32 64 57 28 40 99 71 62 90 78 54 75 79 69 68 46 14 60 57 62 55 65 90 98 4 43 11 14 73 50 45 55 78 35 81 83 8 5 31 56 42 40 9 10 29 81 93 16 1 33 42 39 50 66 57 
71 36 17 20 17 44 67 32 83 81 82 38 60 5 46 84 86 23 36 61 69 42 83 7 52 82 75 29 20 68 45 33 70 11 94 42 16 77 86 88 65 89 12 96 86 9 77 29 42 20 21 45 26 34 98 39 24 44 79 25 4 90 11 49 75 41 2 66 18 85 76 61 83 93 55 38 40 3 42 55 86 89 7 8 67 16 20 75 49 58 1 47 59 73 66 20 26 87 49 9 31 18 55 97 2 50 0 62 39 34 8 96 15 25 87 88 71 30 74 70 61 13 72 34 82 4 60 77 55 38 54 31 1 68 83 14 95 32 94 90 14 1 55 58 25 45 86 95 79 97 26 59 97 38 66 54 79 67 57 4 2 53 49 28 23 24 68 28 24 38 49 7 4 8 55 79 21 58 68 56 
3 82 30 80 31 54 33 13 11 73 6 17 89 80 83 42 20 34 59 89 68 58 68 58 47 90 76 74 97 86 99 18 15 49 58 78 84 81 26 78 69 64 59 73 44 60 81 10 39 65 93 22 55 75 81 11 10 95 48 26 21 18 56 64 41 15 26 89 92 11 52 67 12 99 17 7 94 4 89 82 92 31 80 54 11 22 74 76 15 23 71 29 61 53 69 53 78 97 56 78 83 31 89 31 62 92 62 0 59 46 85 99 50 56 86 28 93 73 47 48 43 82 81 30 59 46 83 99 95 65 57 45 66 35 19 22 41 26 73 71 4 63 52 23 79 3 26 47 75 31 23 90 81 3 97 16 26 78 21 82 9 54 34 42 57 77 23 75 94 86 95 19 50 34 5 27 17 59 17 9 
77 29 12 71 4 44 72 83 46 30 12 26 34 29 82 95 15 25 32 30 67 71 7 46 59 70 60 90 75 63 82 78 80 61 18 77 87 82 25 16 46 71 9 95 23 94 96 53 17 73 55 94 29 18 55 17 95 31 93 5 35 49 21 13 36 25 64 32 3 31 93 99 23 66 42 29 38 30 76 6 5 71 7 9 91 88 13 73 8 45 46 55 83 37 85 37 3 68 21 35 15 6 50 31 24 14 39 59 0 35 5 43 4 71 51 44 92 75 75 41 31 56 61 60 30 86 28 9 48 11 90 98 59 33 4 54 5 89 90 81 86 18 59 67 46 54 32 1 92 51 25 52 97 86 72 32 16 69 38 32 2 2 64 17 66 85 79 55 69 20 77 6 14 39 24 76 22 24 37 73 
92 23 62 89 79 75 61 8 89 39 70 47 25 54 69 28 14 31 31 84 75 3 39 62 40 75 35 7 62 35 80 59 84 68 47 49 16 8 53 90 92 60 54 2 72 72 13 25 84 1 61 90 30 9 83 33 47 31 62 16 67 66 71 60 50 80 15 53 88 95 98 28 49 40 91 58 2 17 47 4 8 18 4 33 92 34 11 50 86 92 4 91 90 18 92 47 50 50 79 72 77 85 11 55 34 23 34 46 35 0 44 8 32 52 52 93 4 88 80 40 69 72 10 24 91 22 57 29 73 12 20 70 70 52 93 79 85 37 69 18 2 39 91 68 13 9 86 64 40 49 60 99 98 59 58 10 69 78 46 48 65 14 94 47 60 67 22 77 33 24 76 35 46 44 31 84 26 22 38 76 
22 39 15 87 60 99 94 88 79 79 10 8 4 31 68 33 98 88 49 51 70 35 19 52 84 86 70 54 86 25 98 12 79 60 38 92 79 61 37 55 94 96 37 17 22 94 81 73 85 93 23 59 19 16 39 14 97 16 13 95 96 20 26 46 29 68 11 3 94 15 54 8 28 32 24 78 97 17 67 81 68 34 58 89 21 13 14 59 6 88 1 94 9 71 82 73 71 6 6 73 35 99 60 40 40 49 8 85 5 44 0 53 63 58 87 19 36 98 62 90 51 23 40 10 44 14 95 67 78 98 94 80 1 9 7 52 6 99 81 29 71 39 53 23 96 2 3 73 12 73 23 74 40 22 90 57 58 22 5 10 11 18 91 85 57 36 1 44 94 43 20 89 76 52 56 38 88 44 58 26 
76 42 31 12 54 98 73 9 60 55 47 44 42 22 62 15 83 1 31 70 56 81 72 94 16 69 51 14 8 98 20 67 63 34 88 14 36 93 2 63 23 28 75 27 80 98 19 89 89 95 30 60 98 30 20 86 90 97 36 55 25 64 95 49 87 73 59 26 98 14 32 86 73 84 45 55 37 6 77 72 30 38 32 51 25 54 75 71 90 79 55 79 82 45 35 73 23 85 38 94 82 78 99 5 9 81 96 99 43 8 53 0 34 30 39 47 50 18 13 18 49 1 2 97 58 98 98 10 91 11 81 52 24 22 18 20 71 56 65 61 9 77 68 68 42 32 16 23 43 51 58 2 50 53 88 5 99 1 45 60 49 53 39 25 21 31 97 17 17 44 28 93 50 92 6 16 94 54 18 64 
8 75 9 66 70 76 28 62 98 43 75 1 31 28 84 26 23 88 97 39 66 67 54 7 76 62 98 73 54 73 50 34 26 22 88 76 7 24 90 75 98 55 13 2 98 83 19 88 19 38 84 8 36 53 7 39 1 33 35 26 75 27 25 67 31 31 48 5 68 83 59 28 4 26 69 13 97 49 74 38 53 23 26 41 80 49 79 67 36 43 5 45 25 44 5 97 43 47 13 82 68 20 5 32 86 97 15 50 4 32 63 34 0 22 53 88 33 73 16 20 76 57 66 9 73 70 19 47 55 15 72 59 43 62 51 6 68 64 74 39 57 24 48 81 67 49 23 32 66 5 50 54 40 37 74 28 17 33 47 92 1 70 54 82 39 95 38 97 87 63 70 52 29 24 99 36 71 28 24 18 
78 78 41 94 50 60 98 24 43 65 94 57 23 6 70 14 62 36 97 84 82 88 16 58 94 44 93 55 89 13 67 8 68 77 74 2 2 13 52 51 55 36 27 98 48 2 9 1 66 42 30 71 61 17 5 16 24 85 17 33 40 33 88 13 40 31 39 67 12 25 47 9 36 84 92 40 89 71 77 95 26 87 82 37 77 76 27 91 42 86 46 65 57 62 39 62 23 74 40 35 45 99 58 84 99 70 25 56 71 52 58 30 22 0 17 9 38 11 26 84 42 38 1 12 8 47 67 26 16 58 24 94 3 33 73 39 54 88 2 30 59 1 93 50 31 25 39 97 3 12 59 92 60 54 79 54 69 72 69 17 71 95 91 94 70 55 50 58 66 43 4 35 24 53 60 56 7 52 50 38 
73 71 49 16 75 67 94 35 65 69 33 15 54 36 39 79 82 46 21 75 51 72 53 41 94 47 22 90 62 51 62 7 18 84 4 33 9 51 96 78 62 30 77 53 60 67 60 24 10 30 85 71 78 36 94 91 64 41 99 48 73 2 13 45 16 98 14 87 70 33 52 42 49 23 30 93 49 44 99 23 1 11 60 43 82 44 86 41 48 44 47 27 31 95 37 56 21 73 28 62 16 61 18 59 72 16 87 86 51 52 87 39 53 17 0 64 75 61 25 28 17 2 10 83 13 70 40 87 13 49 83 96 79 47 65 44 95 57 35 33 26 10 7 68 85 53 25 40 48 88 4 71 70 35 74 55 33 34 11 48 3 59 82 6 58 40 49 61 46 78 34 70 75 9 56 75 87 67 41 49 
76 26 31 52 47 75 69 95 6 45 39 56 97 73 75 37 12 64 7 96 49 15 47 8 53 54 86 51 76 64 51 5 20 7 51 28 83 16 63 56 48 29 3 60 72 43 47 17 15 56 61 50 26 66 58 2 24 32 12 8 88 85 70 69 89 86 76 23 60 17 5 28 80 99 15 49 20 7 41 55 93 11 10 4 89 34 79 94 86 80 73 76 60 38 88 23 64 82 50 79 60 89 52 49 35 5 88 28 44 93 19 47 88 9 64 0 98 16 25 77 58 75 10 21 79 49 53 55 61 30 15 89 97 83 28 79 68 35 11 89 89 98 85 48 98 21 70 18 9 57 68 18 28 36 57 16 52 20 21 19 9 73 90 13 18 21 41 11 22 31 39 5 68 87 41 31 14 3 93 50 
77 49 24 99 28 92 39 4 91 85 43 56 92 83 64 25 29 9 75 48 5 27 98 5 57 75 76 49 69 65 26 63 55 22 64 10 12 64 42 67 25 33 86 54 64 99 72 15 56 50 40 13 69 21 4 48 8 35 16 59 7 16 19 64 40 14 43 31 17 79 4 41 45 76 16 79 75 54 41 54 37 21 13 37 13 34 65 37 64 62 47 19 77 27 27 11 87 9 34 66 56 82 14 25 75 77 71 93 92 4 36 50 33 38 75 98 0 3 61 85 22 77 40 25 44 21 84 38 64 14 61 28 26 1 99 39 60 82 85 74 7 81 67 10 9 30 25 84 45 24 53 88 64 32 55 75 35 92 46 29 53 95 20 25 32 76 76 91 65 55 96 89 84 27 73 5 49 84 90 74 
44 51 67 87 34 6 61 56 77 74 64 53 92 49 73 4 45 42 36 6 51 40 75 93 26 13 44 39 18 34 41 1 38 15 64 37 79 9 68 37 24 54 71 80 36 47 98 90 31 19 50 4 52 99 91 96 29 66 82 47 34 79 45 8 34 70 43 58 71 53 25 83 45 33 21 81 33 54 9 34 78 67 49 59 74 20 98 84 88 48 94 17 88 60 21 8 76 86 96 56 26 5 2 1 52 69 30 73 75 88 98 18 73 11 61 16 3 0 79 50 92 63 89 45 44 29 81 17 32 37 19 43 80 49 63 90 16 99 55 49 46 93 45 96 56 18 50 20 94 98 45 87 95 69 25 33 39 51 40 71 63 38 91 42 6 71 75 86 46 84 23 6 8 90 53 76 81 42 21 66 
21 63 93 46 73 27 98 69 56 51 24 79 83 52 13 57 3 15 37 60 57 91 54 8 80 36 4 58 44 60 25 22 1 42 61 8 81 3 67 63 27 98 21 56 30 60 75 44 8 16 79 82 42 39 91 63 65 35 89 76 52 83 12 4 81 82 55 76 4 25 3 93 8 62 95 60 84 59 45 87 37 45 5 49 54 91 51 48 4 84 4 73 97 48 12 59 30 64 55 10 25 51 49 27 82 86 74 47 75 80 62 13 16 26 25 25 61 79 0 52 72 31 60 15 71 30 35 36 21 97 53 26 6 54 12 8 50 13 82 72 24 43 39 33 24 63 32 59 35 68 9 77 19 67 79 70 53 87 7 94 83 42 65 97 95 51 42 92 82 69 99 29 59 66 35 36 98 1 93 16 
31 45 65 64 69 68 10 16 43 81 41 98 98 95 35 94 4 63 74 12 79 59 4 19 37 18 85 35 29 36 56 21 81 66 53 55 93 43 43 37 34 78 48 76 54 59 65 7 83 58 67 3 26 91 10 69 49 75 75 62 84 56 47 30 23 78 41 38 39 86 31 21 28 50 22 29 1 2 1 41 88 4 47 98 21 34 30 18 71 58 98 41 10 86 69 21 19 95 51 60 84 72 20 11 48 83 70 48 41 40 90 18 20 84 28 77 85 50 52 0 97 55 51 57 38 61 90 6 61 18 34 39 95 10 84 93 19 27 61 97 13 90 1 65 40 71 63 21 14 18 51 60 39 95 8 28 27 66 82 43 91 85 35 82 36 13 39 79 38 81 5 96 92 57 81 32 13 10 31 79 
37 55 13 43 40 32 68 25 21 51 64 54 37 25 25 32 11 11 39 36 39 46 25 52 5 12 7 69 18 20 3 38 62 79 49 12 40 18 55 14 84 81 47 96 35 58 78 76 4 60 26 42 55 13 6 36 15 16 46 49 23 53 15 87 65 5 97 59 40 9 55 91 54 94 39 83 20 64 14 60 85 37 34 34 35 85 62 66 41 34 23 83 82 36 40 70 23 54 49 2 96 34 46 99 93 86 61 43 31 69 51 49 76 42 17 58 22 92 72 97 0 47 29 76 97 93 49 47 94 74 76 96 77 19 81 77 76 48 64 56 68 96 1 3 20 85 8 78 32 35 39 55 41 43 59 87 17 68 78 7 5 59 69 40 30 75 22 28 85 3 52 48 58 9 97 2 42 23 41 98 
8 1 18 23 33 12 79 95 89 36 64 61 7 77 84 29 32 30 72 52 11 83 44 73 83 5 2 66 53 7 87 51 62 69 52 90 7 16 53 66 95 77 1 85 14 16 79 37 22 89 66 43 92 5 93 2 77 92 76 68 17 57 51 63 87 26 57 34 64 69 29 27 35 97 63 18 55 29 51 41 19 22 38 69 4 43 45 76 42 37 47 55 45 88 95 48 20 45 84 48 76 8 16 73 87 75 13 82 56 72 23 1 57 38 2 75 77 63 31 55 47 0 85 30 71 35 53 97 6 28 95 20 71 55 24 18 50 20 77 60 6 43 31 73 72 7 68 53 31 47 42 12 16 94 17 21 10 20 55 21 61 99 80 83 96 59 10 52 14 10 70 92 5 6 16 79 44 54 80 5 
46 87 34 83 98 4 64 63 69 73 32 1 39 41 35 77 92 31 57 85 95 85 26 3 95 88 66 52 49 24 6 59 4 39 7 37 27 51 72 53 41 84 53 29 70 83 47 42 74 86 60 19 99 63 57 85 71 9 78 81 16 23 76 63 77 60 99 57 74 50 28 93 38 95 83 64 92 65 90 35 41 43 11 78 62 78 17 44 86 74 16 52 56 61 57 70 85 26 97 58 43 71 31 22 29 32 72 81 61 10 40 2 66 1 10 10 40 89 60 51 29 85 0 54 52 63 93 19 26 58 25 8 39 97 77 52 96 10 47 55 32 52 64 93 42 70 19 77 56 88 22 90 38 24 22 40 6 96 66 48 66 26 41 56 81 76 38 9 99 50 90 14 91 46 40 43 12 10 76 80 
69 17 11 41 8 55 21 27 19 16 19 15 99 86 23 3 97 38 72 74 25 53 27 83 12 27 97 25 92 97 10 82 17 92 64 81 74 26 31 27 19 4 98 55 48 44 2 22 23 41 94 36 96 68 99 76 30 18 95 5 82 58 65 36 7 27 70 83 11 12 42 83 45 7 58 8 73 87 98 60 84 68 64 28 73 74 57 94 42 80 40 5 68 59 24 8 7 93 62 3 48 90 57 74 68 51 34 30 60 24 10 97 9 12 83 21 25 45 15 57 76 30 54 0 20 44 67 39 36 43 46 18 60 89 19 48 4 18 40 73 81 60 12 79 26 20 51 51 18 48 65 59 10 15 72 39 89 21 89 6 18 46 74 82 44 23 64 71 26 65 18 53 41 95 59 18 61 35 57 8 
58 20 29 45 34 2 36 99 93 40 41 61 32 29 90 61 30 98 68 13 40 14 2 47 43 66 19 86 95 61 95 79 54 54 94 59 77 64 29 73 15 89 6 14 91 11 36 2 13 89 99 64 80 54 71 38 50 76 6 58 70 76 88 8 11 24 1 33 80 11 40 56 30 24 84 48 29 16 47 51 29 64 97 40 62 11 51 83 19 50 58 87 86 48 52 97 83 41 5 20 51 57 71 30 37 10 82 59 30 91 44 58 73 8 13 79 44 44 71 38 97 71 52 20 0 43 35 27 93 3 57 48 6 94 9 65 2 38 14 13 59 44 67 33 16 70 54 31 39 28 18 97 43 79 27 40 16 83 75 48 76 6 58 59 3 21 13 97 70 14 61 66 48 53 86 79 32 46 7 91 
83 10 76 17 63 14 56 48 50 3 6 67 63 41 41 60 56 40 50 36 59 10 7 19 23 17 54 48 60 19 81 7 78 81 2 77 65 52 24 90 39 70 17 8 6 61 83 85 16 73 80 60 98 10 92 57 73 61 49 55 70 64 30 43 80 62 17 74 15 18 39 21 9 21 24 85 50 59 19 3 29 43 23 22 60 21 31 61 33 66 72 32 61 97 70 72 12 8 83 26 74 48 65 49 19 32 4 46 86 22 14 98 70 47 70 49 21 29 30 61 93 35 63 44 43 0 49 68 58 50 10 24 97 63 63 19 45 75 15 68 75 20 76 50 83 49 81 48 27 71 37 14 56 55 24 52 94 97 65 33 70 20 37 48 26 93 22 21 59 73 94 38 10 22 97 86 37 68 39 57 
97 93 6 18 15 60 29 88 84 36 93 96 48 48 88 73 30 11 62 17 56 26 19 87 85 76 8 39 22 97 26 47 25 95 25 64 35 55 10 93 64 58 45 16 55 59 66 35 91 97 61 33 48 26 30 62 35 72 69 19 66 32 64 56 29 39 51 76 32 12 23 21 97 88 74 90 36 58 14 12 52 68 22 30 45 75 7 73 28 12 68 15 37 97 26 3 70 63 84 54 86 51 67 89 10 64 60 83 28 57 95 98 19 67 40 53 84 81 35 90 49 53 93 67 35 49 0 88 32 97 91 74 41 63 85 22 5 63 94 47 96 25 83 83 76 63 91 63 5 53 37 31 12 32 13 9 24 26 38 7 32 94 12 16 97 80 64 20 28 51 18 85 87 78 80 61 23 68 30 8 
14 52 82 89 78 57 46 36 16 98 80 40 63 24 76 41 34 68 83 10 1 48 35 30 29 26 71 85 87 63 54 13 65 13 23 24 27 28 9 92 7 89 30 84 98 51 7 88 47 83 50 94 11 22 53 27 20 25 69 98 78 44 67 76 47 89 49 89 97 34 84 19 70 90 69 19 78 24 34 26 81 17 25 76 36 62 15 51 86 47 53 73 91 35 6 26 2 66 94 12 68 61 6 24 26 57 77 99 9 29 67 10 47 26 87 55 38 17 36 6 47 97 19 39 27 68 88 0 97 80 50 48 49 85 27 59 46 15 29 6 56 70 67 32 48 59 67 65 18 13 7 19 78 23 12 54 44 42 25 81 72 27 84 36 23 66 96 72 25 8 91 55 88 91 37 37 73 15 41 21 
11 11 6 1 44 82 93 17 18 80 83 72 35 29 78 16 42 55 99 85 39 65 32 36 57 64 47 39 72 10 72 62 20 90 89 33 83 45 46 48 72 81 49 35 33 67 49 86 37 33 72 58 63 35 45 14 97 90 54 49 64 96 8 97 24 83 12 40 98 90 32 44 9 4 86 53 3 2 83 41 8 94 82 43 80 86 92 25 36 48 52 98 25 25 5 6 83 15 56 9 38 26 25 13 47 28 55 95 48 73 78 91 55 16 13 61 64 32 21 61 94 6 26 36 93 58 32 97 0 8 68 62 90 97 41 26 72 28 78 66 36 56 62 53 34 99 27 66 55 67 62 69 37 2 4 89 18 96 81 88 23 27 11 99 89 93 63 6 27 12 84 78 92 66 12 96 7 64 19 10 
24 69 43 98 62 9 57 88 62 16 75 8 72 85 39 38 66 78 84 59 94 89 97 12 33 25 26 32 93 24 66 50 72 78 49 66 39 59 94 99 53 48 51 52 13 65 64 72 30 61 55 28 61 24 87 79 25 34 49 27 56 35 1 66 44 85 79 66 30 40 17 43 65 62 75 30 63 49 37 39 3 31 7 50 64 42 63 15 61 68 18 1 16 23 7 23 49 56 63 30 20 38 13 98 98 40 38 65 11 12 98 11 15 58 49 30 14 37 97 18 74 28 58 43 3 50 97 80 8 0 93 35 36 40 70 35 38 12 63 71 86 34 33 24 43 63 83 80 79 14 35 18 12 60 80 73 44 11 1 81 60 30 31 12 81 40 53 5 73 70 22 82 44 97 81 41 14 74 35 57 
82 24 87 83 86 39 52 91 8 16 41 17 43 90 76 8 50 46 86 49 86 40 81 53 59 17 35 79 10 41 56 52 63 61 35 80 92 80 46 13 15 19 87 44 28 34 12 15 72 42 70 77 99 21 5 27 94 65 11 27 97 76 18 88 62 14 15 89 21 78 5 91 90 49 30 13 73 74 75 43 93 45 56 6 64 15 72 23 68 79 68 96 41 94 84 66 5 38 57 43 28 30 76 59 37 99 54 57 90 20 94 81 72 24 83 15 61 19 53 34 76 95 25 46 57 10 91 50 68 93 0 1 53 73 80 40 68 54 55 22 67 25 62 74 15 87 96 56 20 41 13 15 83 32 30 45 3 33 73 65 60 74 1 93 1 7 53 99 90 79 59 97 38 86 88 44 15 91 69 11 
8 15 53 72 37 5 5 79 65 95 26 67 21 38 22 83 26 74 88 22 96 86 99 77 87 80 56 79 11 77 64 28 54 58 23 76 9 5 70 54 44 35 18 91 92 68 87 83 42 60 43 89 64 50 37 31 20 80 47 25 70 97 46 49 44 89 32 74 56 62 44 11 28 59 68 28 70 14 94 56 85 76 71 70 88 26 88 29 12 49 20 44 73 97 2 85 5 67 91 42 90 91 49 50 10 71 31 45 98 70 80 52 59 94 96 89 28 43 26 39 96 20 8 18 48 24 74 48 62 35 1 0 11 47 10 90 88 14 67 41 41 39 32 67 89 68 14 82 13 44 67 13 66 67 89 29 60 58 22 54 14 28 23 56 22 18 26 11 29 87 11 85 52 30 5 95 73 50 4 22 
25 64 58 15 13 71 80 88 56 67 69 62 91 6 16 39 86 69 48 48 71 22 44 38 69 85 72 9 21 98 8 60 5 52 40 74 19 12 21 43 80 70 97 76 99 53 82 4 41 62 16 8 71 99 11 46 91 48 1 64 52 57 61 2 65 91 33 42 72 67 32 19 63 32 56 60 8 72 93 60 44 80 13 19 79 61 71 46 44 1 57 61 89 23 82 94 84 44 61 93 58 80 25 21 69 62 1 66 59 70 1 24 43 3 79 97 26 80 6 95 77 71 39 60 6 97 41 49 90 36 53 11 0 6 66 97 23 26 75 53 66 38 45 32 84 75 67 48 95 91 79 21 35 10 28 87 60 42 7 13 28 27 4 2 11 19 48 12 44 50 51 86 67 84 58 66 40 82 61 88 
75 22 57 37 54 77 76 58 3 35 50 70 51 24 56 48 49 24 1 72 74 46 52 79 67 57 64 37 84 7 69 15 5 15 19 63 25 37 92 17 84 77 58 79 70 59 59 10 75 83 37 6 6 53 87 72 1 90 87 33 55 2 11 58 1 73 83 59 99 51 95 51 80 59 27 1 2 73 37 17 27 43 59 99 83 78 27 37 13 9 35 71 24 5 48 50 84 65 39 83 81 83 41 4 81 90 68 35 33 52 9 22 62 33 47 83 1 49 54 10 19 55 97 89 94 63 63 85 97 40 73 47 6 0 17 68 15 37 41 24 73 43 59 83 44 27 53 23 18 8 12 4 39 18 87 43 80 43 13 47 1 22 79 45 41 7 96 22 23 52 19 64 24 58 24 25 93 60 60 96 
93 47 79 27 27 74 32 25 91 84 83 51 23 69 69 61 54 82 66 57 56 45 37 70 23 20 95 96 16 80 87 22 72 68 64 18 6 22 8 49 41 85 33 52 18 48 95 45 73 38 39 88 88 98 84 96 79 34 62 43 10 50 39 81 75 48 99 76 31 77 81 86 81 25 9 8 14 15 79 33 75 79 10 97 10 90 31 79 64 43 6 15 9 23 25 60 36 85 72 54 4 56 1 7 12 78 83 19 4 93 7 18 51 73 65 28 99 63 12 84 81 24 77 19 9 63 85 27 41 70 80 10 66 17 0 29 90 56 94 93 19 95 75 31 98 2 5 93 68 55 61 6 68 51 32 21 39 10 42 71 3 38 77 16 82 15 20 85 49 31 71 61 47 76 46 25 30 89 97 10 
21 4 88 33 83 6 77 56 5 94 87 59 3 21 83 61 49 65 22 52 16 89 83 25 3 34 12 73 47 35 40 88 84 49 75 87 56 93 18 21 22 33 79 58 31 91 28 26 60 23 43 43 49 40 23 81 85 68 62 31 17 86 53 53 97 52 73 92 85 84 26 2 69 39 51 82 90 38 70 28 50 3 66 22 32 90 51 29 21 70 33 35 92 15 2 41 77 18 70 26 1 13 87 45 63 54 14 22 54 79 52 20 6 39 44 79 39 90 8 93 77 18 52 48 65 19 22 59 26 35 40 90 97 68 29 0 90 46 77 95 1 80 91 7 97 58 23 37 36 49 76 9 86 7 13 88 88 59 84 19 92 91 11 43 39 36 26 21 35 27 70 31 69 88 51 90 1 16 46 40 
33 57 82 2 13 80 53 50 17 19 47 80 64 14 69 49 1 82 22 68 97 84 9 70 74 66 13 38 39 81 58 54 70 55 89 66 46 10 64 8 61 27 2 30 34 24 31 49 58 48 40 65 73 3 55 15 58 53 46 3 53 41 10 46 1 98 45 27 97 72 36 39 68 73 61 3 33 71 36 42 30 77 3 54 41 18 2 47 93 65 35 9 22 16 67 61 88 72 13 28 88 54 86 38 23 75 95 41 5 85 6 71 68 54 95 68 60 16 50 19 76 50 96 4 2 45 5 46 72 38 68 88 23 15 90 90 0 50 13 61 25 13 7 47 17 50 96 76 9 94 80 47 6 50 71 31 84 3 45 57 17 34 94 6 79 16 94 41 90 33 87 79 56 4 72 77 3 52 83 94 
13 89 11 49 26 85 39 53 78 75 14 15 1 57 12 83 39 82 40 4 50 69 3 30 2 30 50 78 20 7 74 14 80 10 18 6 3 91 40 85 97 1 22 69 58 15 18 88 2 88 52 78 79 98 50 88 67 94 55 80 26 65 13 96 1 64 27 93 35 6 44 9 92 17 75 73 49 92 64 84 55 39 44 33 71 1 39 16 63 37 82 29 97 53 22 38 7 19 28 39 15 43 1 43 84 79 32 26 89 37 99 56 64 88 57 35 82 99 13 27 48 20 10 18 38 75 63 15 28 12 54 14 26 37 56 46 50 0 13 80 80 65 8 63 26 83 46 35 65 10 65 14 95 76 64 28 40 29 53 2 23 16 15 4 21 31 6 30 86 74 83 12 19 49 66 1 69 72 38 78 
66 81 73 89 2 60 84 25 69 19 22 78 93 30 37 9 8 33 77 93 56 68 20 78 34 39 80 35 61 33 78 75 61 23 8 77 25 22 62 24 23 75 95 61 14 8 59 70 21 14 51 74 56 50 85 39 29 54 94 26 22 51 42 22 32 29 30 29 95 33 65 17 82 8 5 58 77 72 96 40 33 83 5 42 15 72 71 71 71 63 89 37 71 2 72 19 10 83 19 42 72 30 47 87 15 69 94 73 90 69 81 65 74 2 35 11 85 55 82 61 64 77 47 40 14 15 94 29 78 63 55 67 75 41 94 77 13 13 0 66 69 93 77 5 36 55 99 86 97 5 94 76 28 45 58 17 96 6 24 2 2 32 77 90 64 48 77 79 33 41 81 99 46 31 70 95 97 29 76 68 
95 47 49 23 42 32 81 16 31 26 81 13 6 29 58 86 22 94 61 51 7 71 63 25 81 84 68 40 7 13 39 35 98 34 28 60 48 13 57 77 49 20 1 50 3 32 44 94 98 24 11 46 42 99 4 57 83 79 16 11 58 57 24 90 75 28 96 73 6 61 65 42 67 67 20 76 25 33 31 37 68 20 6 97 84 39 67 38 14 53 73 79 39 36 3 61 58 38 54 48 84 74 23 34 52 68 90 71 81 18 29 61 39 30 33 89 74 49 72 97 56 60 55 73 13 68 47 6 66 71 22 41 53 24 93 95 61 80 66 0 96 21 93 22 66 43 65 35 67 95 13 36 53 67 16 39 88 10 18 89 58 16 9 11 73 50 77 88 88 64 73 55 58 45 46 63 68 17 39 53 
61 55 20 35 56 91 75 68 53 18 82 12 73 92 28 69 6 15 3 54 33 36 95 43 8 54 55 20 24 71 32 50 54 99 87 45 58 46 50 38 86 45 77 81 74 63 72 78 18 74 13 4 98 21 54 90 6 68 64 29 26 33 71 74 41 60 33 8 11 42 98 46 74 20 54 47 5 9 94 83 42 36 51 28 16 80 74 31 19 92 19 6 21 20 80 12 4 92 35 78 45 61 76 73 45 46 14 4 86 2 71 9 57 59 26 89 7 46 24 13 68 6 32 81 59 75 96 56 36 86 67 41 66 73 19 1 25 80 69 96 0 19 76 58 83 6 65 11 96 70 57 32 33 37 49 90 35 42 69 90 71 83 36 14 86 55 94 29 92 34 50 40 30 53 96 91 57 9 26 72 
25 80 13 95 56 8 71 74 85 50 95 80 53 55 80 40 16 31 41 88 30 35 76 11 64 70 70 68 32 96 77 71 33 57 79 93 40 98 43 16 72 29 22 3 35 78 47 35 33 28 57 70 89 7 27 16 64 98 17 15 50 63 58 8 12 95 59 76 54 79 32 79 10 44 95 9 82 4 1 70 38 13 54 28 24 1 57 76 92 69 14 30 93 36 55 86 37 76 93 38 58 69 52 18 56 14 1 63 18 39 39 77 24 1 10 98 81 93 43 90 96 43 52 60 44 20 25 70 56 34 25 39 38 43 95 80 13 65 93 21 19 0 83 80 20 23 5 20 38 83 47 16 34 20 39 31 4 64 68 87 18 31 54 40 6 83 2 31 80 14 93 59 87 9 65 20 80 59 63 13 
83 72 26 22 65 67 27 47 37 38 50 96 10 29 2 64 78 39 78 80 94 25 26 66 70 92 82 32 92 52 60 24 88 81 3 30 80 29 44 5 96 4 85 4 52 4 36 76 2 3 72 77 30 70 33 76 71 58 66 33 52 85 76 1 72 79 11 55 94 84 24 68 82 97 27 82 12 6 8 60 25 96 89 76 26 53 26 12 25 77 6 12 32 60 4 41 40 93 83 78 74 39 61 89 15 60 55 52 59 91 53 68 48 93 7 85 67 45 39 1 1 31 64 12 67 76 83 67 62 33 62 32 45 59 75 91 7 8 77 93 76 83 0 34 7 41 1 99 4 75 40 84 79 5 64 38 91 39 16 74 97 64 72 93 47 96 92 80 57 69 38 84 94 31 49 44 40 52 76 10 
98 15 78 69 16 33 58 21 99 21 52 35 95 64 13 55 81 97 44 93 79 62 36 86 6 65 42 71 1 46 82 54 7 15 51 57 38 40 96 16 38 53 92 79 16 19 7 40 87 54 75 97 38 32 1 32 5 81 40 7 47 24 24 15 60 60 28 16 67 7 61 57 11 90 48 37 4 48 69 77 57 9 42 97 86 2 24 21 8 11 6 15 32 81 23 21 32 19 95 56 26 39 24 39 10 57 58 23 67 68 23 68 81 50 68 48 10 96 33 65 3 73 93 79 33 50 83 32 53 24 74 67 32 83 31 7 47 63 5 22 58 80 34 0 51 73 33 94 21 66 55 91 38 61 89 25 1 68 67 94 31 4 23 40 11 1 11 37 2 63 65 19 40 92 32 26 57 81 94 84 
3 78 17 68 93 47 31 67 60 41 15 7 98 82 2 14 64 88 84 40 20 88 80 54 43 20 32 65 84 18 28 52 3 32 17 57 52 3 86 9 85 93 80 88 8 9 19 28 82 9 94 99 1 4 16 55 30 54 98 72 95 71 55 34 76 51 84 62 58 38 22 68 57 74 63 88 82 66 37 34 38 10 15 22 32 24 74 91 82 92 30 57 63 98 59 79 43 31 44 38 30 70 50 30 80 62 25 79 46 13 96 42 67 31 85 98 9 56 24 40 20 72 42 26 16 83 76 48 34 43 15 89 84 44 98 97 17 26 36 66 83 20 7 51 0 68 42 28 62 29 62 69 48 84 92 41 17 78 53 13 63 16 73 24 80 42 43 70 81 14 2 57 5 93 32 61 61 89 90 50 
93 16 5 49 41 76 65 95 32 53 31 70 12 61 9 62 98 1 60 81 29 74 63 21 16 55 83 56 72 88 90 13 41 20 44 68 10 48 90 49 67 58 53 73 72 45 45 14 35 6 99 27 95 96 79 59 69 28 37 96 90 89 91 59 6 11 46 87 87 41 74 5 98 4 60 72 44 31 40 96 93 99 51 22 13 17 8 86 13 47 33 20 33 10 29 3 63 60 95 70 64 33 4 85 65 55 45 3 54 9 2 32 49 25 53 21 30 18 63 71 85 7 70 20 70 49 63 59 99 63 87 68 75 27 2 58 50 83 55 43 6 23 41 73 68 0 81 50 19 12 68 22 89 86 82 87 53 40 53 14 10 99 79 47 27 64 87 3 97 46 14 68 38 37 55 64 66 59 50 49 
99 26 89 19 61 83 39 13 36 24 11 86 99 70 90 41 31 38 67 83 79 21 77 14 36 76 34 60 10 87 40 71 6 43 80 54 38 71 59 37 57 9 57 26 77 94 41 46 47 81 91 54 1 32 54 41 38 99 85 44 33 42 2 79 20 92 3 24 21 15 25 71 85 11 69 58 31 44 17 17 69 7 79 81 5 20 94 73 29 38 31 3 68 76 54 56 31 35 37 51 80 80 81 69 23 65 86 26 32 86 3 16 23 39 25 70 25 50 32 63 8 68 19 51 54 81 91 67 27 83 96 14 67 53 5 23 96 46 99 65 65 5 1 33 42 81 0 60 27 3 27 45 30 35 73 63 53 76 73 96 1 52 40 61 25 96 81 35 37 56 32 67 81 57 24 21 57 60 28 28 
11 54 28 98 71 45 19 26 33 19 86 45 41 84 64 74 33 67 79 83 42 77 77 27 47 70 74 57 68 85 9 11 22 32 12 18 9 51 98 67 51 62 67 40 13 90 82 90 41 11 1 78 76 12 29 35 99 47 21 36 38 39 51 68 31 85 54 20 47 38 12 57 75 33 47 53 78 76 39 86 3 57 93 79 4 55 85 45 57 36 66 97 86 58 58 92 88 75 84 61 56 37 52 67 21 90 95 47 1 64 73 23 32 97 40 18 84 20 59 21 78 53 77 51 31 48 63 65 66 80 56 82 48 23 93 37 76 35 86 35 11 20 99 94 28 50 60 0 90 81 35 59 75 71 82 8 36 30 75 14 44 61 28 98 17 56 26 20 46 81 49 74 23 32 21 17 18 60 29 71 
55 85 51 12 50 65 96 1 51 80 5 71 92 73 91 75 73 43 86 3 93 73 75 7 82 71 10 27 66 7 4 99 4 74 78 13 70 19 22 78 66 11 92 10 22 68 48 19 22 71 84 8 16 22 25 70 45 54 67 46 39 27 75 48 95 23 45 75 33 29 98 86 41 2 29 38 85 73 33 69 73 63 94 45 80 99 63 4 32 92 57 55 79 25 35 77 58 65 36 23 10 3 62 15 40 98 79 75 92 40 12 43 66 3 48 9 45 94 35 14 32 31 56 18 39 27 5 18 55 79 20 13 95 18 68 36 9 65 97 67 96 38 4 21 62 19 27 90 0 10 46 36 85 55 82 86 97 81 90 21 41 27 77 10 78 5 15 20 7 7 31 74 24 35 53 51 50 86 42 17 
97 59 69 12 51 38 42 98 52 52 8 73 77 80 16 69 45 62 51 31 25 59 71 32 24 94 89 90 3 58 15 5 12 28 14 53 16 92 27 19 89 20 89 44 67 26 41 2 65 41 26 31 51 42 83 31 54 56 46 93 4 2 9 54 45 38 78 25 35 40 25 18 1 98 1 72 34 93 88 9 44 9 73 81 45 4 66 31 91 92 73 60 34 38 64 75 66 88 7 90 95 46 75 41 84 4 97 31 51 49 73 51 5 12 88 57 24 98 68 18 35 47 88 48 28 71 53 13 67 14 41 44 91 8 55 49 94 10 5 95 70 83 75 66 29 12 3 81 10 0 10 63 86 70 93 66 57 60 27 66 92 12 79 28 43 32 50 37 66 45 75 24 72 77 61 98 88 35 60 66 
83 86 4 53 33 48 96 99 6 33 55 13 88 49 86 25 41 19 23 86 90 56 48 84 21 23 75 78 66 58 99 97 80 62 95 83 57 93 23 45 21 28 79 57 10 88 75 38 89 66 22 65 6 2 16 3 50 70 46 29 3 1 65 23 26 30 98 88 94 80 8 80 45 76 24 73 44 27 58 35 54 19 33 8 31 72 70 63 53 65 13 30 70 27 85 90 86 48 87 94 15 9 45 24 70 43 26 23 25 60 23 58 50 59 4 68 53 45 9 51 39 42 22 65 18 37 37 7 62 35 13 67 79 12 61 76 80 65 94 13 57 47 40 55 62 68 27 35 46 10 0 41 36 79 3 95 57 95 43 5 88 51 60 92 27 37 46 10 14 59 86 88 21 9 60 83 56 25 93 73 
87 30 59 77 91 74 58 78 34 38 60 47 62 53 81 26 68 1 38 48 11 16 79 50 5 82 96 31 48 84 10 12 68 15 39 94 67 37 91 39 1 99 96 65 37 21 73 69 19 36 69 71 65 59 59 14 14 20 66 28 38 37 70 95 70 13 32 68 56 77 43 80 28 96 96 68 14 25 61 13 95 95 53 3 66 87 90 77 82 83 35 7 18 85 15 83 1 46 31 55 78 86 58 93 25 11 59 90 52 99 74 2 54 92 71 18 88 87 77 60 55 12 90 59 97 14 31 19 69 18 15 13 21 4 6 9 47 14 76 36 32 16 84 91 69 22 45 59 36 63 41 0 70 49 80 33 91 5 83 6 71 44 20 22 20 96 99 90 2 1 70 30 58 58 80 45 19 97 71 33 
71 45 13 69 21 91 49 12 1 31 85 83 3 93 85 34 25 46 14 66 70 83 32 66 24 29 2 53 87 73 76 75 7 54 1 20 38 83 52 12 76 7 57 10 60 1 58 21 18 73 41 72 4 86 26 89 27 73 78 16 6 37 76 58 32 21 80 53 41 55 90 75 24 96 18 99 40 31 30 39 82 4 85 46 22 44 48 44 78 35 16 97 85 55 14 37 2 52 11 6 57 87 13 59 4 14 97 81 97 98 40 50 40 60 70 28 64 95 19 39 41 16 38 10 43 56 12 78 37 12 83 66 35 39 68 86 6 95 28 53 33 34 79 38 48 89 30 75 85 86 36 70 0 61 1 20 4 6 55 53 20 45 95 76 79 60 13 2 8 16 24 99 1 4 28 63 9 34 80 15 
67 38 3 46 53 85 43 91 10 41 99 8 23 93 28 19 79 83 16 42 16 42 34 55 26 98 20 89 26 7 79 38 76 41 72 61 23 74 59 30 15 36 10 2 72 38 59 31 51 66 2 23 84 99 67 17 74 91 8 10 7 42 97 18 75 67 17 12 70 77 66 2 69 79 93 59 11 78 51 37 30 69 6 55 36 42 80 71 34 48 9 73 78 43 21 78 53 84 31 83 72 6 32 75 70 73 38 3 86 59 22 53 37 54 35 36 32 69 67 95 43 94 24 15 79 55 32 23 2 60 32 67 10 18 51 7 50 76 45 67 37 20 5 61 84 86 35 71 55 70 79 49 61 0 72 55 77 97 60 29 79 57 7 71 23 76 6 72 38 1 32 44 83 48 83 34 70 24 47 95 
72 23 77 65 39 16 53 25 32 51 42 30 83 97 94 79 68 95 85 57 47 64 44 1 47 74 12 32 20 88 82 32 47 91 27 58 76 57 98 97 94 54 12 82 46 72 85 84 17 52 7 48 77 23 1 33 71 90 39 95 63 89 87 17 30 53 32 17 14 16 59 28 12 36 73 36 49 51 54 34 29 8 90 66 65 15 67 87 72 62 25 2 75 27 19 13 5 7 56 84 81 97 84 23 24 50 66 97 72 58 90 88 74 79 74 57 55 25 79 8 59 17 22 72 27 24 13 12 4 80 30 89 28 87 32 13 71 64 58 16 49 39 64 89 92 82 73 82 82 93 3 80 1 72 0 62 63 69 92 3 25 78 4 61 69 67 5 93 86 48 13 46 47 58 66 29 13 34 66 21 
49 92 97 90 66 66 23 55 36 74 36 61 94 58 8 47 51 72 47 42 30 28 10 51 32 58 73 84 5 19 65 44 17 44 93 34 19 66 71 74 27 9 85 16 34 87 4 97 32 40 15 65 50 43 61 17 96 10 20 32 87 17 14 7 91 16 51 70 75 75 79 87 33 54 43 59 85 43 74 93 69 58 27 60 10 91 58 17 23 81 82 46 46 84 32 26 7 49 37 35 72 41 43 83 4 45 54 16 32 10 57 5 28 54 55 16 75 33 70 28 87 21 40 39 40 52 9 54 89 73 45 29 87 43 21 88 31 28 17 39 90 31 38 25 41 87 63 8 86 66 95 33 20 55 62 0 2 18 10 23 34 98 19 17 91 17 95 5 52 61 88 75 13 21 6 23 67 7 25 75 
55 55 97 41 81 53 65 48 89 69 57 83 99 95 15 79 49 71 39 80 45 97 57 82 26 51 42 44 53 31 74 95 64 12 77 62 7 5 28 6 72 22 60 87 92 74 30 89 20 68 21 92 79 9 86 91 44 16 53 54 90 69 29 34 5 3 90 24 27 43 59 63 48 43 15 47 62 94 82 80 75 11 96 52 82 11 9 3 81 28 22 43 7 67 25 93 94 54 56 60 81 74 19 52 64 55 79 26 16 69 58 99 17 69 33 52 35 39 53 27 17 10 6 89 16 94 24 44 18 44 3 60 60 80 39 88 84 40 96 88 35 4 91 1 17 53 53 36 97 57 57 91 4 77 63 2 0 32 72 33 41 14 35 50 4 44 34 13 81 46 85 4 17 22 15 38 34 26 96 63 
16 77 62 8 58 70 71 78 61 81 14 74 48 40 76 8 36 97 90 45 20 83 87 38 19 21 24 1 71 7 84 38 5 74 95 89 78 48 4 94 91 87 14 84 78 26 58 12 80 28 34 97 64 21 68 60 5 93 60 71 44 54 62 95 59 42 8 40 56 56 13 22 21 79 52 83 24 2 6 53 60 25 12 56 81 87 18 55 66 1 13 82 30 49 65 64 45 81 62 37 38 45 44 65 39 78 67 78 69 78 22 1 33 72 34 20 92 51 87 66 68 20 96 21 83 97 26 42 96 11 33 58 42 43 10 59 3 29 6 10 42 64 39 68 78 40 76 30 81 60 95 5 6 97 69 18 32 0 75 2 35 58 11 71 43 60 5 86 64 8 83 85 22 72 63 18 50 20 94 29 
6 13 16 8 53 67 62 41 39 16 12 47 30 91 13 78 53 54 55 95 84 90 47 77 12 30 36 52 5 88 16 87 20 73 89 74 72 39 32 31 75 31 49 80 34 33 45 42 96 52 74 98 20 71 18 64 12 36 33 22 25 22 78 16 79 58 60 38 69 64 18 99 62 39 35 1 12 24 85 31 50 42 43 13 43 29 42 24 66 88 27 5 49 61 4 5 67 25 20 26 20 18 61 53 82 35 57 21 38 46 5 45 47 69 11 21 46 40 7 82 78 55 66 89 75 65 38 25 81 1 73 22 7 13 42 84 45 53 24 18 69 68 16 67 53 53 73 75 90 27 43 83 55 60 92 10 72 75 0 45 68 74 99 40 1 78 58 23 70 80 60 35 30 57 52 24 69 57 97 4 
18 60 75 34 90 90 61 60 12 64 53 87 96 79 62 9 32 1 28 80 75 72 38 71 54 33 59 11 23 14 65 1 41 32 55 80 35 80 11 45 27 96 33 64 74 91 26 76 41 37 67 75 74 55 50 30 49 67 29 67 95 93 98 49 85 2 51 35 86 61 35 16 69 88 47 2 24 11 29 6 68 57 16 77 13 90 69 2 72 70 78 56 61 13 81 95 5 17 51 32 20 1 27 17 52 81 4 82 32 48 10 60 92 17 48 19 29 71 94 43 7 21 48 6 48 33 7 81 88 81 65 54 13 47 71 19 57 2 2 89 90 87 74 94 13 14 96 14 21 66 5 6 53 29 3 23 33 2 45 0 22 4 74 21 25 88 38 68 41 73 18 66 66 6 48 71 17 51 65 67 
43 27 13 59 20 29 97 96 45 65 67 85 99 62 21 39 2 43 30 87 80 74 37 21 46 44 30 73 63 54 53 39 38 52 17 33 41 76 54 2 6 69 46 93 98 32 61 73 31 69 26 36 91 52 80 94 11 9 25 61 67 24 30 53 85 98 15 30 72 7 80 61 22 24 6 76 77 12 70 73 21 5 75 39 57 27 16 23 32 69 76 76 20 88 70 55 48 14 93 17 32 65 44 43 97 83 2 9 2 65 11 49 1 71 3 9 53 63 83 91 5 61 66 18 76 70 32 72 23 60 60 14 28 1 3 92 17 23 2 58 71 18 97 31 63 10 1 44 41 92 88 71 20 79 25 34 41 35 68 22 0 97 38 24 69 57 7 97 20 62 41 31 16 47 90 66 34 8 82 93 
21 77 19 8 95 20 28 80 44 92 22 98 81 58 38 50 65 41 49 34 45 97 11 55 7 92 15 40 60 62 48 26 63 59 63 61 53 19 44 39 99 13 20 6 85 99 9 6 54 8 48 10 58 15 74 74 51 89 39 38 36 92 64 95 28 63 90 73 21 62 9 30 75 13 61 88 81 7 85 67 25 38 27 13 78 99 21 11 31 42 72 29 10 23 5 7 48 15 46 41 61 87 70 58 57 8 53 54 2 14 18 53 70 95 59 73 95 38 42 85 59 99 26 46 6 20 94 27 27 30 74 28 27 22 38 91 34 16 32 16 83 31 64 4 16 99 52 61 27 12 51 44 45 57 78 98 14 58 74 4 97 0 1 19 39 73 21 23 44 43 96 66 88 77 48 51 7 59 68 95 
49 72 31 35 65 18 1 90 8 21 82 48 2 6 63 15 32 40 16 55 99 61 51 16 21 48 2 77 41 41 27 23 59 16 74 71 25 50 25 5 76 52 84 82 39 64 49 87 66 27 98 38 48 77 19 35 94 96 89 98 88 50 57 18 65 46 58 58 6 46 34 76 91 5 54 42 13 77 62 66 23 19 81 11 76 96 3 33 99 30 9 70 97 37 80 34 48 60 76 56 43 47 34 51 9 5 49 34 64 94 91 39 54 91 82 90 20 91 65 35 69 80 41 74 58 37 12 84 11 31 1 23 4 79 77 11 94 15 77 9 36 54 72 23 73 79 40 28 77 79 60 20 95 7 4 19 35 11 99 74 38 1 0 60 38 97 34 64 70 94 11 60 61 53 25 98 73 95 71 19 
23 88 60 5 43 6 27 32 63 55 95 89 76 77 67 18 19 25 74 16 13 90 78 46 6 47 50 14 70 39 54 45 6 49 57 19 50 64 23 33 68 23 34 65 71 10 26 44 51 39 2 10 68 3 41 29 96 80 73 58 87 52 86 53 1 44 44 96 88 81 56 88 98 95 62 99 87 4 34 28 1 18 52 12 15 65 36 98 25 42 59 56 55 94 58 12 37 93 57 88 83 26 17 23 29 31 28 42 17 47 85 25 82 94 6 13 25 42 97 82 40 83 56 82 59 48 16 36 99 12 93 56 2 45 16 43 6 4 90 11 14 40 93 40 24 47 61 98 10 28 92 22 76 71 61 17 50 71 40 21 24 19 60 0 28 96 97 79 12 11 12 93 96 92 99 4 32 69 49 78 
14 40 6 6 48 80 51 57 57 24 35 74 2 26 34 46 67 41 30 28 87 80 20 30 68 58 95 70 71 17 17 94 80 4 54 35 7 71 88 86 16 21 84 28 86 33 29 38 85 9 22 48 66 63 92 56 2 70 91 72 64 70 63 31 3 4 43 4 61 91 21 54 73 1 24 22 73 20 93 72 7 66 30 47 70 39 22 15 15 63 3 21 63 10 2 43 26 87 32 83 68 42 11 48 2 56 23 57 66 60 57 21 39 70 58 18 32 6 95 36 30 96 81 44 3 26 97 23 89 81 1 22 11 41 82 39 79 21 64 73 86 6 47 11 80 27 25 17 78 43 27 20 79 23 69 91 4 43 1 25 69 39 38 28 0 27 85 83 64 75 18 51 34 64 63 46 89 11 47 77 
98 44 17 62 22 11 21 34 97 7 62 77 53 80 58 58 16 93 52 38 78 89 46 71 12 80 40 70 24 48 26 47 87 26 40 74 33 55 16 71 78 94 47 19 37 67 46 98 4 82 62 30 11 76 78 72 53 85 94 92 17 54 97 3 6 48 95 16 82 15 13 79 72 90 23 20 7 70 41 26 3 25 80 57 21 44 48 34 47 37 17 86 27 62 47 12 20 22 94 39 32 53 39 37 34 42 24 77 85 67 36 31 95 55 40 21 76 71 51 13 75 59 76 23 21 93 80 66 93 40 7 18 19 7 15 36 16 31 48 50 55 83 96 1 42 64 96 56 5 32 37 96 60 76 67 17 44 60 78 88 57 73 97 96 27 0 18 18 26 3 28 17 38 25 79 97 23 11 37 38 
54 77 96 51 98 30 27 39 94 25 92 88 93 94 75 78 44 73 50 6 50 23 35 15 45 2 28 50 77 39 8 86 75 65 19 39 67 43 76 61 25 33 55 16 95 69 75 76 29 11 62 25 1 28 95 46 59 55 68 58 95 1 8 38 19 88 78 3 91 72 65 66 17 43 98 37 88 62 83 57 19 80 73 63 93 68 49 76 60 59 70 83 74 49 56 55 39 18 60 12 98 33 33 1 23 40 68 23 79 22 1 97 38 50 49 41 76 75 42 39 22 10 38 64 13 22 64 96 63 53 53 26 48 96 20 26 94 6 77 77 94 2 92 11 43 87 81 26 15 50 46 99 13 6 5 95 34 5 58 38 7 21 34 97 85 18 0 14 80 80 32 63 43 28 18 66 58 99 98 14 
85 39 97 77 2 18 66 93 53 1 86 46 65 38 73 88 40 32 89 65 32 35 36 14 45 13 58 12 32 98 25 14 45 29 65 72 13 70 68 4 27 91 73 12 13 77 54 40 16 64 20 63 95 8 62 50 68 37 79 96 28 61 28 51 62 5 29 4 58 88 36 65 40 56 58 55 50 46 74 26 26 4 99 99 11 93 83 67 84 53 19 42 81 97 13 93 76 18 76 61 16 81 79 14 71 9 28 75 55 77 44 17 97 58 61 11 91 86 92 79 28 52 9 71 97 21 20 72 6 5 99 11 12 22 85 21 41 30 79 88 29 31 80 37 70 3 35 20 20 37 10 90 2 72 93 5 13 86 23 68 97 23 64 79 83 18 14 0 4 1 27 38 80 61 57 38 50 31 11 52 
11 92 61 46 90 82 78 21 25 49 61 37 76 45 6 27 21 5 65 35 54 56 8 77 27 40 20 13 59 1 5 32 11 69 79 23 59 42 24 13 57 96 66 71 43 65 24 94 74 16 10 10 8 42 81 42 97 85 86 91 44 13 63 57 73 40 55 23 73 10 13 40 38 95 9 49 93 32 45 37 16 38 31 70 8 19 98 37 99 94 91 36 44 75 41 45 86 31 31 13 22 58 85 56 43 10 24 94 69 33 94 17 87 66 46 22 65 46 82 38 85 14 99 26 70 59 28 25 27 73 90 29 44 23 49 35 90 86 33 88 92 80 57 2 81 97 37 46 7 66 14 2 8 38 86 52 81 64 70 41 20 44 70 12 64 26 80 4 0 53 47 53 26 59 35 83 2 28 96 26 
97 70 44 97 39 47 19 15 44 81 93 88 79 61 1 32 2 30 14 43 88 8 72 82 86 20 33 60 28 66 10 47 7 60 69 16 87 21 55 68 79 2 72 92 69 35 19 34 42 80 20 91 57 22 84 41 57 81 2 21 11 20 74 91 65 69 69 86 95 85 17 67 60 42 32 72 98 11 58 19 32 64 29 79 31 89 45 37 32 77 68 77 9 83 88 59 95 43 90 59 61 65 81 20 78 29 38 86 20 24 43 44 63 43 78 31 55 84 69 81 3 10 50 65 14 73 51 8 12 70 79 87 50 52 31 27 33 74 41 64 34 14 69 63 14 46 56 81 7 45 59 1 16 1 48 61 46 8 80 73 62 43 94 11 75 3 80 1 53 0 59 22 79 51 29 60 19 19 11 86 
56 99 32 22 13 8 61 10 52 29 99 40 63 16 3 59 1 36 53 88 93 38 2 48 57 56 12 14 73 49 26 82 33 60 59 55 33 17 59 12 2 38 57 52 26 2 97 15 42 59 44 70 12 44 4 45 58 9 43 95 83 28 18 67 43 6 39 14 29 72 49 37 75 76 32 64 17 84 97 27 63 74 59 19 48 37 63 27 54 41 98 33 66 26 42 21 2 29 81 6 70 66 36 58 82 81 49 95 77 76 20 28 70 4 34 39 96 23 99 5 52 70 90 18 61 94 18 91 84 22 59 11 51 19 71 70 87 83 81 73 50 93 38 65 2 14 32 49 31 75 86 70 24 32 13 88 85 83 60 18 41 96 11 12 18 28 32 27 47 59 0 59 78 6 85 54 44 52 83 4 
62 34 45 93 19 18 83 68 11 89 92 38 77 93 5 24 46 36 95 45 79 99 4 44 81 60 52 90 31 70 37 67 41 84 51 28 49 1 67 14 22 25 34 6 89 25 81 78 52 22 13 55 51 20 2 96 72 8 54 6 45 13 86 66 74 72 61 84 93 64 35 15 75 92 57 18 74 1 10 57 19 96 33 18 34 39 51 59 45 27 76 5 85 6 97 51 56 6 42 27 54 16 13 6 4 93 7 19 6 35 89 93 52 35 70 5 89 6 29 96 48 92 14 53 66 38 85 55 78 82 97 85 86 64 61 31 79 12 99 55 40 59 84 19 57 68 67 74 74 24 88 30 99 44 46 75 4 85 35 66 31 66 60 93 51 17 63 38 53 22 59 0 7 80 57 2 80 14 11 12 
57 44 25 72 78 87 60 82 95 2 75 7 49 42 65 38 83 49 60 91 3 1 47 76 54 58 88 32 19 32 90 37 9 78 54 24 46 40 16 29 79 83 54 69 95 65 19 97 44 6 79 49 16 80 45 5 93 25 3 2 37 88 86 87 89 60 27 11 22 65 84 96 4 18 38 22 65 34 2 57 62 41 4 56 4 77 29 54 95 75 14 92 83 79 59 35 84 83 78 20 61 65 4 75 50 16 4 50 14 46 76 50 29 24 75 68 84 8 59 92 58 5 91 41 48 10 87 88 92 44 38 52 67 24 47 69 56 19 46 58 30 87 94 40 5 38 81 23 24 72 21 58 1 83 47 13 17 22 30 66 16 88 61 96 34 38 43 80 26 79 78 7 0 82 1 81 99 91 25 26 
90 27 63 93 78 62 63 80 50 74 9 44 37 64 58 43 30 31 35 43 70 76 62 63 38 67 86 20 57 66 81 53 67 5 44 27 56 68 92 4 1 1 60 21 41 17 95 18 65 2 79 55 32 74 38 58 71 79 12 27 8 17 93 6 51 8 98 57 2 51 72 43 87 1 36 25 26 53 83 82 55 14 33 65 4 79 72 40 43 63 87 78 46 37 40 72 98 90 4 36 62 96 20 64 8 1 8 34 39 44 52 92 24 53 9 87 27 90 66 57 9 6 46 95 53 22 78 91 66 97 86 30 84 58 76 88 4 49 31 45 53 9 31 92 93 37 57 32 35 77 9 58 4 48 58 21 22 72 57 6 47 77 53 92 64 25 28 61 59 51 6 80 82 0 38 8 41 47 25 16 
22 57 80 26 89 65 39 4 19 22 76 59 50 8 36 94 27 48 4 45 97 74 7 26 47 89 65 26 45 1 53 35 96 70 48 12 33 36 27 98 91 7 74 53 82 5 24 73 75 15 38 85 62 94 63 12 1 9 75 8 77 70 61 15 67 34 20 93 63 14 46 3 94 46 41 8 60 15 85 28 89 39 39 58 55 87 87 34 85 12 74 76 22 15 77 4 68 21 28 42 35 59 32 16 9 33 55 5 24 31 56 6 99 60 56 41 73 53 35 81 97 16 40 59 86 97 80 37 12 81 88 5 58 24 46 51 72 66 70 46 96 65 49 32 32 55 24 21 53 61 60 80 28 83 66 6 15 63 52 48 90 48 25 99 63 79 18 57 35 29 85 57 1 38 0 7 80 66 82 3 
97 70 22 98 91 8 24 48 11 1 82 2 15 3 31 90 8 1 65 53 23 64 4 26 12 58 77 65 37 76 70 32 73 67 51 61 27 22 25 71 61 68 69 60 87 87 92 83 48 81 75 38 56 39 63 55 40 10 61 62 43 97 31 12 48 58 94 41 54 37 21 61 62 97 30 75 47 65 84 73 29 35 28 88 85 99 12 27 98 85 23 41 60 95 56 68 18 36 7 14 30 4 46 99 33 42 79 27 76 84 38 16 36 56 75 31 5 76 36 32 2 79 43 18 79 86 61 37 96 41 44 95 66 25 25 90 77 1 95 63 91 20 44 26 61 64 21 17 51 98 83 45 63 34 29 23 38 18 24 71 66 51 98 4 46 97 66 38 83 60 54 2 81 8 7 0 63 74 55 96 
84 74 20 2 84 30 69 71 62 77 28 84 74 47 5 82 53 80 81 89 43 58 9 73 65 54 61 87 60 77 55 14 58 74 48 31 16 87 6 29 75 82 50 37 58 78 37 97 84 35 8 2 13 39 22 24 3 94 92 4 44 90 20 43 95 90 60 40 12 43 55 36 42 54 77 66 73 87 24 82 63 80 68 59 89 50 41 66 31 42 72 27 70 47 47 79 19 81 10 85 29 85 91 79 66 39 21 17 22 26 88 94 71 7 87 14 49 81 98 13 42 44 12 61 32 37 23 73 7 14 15 73 40 93 30 1 3 69 97 68 57 80 40 57 61 66 57 18 50 88 56 19 9 70 13 67 34 50 69 17 34 7 73 32 89 23 58 50 2 19 44 80 99 41 80 63 0 7 64 92 
26 53 78 14 40 56 70 43 40 33 26 30 22 76 76 97 4 8 93 58 3 65 37 43 57 56 9 67 89 20 26 48 25 44 88 62 60 52 27 75 53 5 36 3 57 24 16 37 30 36 7 49 82 44 25 46 19 81 90 30 16 33 8 79 6 58 20 45 21 58 20 51 71 15 12 16 43 98 52 28 4 45 30 49 78 5 90 30 48 1 81 31 13 83 68 18 87 73 67 64 17 85 74 18 6 50 58 59 24 22 44 54 28 52 67 3 84 42 1 10 23 54 10 35 46 68 68 15 64 74 91 50 82 60 89 16 52 72 29 17 9 59 52 81 89 59 60 60 86 35 25 97 34 24 34 7 26 20 57 51 8 59 95 69 11 11 99 31 28 19 52 14 91 47 66 74 7 0 29 68 
15 90 34 39 99 29 62 6 7 41 87 49 33 53 81 27 22 53 58 81 21 40 85 62 84 3 40 19 57 85 42 19 95 88 95 98 57 91 45 90 88 13 69 69 82 72 15 63 77 86 64 97 62 10 97 61 73 91 42 22 75 95 3 15 41 72 36 67 36 9 88 86 31 17 28 41 19 69 65 79 83 49 58 22 87 92 53 31 71 62 24 81 18 18 61 63 3 11 68 71 5 53 91 16 44 66 68 17 37 38 58 18 24 50 41 93 90 21 93 31 41 80 76 57 7 39 30 41 19 35 69 4 61 60 97 46 83 38 76 39 26 63 76 94 90 50 28 29 42 60 93 71 80 47 66 25 96 94 97 65 82 68 71 49 47 37 98 11 96 11 83 11 25 25 82 55 64 29 0 42 
14 28 5 86 16 44 88 21 8 82 37 56 72 67 15 47 84 10 1 3 57 15 49 45 23 34 85 87 84 83 19 26 34 84 55 74 31 65 94 16 44 15 72 27 54 81 66 13 54 39 98 11 48 2 60 7 41 13 11 89 32 91 44 85 92 29 90 75 29 68 27 51 84 97 19 6 72 53 39 2 80 7 55 77 39 99 41 38 70 70 26 76 99 71 99 17 63 36 83 66 47 55 72 31 64 57 56 9 73 76 26 64 18 38 49 50 74 66 16 79 98 5 80 8 91 57 8 21 10 57 11 22 88 96 10 40 94 78 68 53 72 13 10 84 50 49 28 71 17 66 73 33 15 95 21 75 63 29 4 67 93 95 19 78 77 38 14 52 26 86 4 12 26 16 3 96 92 68 42 0 
