18
0 38 13 73 10 76 6 80 65 17 2 77 72 7 26 51 21 19 
38 0 85 12 29 30 15 51 69 88 88 95 97 87 14 10 8 64 
13 85 0 62 23 58 2 1 61 82 9 89 14 48 73 31 72 4 
73 12 62 0 71 22 50 58 4 69 25 44 77 27 53 81 42 83 
10 29 23 71 0 16 65 69 26 99 88 8 27 26 23 10 68 24 
76 30 58 22 16 0 28 38 58 84 39 9 33 35 11 24 16 88 
6 15 2 50 65 28 0 26 72 93 75 63 47 33 89 24 56 66 
80 51 1 58 69 38 26 0 78 4 1 78 7 53 86 71 3 77 
65 69 61 4 26 58 72 78 0 92 22 76 8 78 73 76 77 44 
17 88 82 69 99 84 93 4 92 0 21 31 37 8 46 69 58 83 
2 88 9 25 88 39 75 1 22 21 0 97 14 11 24 82 8 25 
77 95 89 44 8 9 63 78 76 31 97 0 75 93 21 33 13 66 
72 97 14 77 27 33 47 7 8 37 14 75 0 95 61 25 83 98 
7 87 48 27 26 35 33 53 78 8 11 93 95 0 3 93 99 11 
26 14 73 53 23 11 89 86 73 46 24 21 61 3 0 55 97 83 
51 10 31 81 10 24 24 71 76 69 82 33 25 93 55 0 87 71 
21 8 72 42 68 16 56 3 77 58 8 13 83 99 97 87 0 67 
19 64 4 83 24 88 66 77 44 83 25 66 98 11 83 71 67 0 
