22
0 38 13 73 10 76 6 80 65 17 2 77 72 7 26 51 21 19 85 12 29 30 
38 0 15 51 69 88 88 95 97 87 14 10 8 64 62 23 58 2 1 61 82 9 
13 15 0 89 14 48 73 31 72 4 71 22 50 58 4 69 25 44 77 27 53 81 
73 51 89 0 42 83 16 65 69 26 99 88 8 27 26 23 10 68 24 28 38 58 
10 69 14 42 0 84 39 9 33 35 11 24 16 88 26 72 93 75 63 47 33 89 
76 88 48 83 84 0 24 56 66 78 4 1 78 7 53 86 71 3 77 92 22 76 
6 88 73 16 39 24 0 8 78 73 76 77 44 21 31 37 8 46 69 58 83 97 
80 95 31 65 9 56 8 0 14 11 24 82 8 25 75 93 21 33 13 66 95 61 
65 97 72 69 33 66 78 14 0 25 83 98 3 93 99 11 55 97 83 87 71 67 
17 87 4 26 35 78 73 11 25 0 72 49 55 16 6 18 43 21 49 23 14 98 
2 14 71 99 11 4 76 24 83 72 0 54 85 11 97 56 62 57 90 22 97 84 
77 10 22 88 24 1 77 82 98 49 54 0 26 15 14 85 44 7 78 57 60 16 
72 8 50 8 16 78 44 8 3 55 85 26 0 25 10 67 72 54 70 37 22 41 
7 64 58 27 88 7 21 25 93 16 11 15 25 0 78 92 50 48 78 41 79 46 
26 62 4 26 26 53 31 75 99 6 97 14 10 78 0 88 17 29 46 68 67 79 
51 23 69 23 72 86 37 93 11 18 56 85 67 92 88 0 47 1 30 64 76 36 
21 58 25 10 93 71 8 21 55 43 62 44 72 50 17 47 0 54 94 34 3 85 
19 2 44 68 75 3 46 33 97 21 57 7 54 48 29 1 54 0 84 49 55 33 
85 1 77 24 63 77 69 13 83 49 90 78 70 78 46 30 94 84 0 29 56 83 
12 61 27 28 47 92 58 66 87 23 22 57 37 41 68 64 34 49 29 0 32 29 
29 82 53 38 33 22 83 95 71 14 97 60 22 79 67 76 3 55 56 32 0 95 
30 9 81 58 89 76 97 61 67 98 84 16 41 46 79 36 85 33 83 29 95 0 
