24
0 38 13 73 10 76 6 80 65 17 2 77 72 7 26 51 21 19 85 12 29 30 15 51 
38 0 69 88 88 95 97 87 14 10 8 64 62 23 58 2 1 61 82 9 89 14 48 73 
13 69 0 31 72 4 71 22 50 58 4 69 25 44 77 27 53 81 42 83 16 65 69 26 
73 88 31 0 99 88 8 27 26 23 10 68 24 28 38 58 84 39 9 33 35 11 24 16 
10 88 72 99 0 88 26 72 93 75 63 47 33 89 24 56 66 78 4 1 78 7 53 86 
76 95 4 88 88 0 71 3 77 92 22 76 8 78 73 76 77 44 21 31 37 8 46 69 
6 97 71 8 26 71 0 58 83 97 14 11 24 82 8 25 75 93 21 33 13 66 95 61 
80 87 22 27 72 3 58 0 25 83 98 3 93 99 11 55 97 83 87 71 67 72 49 55 
65 14 50 26 93 77 83 25 0 16 6 18 43 21 49 23 14 98 54 85 11 97 56 62 
17 10 58 23 75 92 97 83 16 0 57 90 22 97 84 26 15 14 85 44 7 78 57 60 
2 8 4 10 63 22 14 98 6 57 0 16 25 10 67 72 54 70 37 22 41 78 92 50 
77 64 69 68 47 76 11 3 18 90 16 0 48 78 41 79 46 88 17 29 46 68 67 79 
72 62 25 24 33 8 24 93 43 22 25 48 0 47 1 30 64 76 36 54 94 34 3 85 
7 23 44 28 89 78 82 99 21 97 10 78 47 0 84 49 55 33 29 56 83 32 29 95 
26 58 77 38 24 73 8 11 49 84 67 41 1 84 0 75 9 33 9 85 78 51 80 42 
51 2 27 58 56 76 25 55 23 26 72 79 30 49 75 0 65 84 25 21 45 16 31 92 
21 1 53 84 66 77 75 97 14 15 54 46 64 55 9 65 0 15 20 27 87 8 54 48 
19 61 81 39 78 44 93 83 98 14 70 88 76 33 33 84 15 0 61 35 33 20 68 25 
85 82 42 9 4 21 21 87 54 85 37 17 36 29 9 25 20 61 0 84 95 39 48 6 
12 9 83 33 1 31 33 71 85 44 22 29 54 56 85 21 27 35 84 0 80 64 88 33 
29 89 16 35 78 37 13 67 11 7 41 46 94 83 78 45 87 33 95 80 0 43 75 67 
30 14 65 11 7 8 66 72 97 78 78 68 34 32 51 16 8 20 39 64 43 0 89 99 
15 48 69 24 53 46 95 49 56 57 92 67 3 29 80 31 54 68 48 88 75 89 0 31 
51 73 26 16 86 69 61 55 62 60 50 79 85 95 42 92 48 25 6 33 67 99 31 0 
