25
0 38 13 73 10 76 6 80 65 17 2 77 72 7 26 51 21 19 85 12 29 30 15 51 69 
38 0 88 88 95 97 87 14 10 8 64 62 23 58 2 1 61 82 9 89 14 48 73 31 72 
13 88 0 4 71 22 50 58 4 69 25 44 77 27 53 81 42 83 16 65 69 26 99 88 8 
73 88 4 0 27 26 23 10 68 24 28 38 58 84 39 9 33 35 11 24 16 88 26 72 93 
10 95 71 27 0 75 63 47 33 89 24 56 66 78 4 1 78 7 53 86 71 3 77 92 22 
76 97 22 26 75 0 76 8 78 73 76 77 44 21 31 37 8 46 69 58 83 97 14 11 24 
6 87 50 23 63 76 0 82 8 25 75 93 21 33 13 66 95 61 25 83 98 3 93 99 11 
80 14 58 10 47 8 82 0 55 97 83 87 71 67 72 49 55 16 6 18 43 21 49 23 14 
65 10 4 68 33 78 8 55 0 98 54 85 11 97 56 62 57 90 22 97 84 26 15 14 85 
17 8 69 24 89 73 25 97 98 0 44 7 78 57 60 16 25 10 67 72 54 70 37 22 41 
2 64 25 28 24 76 75 83 54 44 0 78 92 50 48 78 41 79 46 88 17 29 46 68 67 
77 62 44 38 56 77 93 87 85 7 78 0 79 47 1 30 64 76 36 54 94 34 3 85 84 
72 23 77 58 66 44 21 71 11 78 92 79 0 49 55 33 29 56 83 32 29 95 75 9 33 
7 58 27 84 78 21 33 67 97 57 50 47 49 0 9 85 78 51 80 42 65 84 25 21 45 
26 2 53 39 4 31 13 72 56 60 48 1 55 9 0 16 31 92 15 20 27 87 8 54 48 
51 1 81 9 1 37 66 49 62 16 78 30 33 85 16 0 61 35 33 20 68 25 84 95 39 
21 61 42 33 78 8 95 55 57 25 41 64 29 78 31 61 0 48 6 80 64 88 33 43 75 
19 82 83 35 7 46 61 16 90 10 79 76 56 51 92 35 48 0 67 89 99 31 18 69 65 
85 9 16 11 53 69 25 6 22 67 46 36 83 80 15 33 6 67 0 61 79 18 40 36 82 
12 89 65 24 86 58 83 18 97 72 88 54 32 42 20 20 80 89 61 0 29 23 39 42 75 
29 14 69 16 71 83 98 43 84 54 17 94 29 65 27 68 64 99 79 29 0 78 71 26 49 
30 48 26 88 3 97 3 21 26 70 29 34 95 84 87 25 88 31 18 23 78 0 51 63 45 
15 73 99 26 77 14 93 49 15 37 46 3 75 25 8 84 33 18 40 39 71 51 0 55 1 
51 31 88 72 92 11 99 23 14 22 68 85 9 21 54 95 43 69 36 42 26 63 55 0 87 
69 72 8 93 22 24 11 14 85 41 67 84 33 45 48 39 75 65 82 75 49 45 1 87 0 
