26
0 38 13 73 10 76 6 80 65 17 2 77 72 7 26 51 21 19 85 12 29 30 15 51 69 88 
38 0 88 95 97 87 14 10 8 64 62 23 58 2 1 61 82 9 89 14 48 73 31 72 4 71 
13 88 0 22 50 58 4 69 25 44 77 27 53 81 42 83 16 65 69 26 99 88 8 27 26 23 
73 95 22 0 10 68 24 28 38 58 84 39 9 33 35 11 24 16 88 26 72 93 75 63 47 33 
10 97 50 10 0 89 24 56 66 78 4 1 78 7 53 86 71 3 77 92 22 76 8 78 73 76 
76 87 58 68 89 0 77 44 21 31 37 8 46 69 58 83 97 14 11 24 82 8 25 75 93 21 
6 14 4 24 24 77 0 33 13 66 95 61 25 83 98 3 93 99 11 55 97 83 87 71 67 72 
80 10 69 28 56 44 33 0 49 55 16 6 18 43 21 49 23 14 98 54 85 11 97 56 62 57 
65 8 25 38 66 21 13 49 0 90 22 97 84 26 15 14 85 44 7 78 57 60 16 25 10 67 
17 64 44 58 78 31 66 55 90 0 72 54 70 37 22 41 78 92 50 48 78 41 79 46 88 17 
2 62 77 84 4 37 95 16 22 72 0 29 46 68 67 79 47 1 30 64 76 36 54 94 34 3 
77 23 27 39 1 8 61 6 97 54 29 0 85 84 49 55 33 29 56 83 32 29 95 75 9 33 
72 58 53 9 78 46 25 18 84 70 46 85 0 9 85 78 51 80 42 65 84 25 21 45 16 31 
7 2 81 33 7 69 83 43 26 37 68 84 9 0 92 15 20 27 87 8 54 48 61 35 33 20 
26 1 42 35 53 58 98 21 15 22 67 49 85 92 0 68 25 84 95 39 48 6 80 64 88 33 
51 61 83 11 86 83 3 49 14 41 79 55 78 15 68 0 43 75 67 89 99 31 18 69 65 61 
21 82 16 24 71 97 93 23 85 78 47 33 51 20 25 43 0 79 18 40 36 82 29 23 39 42 
19 9 65 16 3 14 99 14 44 92 1 29 80 27 84 75 79 0 75 78 71 26 49 51 63 45 
85 89 69 88 77 11 11 98 7 50 30 56 42 87 95 67 18 75 0 55 1 87 17 20 10 93 
12 14 26 26 92 24 55 54 78 48 64 83 65 8 39 89 40 78 55 0 52 11 69 24 15 64 
29 48 99 72 22 82 97 85 57 78 76 32 84 54 48 99 36 71 1 52 0 22 47 4 57 89 
30 73 88 93 76 8 83 11 60 41 36 29 25 48 6 31 82 26 87 11 22 0 81 47 55 80 
15 31 8 75 8 25 87 97 16 79 54 95 21 61 80 18 29 49 17 69 47 81 0 72 15 78 
51 72 27 63 78 75 71 56 25 46 94 75 45 35 64 69 23 51 20 24 4 47 72 0 16 26 
69 4 26 47 73 93 67 62 10 88 34 9 16 33 88 65 39 63 10 15 57 55 15 16 0 54 
88 71 23 33 76 21 72 57 67 17 3 33 31 20 33 61 42 45 93 64 89 80 78 26 54 0 
