28
0 38 13 73 10 76 6 80 65 17 2 77 72 7 26 51 21 19 85 12 29 30 15 51 69 88 88 95 
38 0 97 87 14 10 8 64 62 23 58 2 1 61 82 9 89 14 48 73 31 72 4 71 22 50 58 4 
13 97 0 69 25 44 77 27 53 81 42 83 16 65 69 26 99 88 8 27 26 23 10 68 24 28 38 58 
73 87 69 0 84 39 9 33 35 11 24 16 88 26 72 93 75 63 47 33 89 24 56 66 78 4 1 78 
10 14 25 84 0 7 53 86 71 3 77 92 22 76 8 78 73 76 77 44 21 31 37 8 46 69 58 83 
76 10 44 39 7 0 97 14 11 24 82 8 25 75 93 21 33 13 66 95 61 25 83 98 3 93 99 11 
6 8 77 9 53 97 0 55 97 83 87 71 67 72 49 55 16 6 18 43 21 49 23 14 98 54 85 11 
80 64 27 33 86 14 55 0 97 56 62 57 90 22 97 84 26 15 14 85 44 7 78 57 60 16 25 10 
65 62 53 35 71 11 97 97 0 67 72 54 70 37 22 41 78 92 50 48 78 41 79 46 88 17 29 46 
17 23 81 11 3 24 83 56 67 0 68 67 79 47 1 30 64 76 36 54 94 34 3 85 84 49 55 33 
2 58 42 24 77 82 87 62 72 68 0 29 56 83 32 29 95 75 9 33 9 85 78 51 80 42 65 84 
77 2 83 16 92 8 71 57 54 67 29 0 25 21 45 16 31 92 15 20 27 87 8 54 48 61 35 33 
72 1 16 88 22 25 67 90 70 79 56 25 0 20 68 25 84 95 39 48 6 80 64 88 33 43 75 67 
7 61 65 26 76 75 72 22 37 47 83 21 20 0 89 99 31 18 69 65 61 79 18 40 36 82 29 23 
26 82 69 72 8 93 49 97 22 1 32 45 68 89 0 39 42 75 78 71 26 49 51 63 45 55 1 87 
51 9 26 93 78 21 55 84 41 30 29 16 25 99 39 0 17 20 10 93 52 11 69 24 15 64 22 47 
21 89 99 75 73 33 16 26 78 64 95 31 84 31 42 17 0 4 57 89 81 47 55 80 72 15 78 16 
19 14 88 63 76 13 6 15 92 76 75 92 95 18 75 20 4 0 26 54 85 59 86 30 45 38 23 92 
85 48 8 47 77 66 18 14 50 36 9 15 39 69 78 10 57 26 0 55 77 13 60 27 77 72 88 40 
12 73 27 33 44 95 43 85 48 54 33 20 48 65 71 93 89 54 55 0 44 77 39 92 70 99 34 44 
29 31 26 89 21 61 21 44 78 94 9 27 6 61 26 52 81 85 77 44 0 27 57 70 74 53 90 28 
30 72 23 24 31 25 49 7 41 34 85 87 80 79 49 11 47 59 13 77 27 0 44 2 83 95 97 27 
15 4 10 56 37 83 23 78 79 3 78 8 64 18 51 69 55 86 60 39 57 44 0 85 31 65 23 99 
51 71 68 66 8 98 14 57 46 85 51 54 88 40 63 24 80 30 27 92 70 2 85 0 53 4 71 13 
69 22 24 78 46 3 98 60 88 84 80 48 33 36 45 15 72 45 77 70 74 83 31 53 0 40 84 49 
88 50 28 4 69 93 54 16 17 49 42 61 43 82 55 64 15 38 72 99 53 95 65 4 40 0 62 71 
88 58 38 1 58 99 85 25 29 55 65 35 75 29 1 22 78 23 88 34 90 97 23 71 84 62 0 14 
95 4 58 78 83 11 11 10 46 33 84 33 67 23 87 47 16 92 40 44 28 27 99 13 49 71 14 0 
