32
0 38 13 73 10 76 6 80 65 17 2 77 72 7 26 51 21 19 85 12 29 30 15 51 69 88 88 95 97 87 14 10 
38 0 8 64 62 23 58 2 1 61 82 9 89 14 48 73 31 72 4 71 22 50 58 4 69 25 44 77 27 53 81 42 
13 8 0 83 16 65 69 26 99 88 8 27 26 23 10 68 24 28 38 58 84 39 9 33 35 11 24 16 88 26 72 93 
73 64 83 0 75 63 47 33 89 24 56 66 78 4 1 78 7 53 86 71 3 77 92 22 76 8 78 73 76 77 44 21 
10 62 16 75 0 31 37 8 46 69 58 83 97 14 11 24 82 8 25 75 93 21 33 13 66 95 61 25 83 98 3 93 
76 23 65 63 31 0 99 11 55 97 83 87 71 67 72 49 55 16 6 18 43 21 49 23 14 98 54 85 11 97 56 62 
6 58 69 47 37 99 0 57 90 22 97 84 26 15 14 85 44 7 78 57 60 16 25 10 67 72 54 70 37 22 41 78 
80 2 26 33 8 11 57 0 92 50 48 78 41 79 46 88 17 29 46 68 67 79 47 1 30 64 76 36 54 94 34 3 
65 1 99 89 46 55 90 92 0 85 84 49 55 33 29 56 83 32 29 95 75 9 33 9 85 78 51 80 42 65 84 25 
17 61 88 24 69 97 22 50 85 0 21 45 16 31 92 15 20 27 87 8 54 48 61 35 33 20 68 25 84 95 39 48 
2 82 8 56 58 83 97 48 84 21 0 6 80 64 88 33 43 75 67 89 99 31 18 69 65 61 79 18 40 36 82 29 
77 9 27 66 83 87 84 78 49 45 6 0 23 39 42 75 78 71 26 49 51 63 45 55 1 87 17 20 10 93 52 11 
72 89 26 78 97 71 26 41 55 16 80 23 0 69 24 15 64 22 47 4 57 89 81 47 55 80 72 15 78 16 26 54 
7 14 23 4 14 67 15 79 33 31 64 39 69 0 85 59 86 30 45 38 23 92 55 77 13 60 27 77 72 88 40 44 
26 48 10 1 11 72 14 46 29 92 88 42 24 85 0 77 39 92 70 99 34 44 27 57 70 74 53 90 28 44 2 83 
51 73 68 78 24 49 85 88 56 15 33 75 15 59 77 0 95 97 27 85 31 65 23 99 53 4 71 13 40 84 49 62 
21 31 24 7 82 55 44 17 83 20 43 78 64 86 39 95 0 71 14 37 24 23 67 93 96 54 10 42 58 89 94 77 
19 72 28 53 8 16 7 29 32 27 75 71 22 30 92 97 71 0 83 12 37 17 31 85 58 36 42 82 3 86 94 37 
85 4 38 86 25 6 78 46 29 87 67 26 47 45 70 27 14 83 0 47 81 28 73 29 3 14 42 37 41 19 98 39 
12 71 58 71 75 18 57 68 95 8 89 49 4 38 99 85 37 12 47 0 64 47 90 3 99 29 79 76 59 43 27 22 
29 22 84 3 93 43 60 67 75 54 99 51 57 23 34 31 24 37 81 64 0 59 17 93 38 12 23 7 97 15 88 76 
30 50 39 77 21 21 16 79 9 48 31 63 89 92 44 65 23 17 28 47 59 0 36 64 33 92 50 1 23 98 71 37 
15 58 9 92 33 49 25 47 33 61 18 45 81 55 27 23 67 31 73 90 17 36 0 19 28 29 53 95 51 47 8 86 
51 4 33 22 13 23 10 1 9 35 69 55 47 77 57 99 93 85 29 3 93 64 19 0 17 30 12 62 15 31 9 41 
69 69 35 76 66 14 67 30 85 33 65 1 55 13 70 53 96 58 3 99 38 33 28 17 0 49 31 24 67 93 65 13 
88 25 11 8 95 98 72 64 78 20 61 87 80 60 74 4 54 36 14 29 12 92 29 30 49 0 18 34 11 29 76 6 
88 44 24 78 61 54 54 76 51 68 79 17 72 27 53 71 10 42 42 79 23 50 53 12 31 18 0 82 6 43 87 53 
95 77 16 73 25 85 70 36 80 25 18 20 15 77 90 13 42 82 37 76 7 1 95 62 24 34 82 0 58 57 79 88 
97 27 88 76 83 11 37 54 42 84 40 10 78 72 28 40 58 3 41 59 97 23 51 15 67 11 6 58 0 82 11 73 
87 53 26 77 98 97 22 94 65 95 36 93 16 88 44 84 89 86 19 43 15 98 47 31 93 29 43 57 82 0 49 20 
14 81 72 44 3 56 41 34 84 39 82 52 26 40 2 49 94 94 98 27 88 71 8 9 65 76 87 79 11 49 0 13 
10 42 93 21 93 62 78 3 25 48 29 11 54 44 83 62 77 37 39 22 76 37 86 41 13 6 53 88 73 20 13 0 
