34
0 38 13 73 10 76 6 80 65 17 2 77 72 7 26 51 21 19 85 12 29 30 15 51 69 88 88 95 97 87 14 10 8 64 
38 0 62 23 58 2 1 61 82 9 89 14 48 73 31 72 4 71 22 50 58 4 69 25 44 77 27 53 81 42 83 16 65 69 
13 62 0 26 99 88 8 27 26 23 10 68 24 28 38 58 84 39 9 33 35 11 24 16 88 26 72 93 75 63 47 33 89 24 
73 23 26 0 56 66 78 4 1 78 7 53 86 71 3 77 92 22 76 8 78 73 76 77 44 21 31 37 8 46 69 58 83 97 
10 58 99 56 0 14 11 24 82 8 25 75 93 21 33 13 66 95 61 25 83 98 3 93 99 11 55 97 83 87 71 67 72 49 
76 2 88 66 14 0 55 16 6 18 43 21 49 23 14 98 54 85 11 97 56 62 57 90 22 97 84 26 15 14 85 44 7 78 
6 1 8 78 11 55 0 57 60 16 25 10 67 72 54 70 37 22 41 78 92 50 48 78 41 79 46 88 17 29 46 68 67 79 
80 61 27 4 24 16 57 0 47 1 30 64 76 36 54 94 34 3 85 84 49 55 33 29 56 83 32 29 95 75 9 33 9 85 
65 82 26 1 82 6 60 47 0 78 51 80 42 65 84 25 21 45 16 31 92 15 20 27 87 8 54 48 61 35 33 20 68 25 
17 9 23 78 8 18 16 1 78 0 84 95 39 48 6 80 64 88 33 43 75 67 89 99 31 18 69 65 61 79 18 40 36 82 
2 89 10 7 25 43 25 30 51 84 0 29 23 39 42 75 78 71 26 49 51 63 45 55 1 87 17 20 10 93 52 11 69 24 
77 14 68 53 75 21 10 64 80 95 29 0 15 64 22 47 4 57 89 81 47 55 80 72 15 78 16 26 54 85 59 86 30 45 
72 48 24 86 93 49 67 76 42 39 23 15 0 38 23 92 55 77 13 60 27 77 72 88 40 44 77 39 92 70 99 34 44 27 
7 73 28 71 21 23 72 36 65 48 39 64 38 0 57 70 74 53 90 28 44 2 83 95 97 27 85 31 65 23 99 53 4 71 
26 31 38 3 33 14 54 54 84 6 42 22 23 57 0 13 40 84 49 62 71 14 37 24 23 67 93 96 54 10 42 58 89 94 
51 72 58 77 13 98 70 94 25 80 75 47 92 70 13 0 77 83 12 37 17 31 85 58 36 42 82 3 86 94 37 47 81 28 
21 4 84 92 66 54 37 34 21 64 78 4 55 74 40 77 0 73 29 3 14 42 37 41 19 98 39 64 47 90 3 99 29 79 
19 71 39 22 95 85 22 3 45 88 71 57 77 53 84 83 73 0 76 59 43 27 22 59 17 93 38 12 23 7 97 15 88 76 
85 22 9 76 61 11 41 85 16 33 26 89 13 90 49 12 29 76 0 36 64 33 92 50 1 23 98 71 37 19 28 29 53 95 
12 50 33 8 25 97 78 84 31 43 49 81 60 28 62 37 3 59 36 0 51 47 8 86 17 30 12 62 15 31 9 41 49 31 
29 58 35 78 83 56 92 49 92 75 51 47 27 44 71 17 14 43 64 51 0 24 67 93 65 13 18 34 11 29 76 6 82 6 
30 4 11 73 98 62 50 55 15 67 63 55 77 2 14 31 42 27 33 47 24 0 43 87 53 58 57 79 88 82 11 73 49 20 
15 69 24 76 3 57 48 33 20 89 45 80 72 83 37 85 37 22 92 8 67 43 0 13 26 78 17 5 89 28 51 69 4 59 
51 25 16 77 93 90 78 29 27 99 55 72 88 95 24 58 41 59 50 86 93 87 13 0 13 3 77 97 97 62 16 75 13 19 
69 44 88 44 99 22 41 56 87 31 1 15 40 97 23 36 19 17 1 17 65 53 26 13 0 31 60 6 17 96 97 61 44 32 
88 77 26 21 11 97 79 83 8 18 87 78 44 27 67 42 98 93 23 30 13 58 78 3 31 0 45 25 63 80 22 20 78 34 
88 27 72 31 55 84 46 32 54 69 17 16 77 85 93 82 39 38 98 12 18 57 17 77 60 45 0 5 40 68 35 35 43 79 
95 53 93 37 97 26 88 29 48 65 20 26 39 31 96 3 64 12 71 62 34 79 5 97 6 25 5 0 83 39 49 82 6 92 
97 81 75 8 83 15 17 95 61 61 10 54 92 65 54 86 47 23 37 15 11 88 89 97 17 63 40 83 0 9 41 70 6 8 
87 42 63 46 87 14 29 75 35 79 93 85 70 23 10 94 90 7 19 31 29 82 28 62 96 80 68 39 9 0 79 38 79 34 
14 83 47 69 71 85 46 9 33 18 52 59 99 99 42 37 3 97 28 9 76 11 51 16 97 22 35 49 41 79 0 28 52 78 
10 16 33 58 67 44 68 33 20 40 11 86 34 53 58 47 99 15 29 41 6 73 69 75 61 20 35 82 70 38 28 0 31 44 
8 65 89 83 72 7 67 9 68 36 69 30 44 4 89 81 29 88 53 49 82 49 4 13 44 78 43 6 6 79 52 31 0 47 
64 69 24 97 49 78 79 85 25 82 24 45 27 71 94 28 79 76 95 31 6 20 59 19 32 34 79 92 8 34 78 44 47 0 
