35
0 38 13 73 10 76 6 80 65 17 2 77 72 7 26 51 21 19 85 12 29 30 15 51 69 88 88 95 97 87 14 10 8 64 62 
38 0 23 58 2 1 61 82 9 89 14 48 73 31 72 4 71 22 50 58 4 69 25 44 77 27 53 81 42 83 16 65 69 26 99 
13 23 0 88 8 27 26 23 10 68 24 28 38 58 84 39 9 33 35 11 24 16 88 26 72 93 75 63 47 33 89 24 56 66 78 
73 58 88 0 4 1 78 7 53 86 71 3 77 92 22 76 8 78 73 76 77 44 21 31 37 8 46 69 58 83 97 14 11 24 82 
10 2 8 4 0 8 25 75 93 21 33 13 66 95 61 25 83 98 3 93 99 11 55 97 83 87 71 67 72 49 55 16 6 18 43 
76 1 27 1 8 0 21 49 23 14 98 54 85 11 97 56 62 57 90 22 97 84 26 15 14 85 44 7 78 57 60 16 25 10 67 
6 61 26 78 25 21 0 72 54 70 37 22 41 78 92 50 48 78 41 79 46 88 17 29 46 68 67 79 47 1 30 64 76 36 54 
80 82 23 7 75 49 72 0 94 34 3 85 84 49 55 33 29 56 83 32 29 95 75 9 33 9 85 78 51 80 42 65 84 25 21 
65 9 10 53 93 23 54 94 0 45 16 31 92 15 20 27 87 8 54 48 61 35 33 20 68 25 84 95 39 48 6 80 64 88 33 
17 89 68 86 21 14 70 34 45 0 43 75 67 89 99 31 18 69 65 61 79 18 40 36 82 29 23 39 42 75 78 71 26 49 51 
2 14 24 71 33 98 37 3 16 43 0 63 45 55 1 87 17 20 10 93 52 11 69 24 15 64 22 47 4 57 89 81 47 55 80 
77 48 28 3 13 54 22 85 31 75 63 0 72 15 78 16 26 54 85 59 86 30 45 38 23 92 55 77 13 60 27 77 72 88 40 
72 73 38 77 66 85 41 84 92 67 45 72 0 44 77 39 92 70 99 34 44 27 57 70 74 53 90 28 44 2 83 95 97 27 85 
7 31 58 92 95 11 78 49 15 89 55 15 44 0 31 65 23 99 53 4 71 13 40 84 49 62 71 14 37 24 23 67 93 96 54 
26 72 84 22 61 97 92 55 20 99 1 78 77 31 0 10 42 58 89 94 77 83 12 37 17 31 85 58 36 42 82 3 86 94 37 
51 4 39 76 25 56 50 33 27 31 87 16 39 65 10 0 47 81 28 73 29 3 14 42 37 41 19 98 39 64 47 90 3 99 29 
21 71 9 8 83 62 48 29 87 18 17 26 92 23 42 47 0 79 76 59 43 27 22 59 17 93 38 12 23 7 97 15 88 76 36 
19 22 33 78 98 57 78 56 8 69 20 54 70 99 58 81 79 0 64 33 92 50 1 23 98 71 37 19 28 29 53 95 51 47 8 
85 50 35 73 3 90 41 83 54 65 10 85 99 53 89 28 76 64 0 86 17 30 12 62 15 31 9 41 49 31 24 67 93 65 13 
12 58 11 76 93 22 79 32 48 61 93 59 34 4 94 73 59 33 86 0 18 34 11 29 76 6 82 6 43 87 53 58 57 79 88 
29 4 24 77 99 97 46 29 61 79 52 86 44 71 77 29 43 92 17 18 0 82 11 73 49 20 13 26 78 17 5 89 28 51 69 
30 69 16 44 11 84 88 95 35 18 11 30 27 13 83 3 27 50 30 34 82 0 4 59 13 3 77 97 97 62 16 75 13 19 31 
15 25 88 21 55 26 17 75 33 40 69 45 57 40 12 14 22 1 12 11 11 4 0 60 6 17 96 97 61 44 32 45 25 63 80 
51 44 26 31 97 15 29 9 20 36 24 38 70 84 37 42 59 23 62 29 73 59 60 0 22 20 78 34 5 40 68 35 35 43 79 
69 77 72 37 83 14 46 33 68 82 15 23 74 49 17 37 17 98 15 76 49 13 6 22 0 83 39 49 82 6 92 9 41 70 6 
88 27 93 8 87 85 68 9 25 29 64 92 53 62 31 41 93 71 31 6 20 3 17 20 83 0 8 79 38 79 34 28 52 78 31 
88 53 75 46 71 44 67 85 84 23 22 55 90 71 85 19 38 37 9 82 13 77 96 78 39 8 0 44 47 10 68 4 68 55 98 
95 81 63 69 67 7 79 78 95 39 47 77 28 14 58 98 12 19 41 6 26 97 97 34 49 79 44 0 64 81 29 38 65 38 94 
97 42 47 58 72 78 47 51 39 42 4 13 44 37 36 39 23 28 49 43 78 97 61 5 82 38 47 64 0 19 79 71 93 53 11 
87 83 33 83 49 57 1 80 48 75 57 60 2 24 42 64 7 29 31 87 17 62 44 40 6 79 10 81 19 0 33 47 64 94 19 
14 16 89 97 55 60 30 42 6 78 89 27 83 23 82 47 97 53 24 53 5 16 32 68 92 34 68 29 79 33 0 37 30 40 29 
10 65 24 14 16 16 64 65 80 71 81 77 95 67 3 90 15 95 67 58 89 75 45 35 9 28 4 38 71 47 37 0 55 30 56 
8 69 56 11 6 25 76 84 64 26 47 72 97 93 86 3 88 51 93 57 28 13 25 35 41 52 68 65 93 64 30 55 0 91 28 
64 26 66 24 18 10 36 25 88 49 55 88 27 96 94 99 76 47 65 79 51 19 63 43 70 78 55 38 53 94 40 30 91 0 61 
62 99 78 82 43 67 54 21 33 51 80 40 85 54 37 29 36 8 13 88 69 31 80 79 6 31 98 94 11 19 29 56 28 61 0 
