36
0 38 13 73 10 76 6 80 65 17 2 77 72 7 26 51 21 19 85 12 29 30 15 51 69 88 88 95 97 87 14 10 8 64 62 23 
38 0 58 2 1 61 82 9 89 14 48 73 31 72 4 71 22 50 58 4 69 25 44 77 27 53 81 42 83 16 65 69 26 99 88 8 
13 58 0 27 26 23 10 68 24 28 38 58 84 39 9 33 35 11 24 16 88 26 72 93 75 63 47 33 89 24 56 66 78 4 1 78 
73 2 27 0 7 53 86 71 3 77 92 22 76 8 78 73 76 77 44 21 31 37 8 46 69 58 83 97 14 11 24 82 8 25 75 93 
10 1 26 7 0 21 33 13 66 95 61 25 83 98 3 93 99 11 55 97 83 87 71 67 72 49 55 16 6 18 43 21 49 23 14 98 
76 61 23 53 21 0 54 85 11 97 56 62 57 90 22 97 84 26 15 14 85 44 7 78 57 60 16 25 10 67 72 54 70 37 22 41 
6 82 10 86 33 54 0 78 92 50 48 78 41 79 46 88 17 29 46 68 67 79 47 1 30 64 76 36 54 94 34 3 85 84 49 55 
80 9 68 71 13 85 78 0 33 29 56 83 32 29 95 75 9 33 9 85 78 51 80 42 65 84 25 21 45 16 31 92 15 20 27 87 
65 89 24 3 66 11 92 33 0 8 54 48 61 35 33 20 68 25 84 95 39 48 6 80 64 88 33 43 75 67 89 99 31 18 69 65 
17 14 28 77 95 97 50 29 8 0 61 79 18 40 36 82 29 23 39 42 75 78 71 26 49 51 63 45 55 1 87 17 20 10 93 52 
2 48 38 92 61 56 48 56 54 61 0 11 69 24 15 64 22 47 4 57 89 81 47 55 80 72 15 78 16 26 54 85 59 86 30 45 
77 73 58 22 25 62 78 83 48 79 11 0 38 23 92 55 77 13 60 27 77 72 88 40 44 77 39 92 70 99 34 44 27 57 70 74 
72 31 84 76 83 57 41 32 61 18 69 38 0 53 90 28 44 2 83 95 97 27 85 31 65 23 99 53 4 71 13 40 84 49 62 71 
7 72 39 8 98 90 79 29 35 40 24 23 53 0 14 37 24 23 67 93 96 54 10 42 58 89 94 77 83 12 37 17 31 85 58 36 
26 4 9 78 3 22 46 95 33 36 15 92 90 14 0 42 82 3 86 94 37 47 81 28 73 29 3 14 42 37 41 19 98 39 64 47 
51 71 33 73 93 97 88 75 20 82 64 55 28 37 42 0 90 3 99 29 79 76 59 43 27 22 59 17 93 38 12 23 7 97 15 88 
21 22 35 76 99 84 17 9 68 29 22 77 44 24 82 90 0 76 36 64 33 92 50 1 23 98 71 37 19 28 29 53 95 51 47 8 
19 50 11 77 11 26 29 33 25 23 47 13 2 23 3 3 76 0 86 17 30 12 62 15 31 9 41 49 31 24 67 93 65 13 18 34 
85 58 24 44 55 15 46 9 84 39 4 60 83 67 86 99 36 86 0 11 29 76 6 82 6 43 87 53 58 57 79 88 82 11 73 49 
12 4 16 21 97 14 68 85 95 42 57 27 95 93 94 29 64 17 11 0 20 13 26 78 17 5 89 28 51 69 4 59 13 3 77 97 
29 69 88 31 83 85 67 78 39 75 89 77 97 96 37 79 33 30 29 20 0 97 62 16 75 13 19 31 60 6 17 96 97 61 44 32 
30 25 26 37 87 44 79 51 48 78 81 72 27 54 47 76 92 12 76 13 97 0 45 25 63 80 22 20 78 34 5 40 68 35 35 43 
15 44 72 8 71 7 47 80 6 71 47 88 85 10 81 59 50 62 6 26 62 45 0 79 83 39 49 82 6 92 9 41 70 6 8 79 
51 77 93 46 67 78 1 42 80 26 55 40 31 42 28 43 1 15 82 78 16 25 79 0 38 79 34 28 52 78 31 44 47 10 68 4 
69 27 75 69 72 57 30 65 64 49 80 44 65 58 73 27 23 31 6 17 75 63 83 38 0 68 55 98 64 81 29 38 65 38 94 19 
88 53 63 58 49 60 64 84 88 51 72 77 23 89 29 22 98 9 43 5 13 80 39 79 68 0 79 71 93 53 11 33 47 64 94 19 
88 81 47 83 55 16 76 25 33 63 15 39 99 94 3 59 71 41 87 89 19 22 49 34 55 79 0 37 30 40 29 55 30 56 91 28 
95 42 33 97 16 25 36 21 43 45 78 92 53 77 14 17 37 49 53 28 31 20 82 28 98 71 37 0 61 13 18 72 92 8 84 57 
97 83 89 14 6 10 54 45 75 55 16 70 4 83 42 93 19 31 58 51 60 78 6 52 64 93 30 61 0 52 33 77 63 52 97 31 
87 16 24 11 18 67 94 16 67 1 26 99 71 12 37 38 28 24 57 69 6 34 92 78 81 53 40 13 52 0 23 6 92 96 23 77 
14 65 56 24 43 72 34 31 89 87 54 34 13 37 41 12 29 67 79 4 17 5 9 31 29 11 29 18 33 23 0 23 19 94 30 19 
10 69 66 82 21 54 3 92 99 17 85 44 40 17 19 23 53 93 88 59 96 40 41 44 38 33 55 72 77 6 23 0 53 32 50 99 
8 26 78 8 49 70 85 15 31 20 59 27 84 31 98 7 95 65 82 13 97 68 70 47 65 47 30 92 63 92 19 53 0 84 94 46 
64 99 4 25 23 37 84 20 18 10 86 57 49 85 39 97 51 13 11 3 61 35 6 10 38 64 56 8 52 96 94 32 84 0 52 87 
62 88 1 75 14 22 49 27 69 93 30 70 62 58 64 15 47 18 73 77 44 35 8 68 94 94 91 84 97 23 30 50 94 52 0 16 
23 8 78 93 98 41 55 87 65 52 45 74 71 36 47 88 8 34 49 97 32 43 79 4 19 19 28 57 31 77 19 99 46 87 16 0 
