38
0 38 13 73 10 76 6 80 65 17 2 77 72 7 26 51 21 19 85 12 29 30 15 51 69 88 88 95 97 87 14 10 8 64 62 23 58 2 
38 0 1 61 82 9 89 14 48 73 31 72 4 71 22 50 58 4 69 25 44 77 27 53 81 42 83 16 65 69 26 99 88 8 27 26 23 10 
13 1 0 68 24 28 38 58 84 39 9 33 35 11 24 16 88 26 72 93 75 63 47 33 89 24 56 66 78 4 1 78 7 53 86 71 3 77 
73 61 68 0 92 22 76 8 78 73 76 77 44 21 31 37 8 46 69 58 83 97 14 11 24 82 8 25 75 93 21 33 13 66 95 61 25 83 
10 82 24 92 0 98 3 93 99 11 55 97 83 87 71 67 72 49 55 16 6 18 43 21 49 23 14 98 54 85 11 97 56 62 57 90 22 97 
76 9 28 22 98 0 84 26 15 14 85 44 7 78 57 60 16 25 10 67 72 54 70 37 22 41 78 92 50 48 78 41 79 46 88 17 29 46 
6 89 38 76 3 84 0 68 67 79 47 1 30 64 76 36 54 94 34 3 85 84 49 55 33 29 56 83 32 29 95 75 9 33 9 85 78 51 
80 14 58 8 93 26 68 0 80 42 65 84 25 21 45 16 31 92 15 20 27 87 8 54 48 61 35 33 20 68 25 84 95 39 48 6 80 64 
65 48 84 78 99 15 67 80 0 88 33 43 75 67 89 99 31 18 69 65 61 79 18 40 36 82 29 23 39 42 75 78 71 26 49 51 63 45 
17 73 39 73 11 14 79 42 88 0 55 1 87 17 20 10 93 52 11 69 24 15 64 22 47 4 57 89 81 47 55 80 72 15 78 16 26 54 
2 31 9 76 55 85 47 65 33 55 0 85 59 86 30 45 38 23 92 55 77 13 60 27 77 72 88 40 44 77 39 92 70 99 34 44 27 57 
77 72 33 77 97 44 1 84 43 1 85 0 70 74 53 90 28 44 2 83 95 97 27 85 31 65 23 99 53 4 71 13 40 84 49 62 71 14 
72 4 35 44 83 7 30 25 75 87 59 70 0 37 24 23 67 93 96 54 10 42 58 89 94 77 83 12 37 17 31 85 58 36 42 82 3 86 
7 71 11 21 87 78 64 21 67 17 86 74 37 0 94 37 47 81 28 73 29 3 14 42 37 41 19 98 39 64 47 90 3 99 29 79 76 59 
26 22 24 31 71 57 76 45 89 20 30 53 24 94 0 43 27 22 59 17 93 38 12 23 7 97 15 88 76 36 64 33 92 50 1 23 98 71 
51 50 16 37 67 60 36 16 99 10 45 90 23 37 43 0 37 19 28 29 53 95 51 47 8 86 17 30 12 62 15 31 9 41 49 31 24 67 
21 58 88 8 72 16 54 31 31 93 38 28 67 47 27 37 0 93 65 13 18 34 11 29 76 6 82 6 43 87 53 58 57 79 88 82 11 73 
19 4 26 46 49 25 94 92 18 52 23 44 93 81 22 19 93 0 49 20 13 26 78 17 5 89 28 51 69 4 59 13 3 77 97 97 62 16 
85 69 72 69 55 10 34 15 69 11 92 2 96 28 59 28 65 49 0 75 13 19 31 60 6 17 96 97 61 44 32 45 25 63 80 22 20 78 
12 25 93 58 16 67 3 20 65 69 55 83 54 73 17 29 13 20 75 0 34 5 40 68 35 35 43 79 83 39 49 82 6 92 9 41 70 6 
29 44 75 83 6 72 85 27 61 24 77 95 10 29 93 53 18 13 13 34 0 8 79 38 79 34 28 52 78 31 44 47 10 68 4 68 55 98 
30 77 63 97 18 54 84 87 79 15 13 97 42 3 38 95 34 26 19 5 8 0 64 81 29 38 65 38 94 19 79 71 93 53 11 33 47 64 
15 27 47 14 43 70 49 8 18 64 60 27 58 14 12 51 11 78 31 40 79 64 0 94 19 37 30 40 29 55 30 56 91 28 61 13 18 72 
51 53 33 11 21 37 55 54 40 22 27 85 89 42 23 47 29 17 60 68 38 81 94 0 92 8 84 57 52 33 77 63 52 97 31 23 6 92 
69 81 89 24 49 22 33 48 36 47 77 31 94 37 7 8 76 5 6 35 79 29 19 92 0 96 23 77 23 19 94 30 19 53 32 50 99 84 
88 42 24 82 23 41 29 61 82 4 72 65 77 41 97 86 6 89 17 35 34 38 37 8 96 0 94 46 52 87 16 72 49 29 84 28 44 20 
88 83 56 8 14 78 56 35 29 57 88 23 83 19 15 17 82 28 96 43 28 65 30 84 23 94 0 80 71 89 87 12 66 94 16 52 99 87 
95 16 66 25 98 92 83 33 23 89 40 99 12 98 88 30 6 51 97 79 52 38 40 57 77 46 80 0 46 64 43 23 83 41 45 17 18 89 
97 65 78 75 54 50 32 20 39 81 44 53 37 39 76 12 43 69 61 83 78 94 29 52 23 52 71 46 0 1 98 83 72 15 37 27 33 2 
87 69 4 93 85 48 29 68 42 47 77 4 17 64 36 62 87 4 44 39 31 19 55 33 19 87 89 64 1 0 49 89 23 35 95 22 69 68 
14 26 1 21 11 78 95 25 75 55 39 71 31 47 64 15 53 59 32 49 44 79 30 77 94 16 87 43 98 49 0 49 19 98 12 12 53 77 
10 99 78 33 97 41 75 84 78 80 92 13 85 90 33 31 58 13 45 82 47 71 56 63 30 72 12 23 83 89 49 0 69 46 65 90 41 8 
8 88 7 13 56 79 9 95 71 72 70 40 58 3 92 9 57 3 25 6 10 93 91 52 19 49 66 83 72 23 19 69 0 8 34 59 8 35 
64 8 53 66 62 46 33 39 26 15 99 84 36 99 50 41 79 77 63 92 68 53 28 97 53 29 94 41 15 35 98 46 8 0 5 6 62 51 
62 27 86 95 57 88 9 48 49 78 34 49 42 29 1 49 88 97 80 9 4 11 61 31 32 84 16 45 37 95 12 65 34 5 0 77 46 97 
23 26 71 61 90 17 85 6 51 16 44 62 82 79 23 31 82 97 22 41 68 33 13 23 50 28 52 17 27 22 12 90 59 6 77 0 22 93 
58 23 3 25 22 29 78 80 63 26 27 71 3 76 98 24 11 62 20 70 55 47 18 6 99 44 99 18 33 69 53 41 8 62 46 22 0 72 
2 10 77 83 97 46 51 64 45 54 57 14 86 59 71 67 73 16 78 6 98 64 72 92 84 20 87 89 2 68 77 8 35 51 97 93 72 0 
