40
0 38 13 73 10 76 6 80 65 17 2 77 72 7 26 51 21 19 85 12 29 30 15 51 69 88 88 95 97 87 14 10 8 64 62 23 58 2 1 61 
38 0 82 9 89 14 48 73 31 72 4 71 22 50 58 4 69 25 44 77 27 53 81 42 83 16 65 69 26 99 88 8 27 26 23 10 68 24 28 38 
13 82 0 58 84 39 9 33 35 11 24 16 88 26 72 93 75 63 47 33 89 24 56 66 78 4 1 78 7 53 86 71 3 77 92 22 76 8 78 73 
73 9 58 0 76 77 44 21 31 37 8 46 69 58 83 97 14 11 24 82 8 25 75 93 21 33 13 66 95 61 25 83 98 3 93 99 11 55 97 83 
10 89 84 76 0 87 71 67 72 49 55 16 6 18 43 21 49 23 14 98 54 85 11 97 56 62 57 90 22 97 84 26 15 14 85 44 7 78 57 60 
76 14 39 77 87 0 16 25 10 67 72 54 70 37 22 41 78 92 50 48 78 41 79 46 88 17 29 46 68 67 79 47 1 30 64 76 36 54 94 34 
6 48 9 44 71 16 0 3 85 84 49 55 33 29 56 83 32 29 95 75 9 33 9 85 78 51 80 42 65 84 25 21 45 16 31 92 15 20 27 87 
80 73 33 21 67 25 3 0 8 54 48 61 35 33 20 68 25 84 95 39 48 6 80 64 88 33 43 75 67 89 99 31 18 69 65 61 79 18 40 36 
65 31 35 31 72 10 85 8 0 82 29 23 39 42 75 78 71 26 49 51 63 45 55 1 87 17 20 10 93 52 11 69 24 15 64 22 47 4 57 89 
17 72 11 37 49 67 84 54 82 0 81 47 55 80 72 15 78 16 26 54 85 59 86 30 45 38 23 92 55 77 13 60 27 77 72 88 40 44 77 39 
2 4 24 8 55 72 49 48 29 81 0 92 70 99 34 44 27 57 70 74 53 90 28 44 2 83 95 97 27 85 31 65 23 99 53 4 71 13 40 84 
77 71 16 46 16 54 55 61 23 47 92 0 49 62 71 14 37 24 23 67 93 96 54 10 42 58 89 94 77 83 12 37 17 31 85 58 36 42 82 3 
72 22 88 69 6 70 33 35 39 55 70 49 0 86 94 37 47 81 28 73 29 3 14 42 37 41 19 98 39 64 47 90 3 99 29 79 76 59 43 27 
7 50 26 58 18 37 29 33 42 80 99 62 86 0 22 59 17 93 38 12 23 7 97 15 88 76 36 64 33 92 50 1 23 98 71 37 19 28 29 53 
26 58 72 83 43 22 56 20 75 72 34 71 94 22 0 95 51 47 8 86 17 30 12 62 15 31 9 41 49 31 24 67 93 65 13 18 34 11 29 76 
51 4 93 97 21 41 83 68 78 15 44 14 37 59 95 0 6 82 6 43 87 53 58 57 79 88 82 11 73 49 20 13 26 78 17 5 89 28 51 69 
21 69 75 14 49 78 32 25 71 78 27 37 47 17 51 6 0 4 59 13 3 77 97 97 62 16 75 13 19 31 60 6 17 96 97 61 44 32 45 25 
19 25 63 11 23 92 29 84 26 16 57 24 81 93 47 82 4 0 63 80 22 20 78 34 5 40 68 35 35 43 79 83 39 49 82 6 92 9 41 70 
85 44 47 24 14 50 95 95 49 26 70 23 28 38 8 6 59 63 0 6 8 79 38 79 34 28 52 78 31 44 47 10 68 4 68 55 98 64 81 29 
12 77 33 82 98 48 75 39 51 54 74 67 73 12 86 43 13 80 6 0 38 65 38 94 19 79 71 93 53 11 33 47 64 94 19 37 30 40 29 55 
29 27 89 8 54 78 9 48 63 85 53 93 29 23 17 87 3 22 8 38 0 30 56 91 28 61 13 18 72 92 8 84 57 52 33 77 63 52 97 31 
30 53 24 25 85 41 33 6 45 59 90 96 3 7 30 53 77 20 79 65 30 0 23 6 92 96 23 77 23 19 94 30 19 53 32 50 99 84 94 46 
15 81 56 75 11 79 9 80 55 86 28 54 14 97 12 58 97 78 38 38 56 23 0 52 87 16 72 49 29 84 28 44 20 80 71 89 87 12 66 94 
51 42 66 93 97 46 85 64 1 30 44 10 42 15 62 57 97 34 79 94 91 6 52 0 16 52 99 87 46 64 43 23 83 41 45 17 18 89 1 98 
69 83 78 21 56 88 78 88 87 45 2 42 37 88 15 79 62 5 34 19 28 92 87 16 0 83 72 15 37 27 33 2 49 89 23 35 95 22 69 68 
88 16 4 33 62 17 51 33 17 38 83 58 41 76 31 88 16 40 28 79 61 96 16 52 83 0 49 19 98 12 12 53 77 69 46 65 90 41 8 8 
88 65 1 13 57 29 80 43 20 23 95 89 19 36 9 82 75 68 52 71 13 23 72 99 72 49 0 34 59 8 35 5 6 62 51 77 46 97 22 93 
95 69 78 66 90 46 42 75 10 92 97 94 98 64 41 11 13 35 78 93 18 77 49 87 15 19 34 0 72 93 26 98 2 14 39 86 28 39 85 34 
97 26 7 95 22 68 65 67 93 55 27 77 39 33 49 73 19 35 31 53 72 23 29 46 37 98 59 72 0 2 32 39 29 76 32 52 67 68 33 75 
87 99 53 61 97 67 84 89 52 77 85 83 64 92 31 49 31 43 44 11 92 19 84 64 27 12 8 93 2 0 33 98 6 1 38 73 44 25 17 97 
14 88 86 25 84 79 25 99 11 13 31 12 47 50 24 20 60 79 47 33 8 94 28 43 33 12 35 26 32 33 0 97 42 25 22 28 47 36 63 69 
10 8 71 83 26 47 21 31 69 60 65 37 90 1 67 13 6 83 10 47 84 30 44 23 2 53 5 98 39 98 97 0 63 33 46 89 43 58 26 33 
8 27 3 98 15 1 45 18 24 27 23 17 3 23 93 26 17 39 68 64 57 19 20 83 49 77 6 2 29 6 42 63 0 34 7 66 52 32 8 14 
64 26 77 3 14 30 16 69 15 77 99 31 99 98 65 78 96 49 4 94 52 53 80 41 89 69 62 14 76 1 25 33 34 0 4 29 16 30 67 62 
62 23 92 93 85 64 31 65 64 72 53 85 29 71 13 17 97 82 68 19 33 32 71 45 23 46 51 39 32 38 22 46 7 4 0 84 97 59 83 35 
23 10 22 99 44 76 92 61 22 88 4 58 79 37 18 5 61 6 55 37 77 50 89 17 35 65 77 86 52 73 28 89 66 29 84 0 31 58 97 50 
58 68 76 11 7 36 15 79 47 40 71 36 76 19 34 89 44 92 98 30 63 99 87 18 95 90 46 28 67 44 47 43 52 16 97 31 0 47 84 42 
2 24 8 55 78 54 20 18 4 44 13 42 59 28 11 28 32 9 64 40 52 84 12 89 22 41 97 39 68 25 36 58 32 30 59 58 47 0 21 41 
1 28 78 97 57 94 27 40 57 77 40 82 43 29 29 51 45 41 81 29 97 94 66 1 69 8 22 85 33 17 63 26 8 67 83 97 84 21 0 51 
61 38 73 83 60 34 87 36 89 39 84 3 27 53 76 69 25 70 29 55 31 46 94 98 68 8 93 34 75 97 69 33 14 62 35 50 42 41 51 0 
