42
0 38 13 73 10 76 6 80 65 17 2 77 72 7 26 51 21 19 85 12 29 30 15 51 69 88 88 95 97 87 14 10 8 64 62 23 58 2 1 61 82 9 
38 0 89 14 48 73 31 72 4 71 22 50 58 4 69 25 44 77 27 53 81 42 83 16 65 69 26 99 88 8 27 26 23 10 68 24 28 38 58 84 39 9 
13 89 0 33 35 11 24 16 88 26 72 93 75 63 47 33 89 24 56 66 78 4 1 78 7 53 86 71 3 77 92 22 76 8 78 73 76 77 44 21 31 37 
73 14 33 0 8 46 69 58 83 97 14 11 24 82 8 25 75 93 21 33 13 66 95 61 25 83 98 3 93 99 11 55 97 83 87 71 67 72 49 55 16 6 
10 48 35 8 0 18 43 21 49 23 14 98 54 85 11 97 56 62 57 90 22 97 84 26 15 14 85 44 7 78 57 60 16 25 10 67 72 54 70 37 22 41 
76 73 11 46 18 0 78 92 50 48 78 41 79 46 88 17 29 46 68 67 79 47 1 30 64 76 36 54 94 34 3 85 84 49 55 33 29 56 83 32 29 95 
6 31 24 69 43 78 0 75 9 33 9 85 78 51 80 42 65 84 25 21 45 16 31 92 15 20 27 87 8 54 48 61 35 33 20 68 25 84 95 39 48 6 
80 72 16 58 21 92 75 0 80 64 88 33 43 75 67 89 99 31 18 69 65 61 79 18 40 36 82 29 23 39 42 75 78 71 26 49 51 63 45 55 1 87 
65 4 88 83 49 50 9 80 0 17 20 10 93 52 11 69 24 15 64 22 47 4 57 89 81 47 55 80 72 15 78 16 26 54 85 59 86 30 45 38 23 92 
17 71 26 97 23 48 33 64 17 0 55 77 13 60 27 77 72 88 40 44 77 39 92 70 99 34 44 27 57 70 74 53 90 28 44 2 83 95 97 27 85 31 
2 22 72 14 14 78 9 88 20 55 0 65 23 99 53 4 71 13 40 84 49 62 71 14 37 24 23 67 93 96 54 10 42 58 89 94 77 83 12 37 17 31 
77 50 93 11 98 41 85 33 10 77 65 0 85 58 36 42 82 3 86 94 37 47 81 28 73 29 3 14 42 37 41 19 98 39 64 47 90 3 99 29 79 76 
72 58 75 24 54 79 78 43 93 13 23 85 0 59 43 27 22 59 17 93 38 12 23 7 97 15 88 76 36 64 33 92 50 1 23 98 71 37 19 28 29 53 
7 4 63 82 85 46 51 75 52 60 99 58 59 0 95 51 47 8 86 17 30 12 62 15 31 9 41 49 31 24 67 93 65 13 18 34 11 29 76 6 82 6 
26 69 47 8 11 88 80 67 11 27 53 36 43 95 0 43 87 53 58 57 79 88 82 11 73 49 20 13 26 78 17 5 89 28 51 69 4 59 13 3 77 97 
51 25 33 25 97 17 42 89 69 77 4 42 27 51 43 0 97 62 16 75 13 19 31 60 6 17 96 97 61 44 32 45 25 63 80 22 20 78 34 5 40 68 
21 44 89 75 56 29 65 99 24 72 71 82 22 47 87 97 0 35 35 43 79 83 39 49 82 6 92 9 41 70 6 8 79 38 79 34 28 52 78 31 44 47 
19 77 24 93 62 46 84 31 15 88 13 3 59 8 53 62 35 0 10 68 4 68 55 98 64 81 29 38 65 38 94 19 79 71 93 53 11 33 47 64 94 19 
85 27 56 21 57 68 25 18 64 40 40 86 17 86 58 16 35 10 0 37 30 40 29 55 30 56 91 28 61 13 18 72 92 8 84 57 52 33 77 63 52 97 
12 53 66 33 90 67 21 69 22 44 84 94 93 17 57 75 43 68 37 0 31 23 6 92 96 23 77 23 19 94 30 19 53 32 50 99 84 94 46 52 87 16 
29 81 78 13 22 79 45 65 47 77 49 37 38 30 79 13 79 4 30 31 0 72 49 29 84 28 44 20 80 71 89 87 12 66 94 16 52 99 87 46 64 43 
30 42 4 66 97 47 16 61 4 39 62 47 12 12 88 19 83 68 40 23 72 0 23 83 41 45 17 18 89 1 98 83 72 15 37 27 33 2 49 89 23 35 
15 83 1 95 84 1 31 79 57 92 71 81 23 62 82 31 39 55 29 6 49 23 0 95 22 69 68 49 19 98 12 12 53 77 69 46 65 90 41 8 8 34 
51 16 78 61 26 30 92 18 89 70 14 28 7 15 11 60 49 98 55 92 29 83 95 0 59 8 35 5 6 62 51 77 46 97 22 93 72 93 26 98 2 14 
69 65 7 25 15 64 15 40 81 99 37 73 97 31 73 6 82 64 30 96 84 41 22 59 0 39 86 28 39 85 34 2 32 39 29 76 32 52 67 68 33 75 
88 69 53 83 14 76 20 36 47 34 24 29 15 9 49 17 6 81 56 23 28 45 69 8 39 0 33 98 6 1 38 73 44 25 17 97 97 42 25 22 28 47 
88 26 86 98 85 36 27 82 55 44 23 3 88 41 20 96 92 29 91 77 44 17 68 35 86 33 0 36 63 69 63 33 46 89 43 58 26 33 34 7 66 52 
95 99 71 3 44 54 87 29 80 27 67 14 76 49 13 97 9 38 28 23 20 18 49 5 28 98 36 0 32 8 14 4 29 16 30 67 62 84 97 59 83 35 
97 88 3 93 7 94 8 23 72 57 93 42 36 31 26 61 41 65 61 19 80 89 19 6 39 6 63 32 0 31 58 97 50 47 84 42 21 41 51 5 10 1 
87 8 77 99 78 34 54 39 15 70 96 37 64 24 78 44 70 38 13 94 71 1 98 62 85 1 69 8 31 0 91 22 75 22 34 39 38 44 34 96 42 72 
14 27 92 11 57 3 48 42 78 74 54 41 33 67 17 32 6 94 18 30 89 98 12 51 34 38 63 14 58 91 0 70 71 24 87 40 32 38 39 57 88 29 
10 26 22 55 60 85 61 75 16 53 10 19 92 93 5 45 8 19 72 19 87 83 12 77 2 73 33 4 97 22 70 0 37 67 11 85 1 17 31 4 79 60 
8 23 76 97 16 84 35 78 26 90 42 98 50 65 89 25 79 79 92 53 12 72 53 46 32 44 46 29 50 75 71 37 0 54 70 50 75 47 28 34 73 69 
64 10 8 83 25 49 33 71 54 28 58 39 1 13 28 63 38 71 8 32 66 15 77 97 39 25 89 16 47 22 24 67 54 0 40 33 98 8 34 63 15 78 
62 68 78 87 10 55 20 26 85 44 89 64 23 18 51 80 79 93 84 50 94 37 69 22 29 17 43 30 84 34 87 11 70 40 0 44 62 86 37 13 54 27 
23 24 73 71 67 33 68 49 59 2 94 47 98 34 69 22 34 53 57 99 16 27 46 93 76 97 58 67 42 39 40 85 50 33 44 0 83 13 26 2 42 56 
58 28 76 67 72 29 25 51 86 83 77 90 71 11 4 20 28 11 52 84 52 33 65 72 32 97 26 62 21 38 32 1 75 98 62 83 0 56 65 16 93 41 
2 38 77 72 54 56 84 63 30 95 83 3 37 29 59 78 52 33 33 94 99 2 90 93 52 42 33 84 41 44 38 17 47 8 86 13 56 0 61 71 50 51 
1 58 44 49 70 83 95 45 45 97 12 99 19 76 13 34 78 47 77 46 87 49 41 26 67 25 34 97 51 34 39 31 28 34 37 26 65 61 0 33 91 21 
61 84 21 55 37 32 39 55 38 27 37 29 28 6 3 5 31 64 63 52 46 89 8 98 68 22 7 59 5 96 57 4 34 63 13 2 16 71 33 0 53 39 
82 39 31 16 22 29 48 1 23 85 17 79 29 82 77 40 44 94 52 87 64 23 8 2 33 28 66 83 10 42 88 79 73 15 54 42 93 50 91 53 0 66 
9 9 37 6 41 95 6 87 92 31 31 76 53 6 97 68 47 19 97 16 43 35 34 14 75 47 52 35 1 72 29 60 69 78 27 56 41 51 21 39 66 0 
