44
0 38 13 73 10 76 6 80 65 17 2 77 72 7 26 51 21 19 85 12 29 30 15 51 69 88 88 95 97 87 14 10 8 64 62 23 58 2 1 61 82 9 89 14 
38 0 48 73 31 72 4 71 22 50 58 4 69 25 44 77 27 53 81 42 83 16 65 69 26 99 88 8 27 26 23 10 68 24 28 38 58 84 39 9 33 35 11 24 
13 48 0 16 88 26 72 93 75 63 47 33 89 24 56 66 78 4 1 78 7 53 86 71 3 77 92 22 76 8 78 73 76 77 44 21 31 37 8 46 69 58 83 97 
73 73 16 0 14 11 24 82 8 25 75 93 21 33 13 66 95 61 25 83 98 3 93 99 11 55 97 83 87 71 67 72 49 55 16 6 18 43 21 49 23 14 98 54 
10 31 88 14 0 85 11 97 56 62 57 90 22 97 84 26 15 14 85 44 7 78 57 60 16 25 10 67 72 54 70 37 22 41 78 92 50 48 78 41 79 46 88 17 
76 72 26 11 85 0 29 46 68 67 79 47 1 30 64 76 36 54 94 34 3 85 84 49 55 33 29 56 83 32 29 95 75 9 33 9 85 78 51 80 42 65 84 25 
6 4 72 24 11 29 0 21 45 16 31 92 15 20 27 87 8 54 48 61 35 33 20 68 25 84 95 39 48 6 80 64 88 33 43 75 67 89 99 31 18 69 65 61 
80 71 93 82 97 46 21 0 79 18 40 36 82 29 23 39 42 75 78 71 26 49 51 63 45 55 1 87 17 20 10 93 52 11 69 24 15 64 22 47 4 57 89 81 
65 22 75 8 56 68 45 79 0 47 55 80 72 15 78 16 26 54 85 59 86 30 45 38 23 92 55 77 13 60 27 77 72 88 40 44 77 39 92 70 99 34 44 27 
17 50 63 25 62 67 16 18 47 0 57 70 74 53 90 28 44 2 83 95 97 27 85 31 65 23 99 53 4 71 13 40 84 49 62 71 14 37 24 23 67 93 96 54 
2 58 47 75 57 79 31 40 55 57 0 10 42 58 89 94 77 83 12 37 17 31 85 58 36 42 82 3 86 94 37 47 81 28 73 29 3 14 42 37 41 19 98 39 
77 4 33 93 90 47 92 36 80 70 10 0 64 47 90 3 99 29 79 76 59 43 27 22 59 17 93 38 12 23 7 97 15 88 76 36 64 33 92 50 1 23 98 71 
72 69 89 21 22 1 15 82 72 74 42 64 0 37 19 28 29 53 95 51 47 8 86 17 30 12 62 15 31 9 41 49 31 24 67 93 65 13 18 34 11 29 76 6 
7 25 24 33 97 30 20 29 15 53 58 47 37 0 82 6 43 87 53 58 57 79 88 82 11 73 49 20 13 26 78 17 5 89 28 51 69 4 59 13 3 77 97 97 
26 44 56 13 84 64 27 23 78 90 89 90 19 82 0 62 16 75 13 19 31 60 6 17 96 97 61 44 32 45 25 63 80 22 20 78 34 5 40 68 35 35 43 79 
51 77 66 66 26 76 87 39 16 28 94 3 28 6 62 0 83 39 49 82 6 92 9 41 70 6 8 79 38 79 34 28 52 78 31 44 47 10 68 4 68 55 98 64 
21 27 78 95 15 36 8 42 26 44 77 99 29 43 16 83 0 81 29 38 65 38 94 19 79 71 93 53 11 33 47 64 94 19 37 30 40 29 55 30 56 91 28 61 
19 53 4 61 14 54 54 75 54 2 83 29 53 87 75 39 81 0 13 18 72 92 8 84 57 52 33 77 63 52 97 31 23 6 92 96 23 77 23 19 94 30 19 53 
85 81 1 25 85 94 48 78 85 83 12 79 95 53 13 49 29 13 0 32 50 99 84 94 46 52 87 16 72 49 29 84 28 44 20 80 71 89 87 12 66 94 16 52 
12 42 78 83 44 34 61 71 59 95 37 76 51 58 19 82 38 18 32 0 99 87 46 64 43 23 83 41 45 17 18 89 1 98 83 72 15 37 27 33 2 49 89 23 
29 83 7 98 7 3 35 26 86 97 17 59 47 57 31 6 65 72 50 99 0 35 95 22 69 68 49 19 98 12 12 53 77 69 46 65 90 41 8 8 34 59 8 35 
30 16 53 3 78 85 33 49 30 27 31 43 8 79 60 92 38 92 99 87 35 0 5 6 62 51 77 46 97 22 93 72 93 26 98 2 14 39 86 28 39 85 34 2 
15 65 86 93 57 84 20 51 45 85 85 27 86 88 6 9 94 8 84 46 95 5 0 32 39 29 76 32 52 67 68 33 75 33 98 6 1 38 73 44 25 17 97 97 
51 69 71 99 60 49 68 63 38 31 58 22 17 82 17 41 19 84 94 64 22 6 32 0 42 25 22 28 47 36 63 69 63 33 46 89 43 58 26 33 34 7 66 52 
69 26 3 11 16 55 25 45 23 65 36 59 30 11 96 70 79 57 46 43 69 62 39 42 0 32 8 14 4 29 16 30 67 62 84 97 59 83 35 31 58 97 50 47 
88 99 77 55 25 33 84 55 92 23 42 17 12 73 97 6 71 52 52 23 68 51 29 25 32 0 84 42 21 41 51 5 10 1 91 22 75 22 34 39 38 44 34 96 
88 88 92 97 10 29 95 1 55 99 82 93 62 49 61 8 93 33 87 83 49 77 76 22 8 84 0 42 72 70 71 24 87 40 32 38 39 57 88 29 37 67 11 85 
95 8 22 83 67 56 39 87 77 53 3 38 15 20 44 79 53 77 16 41 19 46 32 28 14 42 42 0 1 17 31 4 79 60 54 70 50 75 47 28 34 73 69 40 
97 27 76 87 72 83 48 17 13 4 86 12 31 13 32 38 11 63 72 45 98 97 52 47 4 21 72 1 0 33 98 8 34 63 15 78 44 62 86 37 13 54 27 83 
87 26 8 71 54 32 6 20 60 71 94 23 9 26 45 79 33 52 49 17 12 22 67 36 29 41 70 17 33 0 13 26 2 42 56 56 65 16 93 41 61 71 50 51 
14 23 78 67 70 29 80 10 27 13 37 7 41 78 25 34 47 97 29 18 12 93 68 63 16 51 71 31 98 13 0 33 91 21 53 39 66 81 58 53 90 20 95 65 
10 10 73 72 37 95 64 93 77 40 47 97 49 17 63 28 64 31 84 89 53 72 33 69 30 5 24 4 8 26 33 0 43 48 22 98 2 90 39 13 19 78 78 89 
8 68 76 49 22 75 88 52 72 84 81 15 31 5 80 52 94 23 28 1 77 93 75 63 67 10 87 79 34 2 91 43 0 91 84 40 99 16 38 97 37 99 2 33 
64 24 77 55 41 9 33 11 88 49 28 88 24 89 22 78 19 6 44 98 69 26 33 33 62 1 40 60 63 42 21 48 91 0 31 8 51 51 33 44 42 70 2 98 
62 28 44 16 78 33 43 69 40 62 73 76 67 28 20 31 37 92 20 83 46 98 98 46 84 91 32 54 15 56 53 22 84 31 0 52 31 83 50 82 83 96 72 22 
23 38 21 6 92 9 75 24 44 71 29 36 93 51 78 44 30 96 80 72 65 2 6 89 97 22 38 70 78 56 39 98 40 8 52 0 19 47 45 92 10 5 78 64 
58 58 31 18 50 85 67 15 77 14 3 64 65 69 34 47 40 23 71 15 90 14 1 43 59 75 39 50 44 65 66 2 99 51 31 19 0 24 96 60 65 83 32 2 
2 84 37 43 48 78 89 64 39 37 14 33 13 4 5 10 29 77 89 37 41 39 38 58 83 22 57 75 62 16 81 90 16 51 83 47 24 0 85 79 69 55 26 84 
1 39 8 21 78 51 99 22 92 24 42 92 18 59 40 68 55 23 87 27 8 86 73 26 35 34 88 47 86 93 58 39 38 33 50 45 96 85 0 28 57 93 9 56 
61 9 46 49 41 80 31 47 70 23 37 50 34 13 68 4 30 19 12 33 8 28 44 33 31 39 29 28 37 41 53 13 97 44 82 92 60 79 28 0 77 47 50 12 
82 33 69 23 79 42 18 4 99 67 41 1 11 3 35 68 56 94 66 2 34 39 25 34 58 38 37 34 13 61 90 19 37 42 83 10 65 69 57 77 0 9 62 75 
9 35 58 14 46 65 69 57 34 93 19 23 29 77 35 55 91 30 94 49 59 85 17 7 97 44 67 73 54 71 20 78 99 70 96 5 83 55 93 47 9 0 24 89 
89 11 83 98 88 84 65 89 44 96 98 98 76 97 43 98 28 19 16 89 8 34 97 66 50 34 11 69 27 50 95 78 2 2 72 78 32 26 9 50 62 24 0 90 
14 24 97 54 17 25 61 81 27 54 39 71 6 97 79 64 61 53 52 23 35 2 97 52 47 96 85 40 83 51 65 89 33 98 22 64 2 84 56 12 75 89 90 0 
