45
0 38 13 73 10 76 6 80 65 17 2 77 72 7 26 51 21 19 85 12 29 30 15 51 69 88 88 95 97 87 14 10 8 64 62 23 58 2 1 61 82 9 89 14 48 
38 0 73 31 72 4 71 22 50 58 4 69 25 44 77 27 53 81 42 83 16 65 69 26 99 88 8 27 26 23 10 68 24 28 38 58 84 39 9 33 35 11 24 16 88 
13 73 0 26 72 93 75 63 47 33 89 24 56 66 78 4 1 78 7 53 86 71 3 77 92 22 76 8 78 73 76 77 44 21 31 37 8 46 69 58 83 97 14 11 24 
73 31 26 0 82 8 25 75 93 21 33 13 66 95 61 25 83 98 3 93 99 11 55 97 83 87 71 67 72 49 55 16 6 18 43 21 49 23 14 98 54 85 11 97 56 
10 72 72 82 0 62 57 90 22 97 84 26 15 14 85 44 7 78 57 60 16 25 10 67 72 54 70 37 22 41 78 92 50 48 78 41 79 46 88 17 29 46 68 67 79 
76 4 93 8 62 0 47 1 30 64 76 36 54 94 34 3 85 84 49 55 33 29 56 83 32 29 95 75 9 33 9 85 78 51 80 42 65 84 25 21 45 16 31 92 15 
6 71 75 25 57 47 0 20 27 87 8 54 48 61 35 33 20 68 25 84 95 39 48 6 80 64 88 33 43 75 67 89 99 31 18 69 65 61 79 18 40 36 82 29 23 
80 22 63 75 90 1 20 0 39 42 75 78 71 26 49 51 63 45 55 1 87 17 20 10 93 52 11 69 24 15 64 22 47 4 57 89 81 47 55 80 72 15 78 16 26 
65 50 47 93 22 30 27 39 0 54 85 59 86 30 45 38 23 92 55 77 13 60 27 77 72 88 40 44 77 39 92 70 99 34 44 27 57 70 74 53 90 28 44 2 83 
17 58 33 21 97 64 87 42 54 0 95 97 27 85 31 65 23 99 53 4 71 13 40 84 49 62 71 14 37 24 23 67 93 96 54 10 42 58 89 94 77 83 12 37 17 
2 4 89 33 84 76 8 75 85 95 0 31 85 58 36 42 82 3 86 94 37 47 81 28 73 29 3 14 42 37 41 19 98 39 64 47 90 3 99 29 79 76 59 43 27 
77 69 24 13 26 36 54 78 59 97 31 0 22 59 17 93 38 12 23 7 97 15 88 76 36 64 33 92 50 1 23 98 71 37 19 28 29 53 95 51 47 8 86 17 30 
72 25 56 66 15 54 48 71 86 27 85 22 0 12 62 15 31 9 41 49 31 24 67 93 65 13 18 34 11 29 76 6 82 6 43 87 53 58 57 79 88 82 11 73 49 
7 44 66 95 14 94 61 26 30 85 58 59 12 0 20 13 26 78 17 5 89 28 51 69 4 59 13 3 77 97 97 62 16 75 13 19 31 60 6 17 96 97 61 44 32 
26 77 78 61 85 34 35 49 45 31 36 17 62 20 0 45 25 63 80 22 20 78 34 5 40 68 35 35 43 79 83 39 49 82 6 92 9 41 70 6 8 79 38 79 34 
51 27 4 25 44 3 33 51 38 65 42 93 15 13 45 0 28 52 78 31 44 47 10 68 4 68 55 98 64 81 29 38 65 38 94 19 79 71 93 53 11 33 47 64 94 
21 53 1 83 7 85 20 63 23 23 82 38 31 26 25 28 0 19 37 30 40 29 55 30 56 91 28 61 13 18 72 92 8 84 57 52 33 77 63 52 97 31 23 6 92 
19 81 78 98 78 84 68 45 92 99 3 12 9 78 63 52 19 0 96 23 77 23 19 94 30 19 53 32 50 99 84 94 46 52 87 16 72 49 29 84 28 44 20 80 71 
85 42 7 3 57 49 25 55 55 53 86 23 41 17 80 78 37 96 0 89 87 12 66 94 16 52 99 87 46 64 43 23 83 41 45 17 18 89 1 98 83 72 15 37 27 
12 83 53 93 60 55 84 1 77 4 94 7 49 5 22 31 30 23 89 0 33 2 49 89 23 35 95 22 69 68 49 19 98 12 12 53 77 69 46 65 90 41 8 8 34 
29 16 86 99 16 33 95 87 13 71 37 97 31 89 20 44 40 77 87 33 0 59 8 35 5 6 62 51 77 46 97 22 93 72 93 26 98 2 14 39 86 28 39 85 34 
30 65 71 11 25 29 39 17 60 13 47 15 24 28 78 47 29 23 12 2 59 0 2 32 39 29 76 32 52 67 68 33 75 33 98 6 1 38 73 44 25 17 97 97 42 
15 69 3 55 10 56 48 20 27 40 81 88 67 51 34 10 55 19 66 49 8 2 0 25 22 28 47 36 63 69 63 33 46 89 43 58 26 33 34 7 66 52 32 8 14 
51 26 77 97 67 83 6 10 77 84 28 76 93 69 5 68 30 94 94 89 35 32 25 0 4 29 16 30 67 62 84 97 59 83 35 31 58 97 50 47 84 42 21 41 51 
69 99 92 83 72 32 80 93 72 49 73 36 65 4 40 4 56 30 16 23 5 39 22 4 0 5 10 1 91 22 75 22 34 39 38 44 34 96 42 72 70 71 24 87 40 
88 88 22 87 54 29 64 52 88 62 29 64 13 59 68 68 91 19 52 35 6 29 28 29 5 0 32 38 39 57 88 29 37 67 11 85 1 17 31 4 79 60 54 70 50 
88 8 76 71 70 95 88 11 40 71 3 33 18 13 35 55 28 53 99 95 62 76 47 16 10 32 0 75 47 28 34 73 69 40 33 98 8 34 63 15 78 44 62 86 37 
95 27 8 67 37 75 33 69 44 14 14 92 34 3 35 98 61 32 87 22 51 32 36 30 1 38 75 0 13 54 27 83 13 26 2 42 56 56 65 16 93 41 61 71 50 
97 26 78 72 22 9 43 24 77 37 42 50 11 77 43 64 13 50 46 69 77 52 63 67 91 39 47 13 0 51 33 91 21 53 39 66 81 58 53 90 20 95 65 43 48 
87 23 73 49 41 33 75 15 39 24 37 1 29 97 79 81 18 99 64 68 46 67 69 62 22 57 28 54 51 0 22 98 2 90 39 13 19 78 78 89 91 84 40 99 16 
14 10 76 55 78 9 67 64 92 23 41 23 76 97 83 29 72 84 43 49 97 68 63 84 75 88 34 27 33 22 0 38 97 37 99 2 33 31 8 51 51 33 44 42 70 
10 68 77 16 92 85 89 22 70 67 19 98 6 62 39 38 92 94 23 19 22 33 33 97 22 29 73 83 91 98 38 0 2 98 52 31 83 50 82 83 96 72 22 19 47 
8 24 44 6 50 78 99 47 99 93 98 71 82 16 49 65 8 46 83 98 93 75 46 59 34 37 69 13 21 2 97 2 0 45 92 10 5 78 64 24 96 60 65 83 32 
64 28 21 18 48 51 31 4 34 96 39 37 6 75 82 38 84 52 41 12 72 33 89 83 39 67 40 26 53 90 37 98 45 0 2 85 79 69 55 26 84 28 57 93 9 
62 38 31 43 78 80 18 57 44 54 64 19 43 13 6 94 57 87 45 12 93 98 43 35 38 11 33 2 39 39 99 52 92 2 0 56 77 47 50 12 9 62 75 24 89 
23 58 37 21 41 42 69 89 27 10 47 28 87 19 92 19 52 16 17 53 26 6 58 31 44 85 98 42 66 13 2 31 10 85 56 0 90 83 83 6 43 47 22 52 74 
58 84 8 49 79 65 65 81 57 42 90 29 53 31 9 79 33 72 18 77 98 1 26 58 34 1 8 56 81 19 33 83 5 79 77 90 0 43 14 19 24 46 96 53 34 
2 39 46 23 46 84 61 47 70 58 3 53 58 60 41 71 77 49 89 69 2 38 33 97 96 17 34 56 58 78 31 50 78 69 47 83 43 0 55 15 58 62 41 73 66 
1 9 69 14 88 25 79 55 74 89 99 95 57 6 70 93 63 29 1 46 14 73 34 50 42 31 63 65 53 78 8 82 64 55 50 83 14 55 0 23 3 87 2 73 52 
61 33 58 98 17 21 18 80 53 94 29 51 79 17 6 53 52 84 98 65 39 44 7 47 72 4 15 16 90 89 51 83 24 26 12 6 19 15 23 0 72 88 78 63 49 
82 35 83 54 29 45 40 72 90 77 79 47 88 96 8 11 97 28 83 90 86 25 66 84 70 79 78 93 20 91 51 96 96 84 9 43 24 58 3 72 0 1 43 40 4 
9 11 97 85 46 16 36 15 28 83 76 8 82 97 79 33 31 44 72 41 28 17 52 42 71 60 44 41 95 84 33 72 60 28 62 47 46 62 87 88 1 0 58 44 54 
89 24 14 11 68 31 82 78 44 12 59 86 11 61 38 47 23 20 15 8 39 97 32 21 24 54 62 61 65 40 44 22 65 57 75 22 96 41 2 78 43 58 0 44 75 
14 16 11 97 67 92 29 16 2 37 43 17 73 44 79 64 6 80 37 8 85 97 8 41 87 70 86 71 43 99 42 19 83 93 24 52 53 73 73 63 40 44 44 0 99 
48 88 24 56 79 15 23 26 83 17 27 30 49 32 34 94 92 71 27 34 34 42 14 51 40 50 37 50 48 16 70 47 32 9 89 74 34 66 52 49 4 54 75 99 0 
