46
0 38 13 73 10 76 6 80 65 17 2 77 72 7 26 51 21 19 85 12 29 30 15 51 69 88 88 95 97 87 14 10 8 64 62 23 58 2 1 61 82 9 89 14 48 73 
38 0 31 72 4 71 22 50 58 4 69 25 44 77 27 53 81 42 83 16 65 69 26 99 88 8 27 26 23 10 68 24 28 38 58 84 39 9 33 35 11 24 16 88 26 72 
13 31 0 93 75 63 47 33 89 24 56 66 78 4 1 78 7 53 86 71 3 77 92 22 76 8 78 73 76 77 44 21 31 37 8 46 69 58 83 97 14 11 24 82 8 25 
73 72 93 0 75 93 21 33 13 66 95 61 25 83 98 3 93 99 11 55 97 83 87 71 67 72 49 55 16 6 18 43 21 49 23 14 98 54 85 11 97 56 62 57 90 22 
10 4 75 75 0 97 84 26 15 14 85 44 7 78 57 60 16 25 10 67 72 54 70 37 22 41 78 92 50 48 78 41 79 46 88 17 29 46 68 67 79 47 1 30 64 76 
76 71 63 93 97 0 36 54 94 34 3 85 84 49 55 33 29 56 83 32 29 95 75 9 33 9 85 78 51 80 42 65 84 25 21 45 16 31 92 15 20 27 87 8 54 48 
6 22 47 21 84 36 0 61 35 33 20 68 25 84 95 39 48 6 80 64 88 33 43 75 67 89 99 31 18 69 65 61 79 18 40 36 82 29 23 39 42 75 78 71 26 49 
80 50 33 33 26 54 61 0 51 63 45 55 1 87 17 20 10 93 52 11 69 24 15 64 22 47 4 57 89 81 47 55 80 72 15 78 16 26 54 85 59 86 30 45 38 23 
65 58 89 13 15 94 35 51 0 92 55 77 13 60 27 77 72 88 40 44 77 39 92 70 99 34 44 27 57 70 74 53 90 28 44 2 83 95 97 27 85 31 65 23 99 53 
17 4 24 66 14 34 33 63 92 0 4 71 13 40 84 49 62 71 14 37 24 23 67 93 96 54 10 42 58 89 94 77 83 12 37 17 31 85 58 36 42 82 3 86 94 37 
2 69 56 95 85 3 20 45 55 4 0 47 81 28 73 29 3 14 42 37 41 19 98 39 64 47 90 3 99 29 79 76 59 43 27 22 59 17 93 38 12 23 7 97 15 88 
77 25 66 61 44 85 68 55 77 71 47 0 76 36 64 33 92 50 1 23 98 71 37 19 28 29 53 95 51 47 8 86 17 30 12 62 15 31 9 41 49 31 24 67 93 65 
72 44 78 25 7 84 25 1 13 13 81 76 0 13 18 34 11 29 76 6 82 6 43 87 53 58 57 79 88 82 11 73 49 20 13 26 78 17 5 89 28 51 69 4 59 13 
7 77 4 83 78 49 84 87 60 40 28 36 13 0 3 77 97 97 62 16 75 13 19 31 60 6 17 96 97 61 44 32 45 25 63 80 22 20 78 34 5 40 68 35 35 43 
26 27 1 98 57 55 95 17 27 84 73 64 18 3 0 79 83 39 49 82 6 92 9 41 70 6 8 79 38 79 34 28 52 78 31 44 47 10 68 4 68 55 98 64 81 29 
51 53 78 3 60 33 39 20 77 49 29 33 34 77 79 0 38 65 38 94 19 79 71 93 53 11 33 47 64 94 19 37 30 40 29 55 30 56 91 28 61 13 18 72 92 8 
21 81 7 93 16 29 48 10 72 62 3 92 11 97 83 38 0 84 57 52 33 77 63 52 97 31 23 6 92 96 23 77 23 19 94 30 19 53 32 50 99 84 94 46 52 87 
19 42 53 99 25 56 6 93 88 71 14 50 29 97 39 65 84 0 16 72 49 29 84 28 44 20 80 71 89 87 12 66 94 16 52 99 87 46 64 43 23 83 41 45 17 18 
85 83 86 11 10 83 80 52 40 14 42 1 76 62 49 38 57 16 0 89 1 98 83 72 15 37 27 33 2 49 89 23 35 95 22 69 68 49 19 98 12 12 53 77 69 46 
12 16 71 55 67 32 64 11 44 37 37 23 6 16 82 94 52 72 89 0 65 90 41 8 8 34 59 8 35 5 6 62 51 77 46 97 22 93 72 93 26 98 2 14 39 86 
29 65 3 97 72 29 88 69 77 24 41 98 82 75 6 19 33 49 1 65 0 28 39 85 34 2 32 39 29 76 32 52 67 68 33 75 33 98 6 1 38 73 44 25 17 97 
30 69 77 83 54 95 33 24 39 23 19 71 6 13 92 79 77 29 98 90 28 0 97 42 25 22 28 47 36 63 69 63 33 46 89 43 58 26 33 34 7 66 52 32 8 14 
15 26 92 87 70 75 43 15 92 67 98 37 43 19 9 71 63 84 83 41 39 97 0 4 29 16 30 67 62 84 97 59 83 35 31 58 97 50 47 84 42 21 41 51 5 10 
51 99 22 71 37 9 75 64 70 93 39 19 87 31 41 93 52 28 72 8 85 42 4 0 1 91 22 75 22 34 39 38 44 34 96 42 72 70 71 24 87 40 32 38 39 57 
69 88 76 67 22 33 67 22 99 96 64 28 53 60 70 53 97 44 15 8 34 25 29 1 0 88 29 37 67 11 85 1 17 31 4 79 60 54 70 50 75 47 28 34 73 69 
88 8 8 72 41 9 89 47 34 54 47 29 58 6 6 11 31 20 37 34 2 22 16 91 88 0 40 33 98 8 34 63 15 78 44 62 86 37 13 54 27 83 13 26 2 42 
88 27 78 49 78 85 99 4 44 10 90 53 57 17 8 33 23 80 27 59 32 28 30 22 29 40 0 56 56 65 16 93 41 61 71 50 51 33 91 21 53 39 66 81 58 53 
95 26 73 55 92 78 31 57 27 42 3 95 79 96 79 47 6 71 33 8 39 47 67 75 37 33 56 0 90 20 95 65 43 48 22 98 2 90 39 13 19 78 78 89 91 84 
97 23 76 16 50 51 18 89 57 58 99 51 88 97 38 64 92 89 2 35 29 36 62 22 67 98 56 90 0 40 99 16 38 97 37 99 2 33 31 8 51 51 33 44 42 70 
87 10 77 6 48 80 69 81 70 89 29 47 82 61 79 94 96 87 49 5 76 63 84 34 11 8 65 20 40 0 2 98 52 31 83 50 82 83 96 72 22 19 47 45 92 10 
14 68 44 18 78 42 65 47 74 94 79 8 11 44 34 19 23 12 89 6 32 69 97 39 85 34 16 95 99 2 0 5 78 64 24 96 60 65 83 32 2 85 79 69 55 26 
10 24 21 43 41 65 61 55 53 77 76 86 73 32 28 37 77 66 23 62 52 63 59 38 1 63 93 65 16 98 5 0 84 28 57 93 9 56 77 47 50 12 9 62 75 24 
8 28 31 21 79 84 79 80 90 83 59 17 49 45 52 30 23 94 35 51 67 33 83 44 17 15 41 43 38 52 78 84 0 89 90 83 83 6 43 47 22 52 74 43 14 19 
64 38 37 49 46 25 18 72 28 12 43 30 20 25 78 40 19 16 95 77 68 46 35 34 31 78 61 48 97 31 64 28 89 0 24 46 96 53 34 55 15 58 62 41 73 66 
62 58 8 23 88 21 40 15 44 37 27 12 13 63 31 29 94 52 22 46 33 89 31 96 4 44 71 22 37 83 24 57 90 24 0 23 3 87 2 73 52 72 88 78 63 49 
23 84 46 14 17 45 36 78 2 17 22 62 26 80 44 55 30 99 69 97 75 43 58 42 79 62 50 98 99 50 96 93 83 46 23 0 1 43 40 4 58 44 54 44 75 99 
58 39 69 98 29 16 82 16 83 31 59 15 78 22 47 30 19 87 68 22 33 58 97 72 60 86 51 2 2 82 60 9 83 96 3 1 0 98 76 60 67 75 92 6 27 68 
2 9 58 54 46 31 29 26 95 85 17 31 17 20 10 56 53 46 49 93 98 26 50 70 54 37 33 90 33 83 65 56 6 53 87 43 98 0 32 12 4 55 2 14 60 57 
1 33 83 85 68 92 23 54 97 58 93 9 5 78 68 91 32 64 19 72 6 33 47 71 70 13 91 39 31 96 83 77 43 34 2 40 76 32 0 82 9 39 5 71 77 74 
61 35 97 11 67 15 39 85 27 36 38 41 89 34 4 28 50 43 98 93 1 34 84 24 50 54 21 13 8 72 32 47 47 55 73 4 60 12 82 0 6 80 85 60 32 91 
82 11 14 97 79 20 42 59 85 42 12 49 28 5 68 61 99 23 12 26 38 7 42 87 75 27 53 19 51 22 2 50 22 15 52 58 67 4 9 6 0 8 67 33 47 76 
9 24 11 56 47 27 75 86 31 82 23 31 51 40 55 13 84 83 12 98 73 66 21 40 47 83 39 78 51 19 85 12 52 58 72 44 75 55 39 80 8 0 83 45 65 38 
89 16 24 62 1 87 78 30 65 3 7 24 69 68 98 18 94 41 53 2 44 52 41 32 28 13 66 78 33 47 79 9 74 62 88 54 92 2 5 85 67 83 0 48 74 91 
14 88 82 57 30 8 71 45 23 86 97 67 4 35 64 72 46 45 77 14 25 32 51 38 34 26 81 89 44 45 69 62 43 41 78 44 6 14 71 60 33 45 48 0 85 16 
48 26 8 90 64 54 26 38 99 94 15 93 59 35 81 92 52 17 69 39 17 8 5 39 73 2 58 91 42 92 55 75 14 73 63 75 27 60 77 32 47 65 74 85 0 66 
73 72 25 22 76 48 49 23 53 37 88 65 13 43 29 8 87 18 46 86 97 14 10 57 69 42 53 84 70 10 26 24 19 66 49 99 68 57 74 91 76 38 91 16 66 0 
