48
0 38 13 73 10 76 6 80 65 17 2 77 72 7 26 51 21 19 85 12 29 30 15 51 69 88 88 95 97 87 14 10 8 64 62 23 58 2 1 61 82 9 89 14 48 73 31 72 
38 0 4 71 22 50 58 4 69 25 44 77 27 53 81 42 83 16 65 69 26 99 88 8 27 26 23 10 68 24 28 38 58 84 39 9 33 35 11 24 16 88 26 72 93 75 63 47 
13 4 0 33 89 24 56 66 78 4 1 78 7 53 86 71 3 77 92 22 76 8 78 73 76 77 44 21 31 37 8 46 69 58 83 97 14 11 24 82 8 25 75 93 21 33 13 66 
73 71 33 0 95 61 25 83 98 3 93 99 11 55 97 83 87 71 67 72 49 55 16 6 18 43 21 49 23 14 98 54 85 11 97 56 62 57 90 22 97 84 26 15 14 85 44 7 
10 22 89 95 0 78 57 60 16 25 10 67 72 54 70 37 22 41 78 92 50 48 78 41 79 46 88 17 29 46 68 67 79 47 1 30 64 76 36 54 94 34 3 85 84 49 55 33 
76 50 24 61 78 0 29 56 83 32 29 95 75 9 33 9 85 78 51 80 42 65 84 25 21 45 16 31 92 15 20 27 87 8 54 48 61 35 33 20 68 25 84 95 39 48 6 80 
6 58 56 25 57 29 0 64 88 33 43 75 67 89 99 31 18 69 65 61 79 18 40 36 82 29 23 39 42 75 78 71 26 49 51 63 45 55 1 87 17 20 10 93 52 11 69 24 
80 4 66 83 60 56 64 0 15 64 22 47 4 57 89 81 47 55 80 72 15 78 16 26 54 85 59 86 30 45 38 23 92 55 77 13 60 27 77 72 88 40 44 77 39 92 70 99 
65 69 78 98 16 83 88 15 0 34 44 27 57 70 74 53 90 28 44 2 83 95 97 27 85 31 65 23 99 53 4 71 13 40 84 49 62 71 14 37 24 23 67 93 96 54 10 42 
17 25 4 3 25 32 33 64 34 0 58 89 94 77 83 12 37 17 31 85 58 36 42 82 3 86 94 37 47 81 28 73 29 3 14 42 37 41 19 98 39 64 47 90 3 99 29 79 
2 44 1 93 10 29 43 22 44 58 0 76 59 43 27 22 59 17 93 38 12 23 7 97 15 88 76 36 64 33 92 50 1 23 98 71 37 19 28 29 53 95 51 47 8 86 17 30 
77 77 78 99 67 95 75 47 27 89 76 0 12 62 15 31 9 41 49 31 24 67 93 65 13 18 34 11 29 76 6 82 6 43 87 53 58 57 79 88 82 11 73 49 20 13 26 78 
72 27 7 11 72 75 67 4 57 94 59 12 0 17 5 89 28 51 69 4 59 13 3 77 97 97 62 16 75 13 19 31 60 6 17 96 97 61 44 32 45 25 63 80 22 20 78 34 
7 53 53 55 54 9 89 57 70 77 43 62 17 0 5 40 68 35 35 43 79 83 39 49 82 6 92 9 41 70 6 8 79 38 79 34 28 52 78 31 44 47 10 68 4 68 55 98 
26 81 86 97 70 33 99 89 74 83 27 15 5 5 0 64 81 29 38 65 38 94 19 79 71 93 53 11 33 47 64 94 19 37 30 40 29 55 30 56 91 28 61 13 18 72 92 8 
51 42 71 83 37 9 31 81 53 12 22 31 89 40 64 0 84 57 52 33 77 63 52 97 31 23 6 92 96 23 77 23 19 94 30 19 53 32 50 99 84 94 46 52 87 16 72 49 
21 83 3 87 22 85 18 47 90 37 59 9 28 68 81 84 0 29 84 28 44 20 80 71 89 87 12 66 94 16 52 99 87 46 64 43 23 83 41 45 17 18 89 1 98 83 72 15 
19 16 77 71 41 78 69 55 28 17 17 41 51 35 29 57 29 0 37 27 33 2 49 89 23 35 95 22 69 68 49 19 98 12 12 53 77 69 46 65 90 41 8 8 34 59 8 35 
85 65 92 67 78 51 65 80 44 31 93 49 69 35 38 52 84 37 0 5 6 62 51 77 46 97 22 93 72 93 26 98 2 14 39 86 28 39 85 34 2 32 39 29 76 32 52 67 
12 69 22 72 92 80 61 72 2 85 38 31 4 43 65 33 28 27 5 0 68 33 75 33 98 6 1 38 73 44 25 17 97 97 42 25 22 28 47 36 63 69 63 33 46 89 43 58 
29 26 76 49 50 42 79 15 83 58 12 24 59 79 38 77 44 33 6 68 0 26 33 34 7 66 52 32 8 14 4 29 16 30 67 62 84 97 59 83 35 31 58 97 50 47 84 42 
30 99 8 55 48 65 18 78 95 36 23 67 13 83 94 63 20 2 62 33 26 0 21 41 51 5 10 1 91 22 75 22 34 39 38 44 34 96 42 72 70 71 24 87 40 32 38 39 
15 88 78 16 78 84 40 16 97 42 7 93 3 39 19 52 80 49 51 75 33 21 0 57 88 29 37 67 11 85 1 17 31 4 79 60 54 70 50 75 47 28 34 73 69 40 33 98 
51 8 73 6 41 25 36 26 27 82 97 65 77 49 79 97 71 89 77 33 34 41 57 0 8 34 63 15 78 44 62 86 37 13 54 27 83 13 26 2 42 56 56 65 16 93 41 61 
69 27 76 18 79 21 82 54 85 3 15 13 97 82 71 31 89 23 46 98 7 51 88 8 0 71 50 51 33 91 21 53 39 66 81 58 53 90 20 95 65 43 48 22 98 2 90 39 
88 26 77 43 46 45 29 85 31 86 88 18 97 6 93 23 87 35 97 6 66 5 29 34 71 0 13 19 78 78 89 91 84 40 99 16 38 97 37 99 2 33 31 8 51 51 33 44 
88 23 44 21 88 16 23 59 65 94 76 34 62 92 53 6 12 95 22 1 52 10 37 63 50 13 0 42 70 2 98 52 31 83 50 82 83 96 72 22 19 47 45 92 10 5 78 64 
95 10 21 49 17 31 39 86 23 37 36 11 16 9 11 92 66 22 93 38 32 1 67 15 51 19 42 0 24 96 60 65 83 32 2 85 79 69 55 26 84 28 57 93 9 56 77 47 
97 68 31 23 29 92 42 30 99 47 64 29 75 41 33 96 94 69 72 73 8 91 11 78 33 78 70 24 0 50 12 9 62 75 24 89 90 83 83 6 43 47 22 52 74 43 14 19 
87 24 37 14 46 15 75 45 53 81 33 76 13 70 47 23 16 68 93 44 14 22 85 44 91 78 2 96 50 0 24 46 96 53 34 55 15 58 62 41 73 66 23 3 87 2 73 52 
14 28 8 98 68 20 78 38 4 28 92 6 19 6 64 77 52 49 26 25 4 75 1 62 21 89 98 60 12 24 0 72 88 78 63 49 1 43 40 4 58 44 54 44 75 99 98 76 
10 38 46 54 67 27 71 23 71 73 50 82 31 8 94 23 99 19 98 17 29 22 17 86 53 91 52 65 9 46 72 0 60 67 75 92 6 27 68 32 12 4 55 2 14 60 57 82 
8 58 69 85 79 87 26 92 13 29 1 6 60 79 19 19 87 98 2 97 16 34 31 37 39 84 31 83 62 96 88 60 0 9 39 5 71 77 74 6 80 85 60 32 91 8 67 33 
64 84 58 11 47 8 49 55 40 3 23 43 6 38 37 94 46 12 14 97 30 39 4 13 66 40 83 32 75 53 78 67 9 0 47 76 83 45 65 38 48 74 91 85 16 66 53 70 
62 39 83 97 1 54 51 77 84 14 98 87 17 79 30 30 64 12 39 42 67 38 79 54 81 99 50 2 24 34 63 75 39 47 0 67 90 29 20 18 6 80 11 30 18 82 47 8 
23 9 97 56 30 48 63 13 49 42 71 53 96 34 40 19 43 53 86 25 62 44 60 27 58 16 82 85 89 55 49 92 5 76 67 0 18 87 62 65 8 30 56 29 44 99 56 6 
58 33 14 62 64 61 45 60 62 37 37 58 97 28 29 53 23 77 28 22 84 34 54 83 53 38 83 79 90 15 1 6 71 83 90 18 0 51 93 64 53 35 99 84 78 38 90 55 
2 35 11 57 76 35 55 27 71 41 19 57 61 52 55 32 83 69 39 28 97 96 70 13 90 97 96 69 83 58 43 27 77 45 29 87 51 0 5 44 12 30 77 90 33 51 52 43 
1 11 24 90 36 33 1 77 14 19 28 79 44 78 30 50 41 46 85 47 59 42 50 26 20 37 72 55 83 62 40 68 74 65 20 62 93 5 0 24 90 44 89 96 29 65 87 59 
61 24 82 22 54 20 87 72 37 98 29 88 32 31 56 99 45 65 34 36 83 72 75 2 95 99 22 26 6 41 4 32 6 38 18 65 64 44 24 0 89 52 23 11 32 10 7 31 
82 16 8 97 94 68 17 88 24 39 53 82 45 44 91 84 17 90 2 63 35 70 47 42 65 2 19 84 43 73 58 12 80 48 6 8 53 12 90 89 0 68 19 13 74 75 92 66 
9 88 25 84 34 25 20 40 23 64 95 11 25 47 28 94 18 41 32 69 31 71 28 56 43 33 47 28 47 66 44 4 85 74 80 30 35 30 44 52 68 0 86 54 43 7 10 37 
89 26 75 26 3 84 10 44 67 47 51 73 63 10 61 46 89 8 39 63 58 24 34 56 48 31 45 57 22 23 54 55 60 91 11 56 99 77 89 23 19 86 0 88 60 9 54 88 
14 72 93 15 85 95 93 77 93 90 47 49 80 68 13 52 1 8 29 33 97 87 73 65 22 8 92 93 52 3 44 2 32 85 30 29 84 90 96 11 13 54 88 0 19 22 68 15 
48 93 21 14 84 39 52 39 96 3 8 20 22 4 18 87 98 34 76 46 50 40 69 16 98 51 10 9 74 87 75 14 91 16 18 44 78 33 29 32 74 43 60 19 0 21 86 10 
73 75 33 85 49 48 11 92 54 99 86 13 20 68 72 16 83 59 32 89 47 32 40 93 2 51 5 56 43 2 99 60 8 66 82 99 38 51 65 10 75 7 9 22 21 0 43 67 
31 63 13 44 55 6 69 70 10 29 17 26 78 55 92 72 72 8 52 43 84 38 33 41 90 33 78 77 14 73 98 57 67 53 47 56 90 52 87 7 92 10 54 68 86 43 0 21 
72 47 66 7 33 80 24 99 42 79 30 78 34 98 8 49 15 35 67 58 42 39 98 61 39 44 64 47 19 52 76 82 33 70 8 6 55 43 59 31 66 37 88 15 10 67 21 0 
