52
0 38 13 73 10 76 6 80 65 17 2 77 72 7 26 51 21 19 85 12 29 30 15 51 69 88 88 95 97 87 14 10 8 64 62 23 58 2 1 61 82 9 89 14 48 73 31 72 4 71 22 50 
38 0 58 4 69 25 44 77 27 53 81 42 83 16 65 69 26 99 88 8 27 26 23 10 68 24 28 38 58 84 39 9 33 35 11 24 16 88 26 72 93 75 63 47 33 89 24 56 66 78 4 1 
13 58 0 78 7 53 86 71 3 77 92 22 76 8 78 73 76 77 44 21 31 37 8 46 69 58 83 97 14 11 24 82 8 25 75 93 21 33 13 66 95 61 25 83 98 3 93 99 11 55 97 83 
73 4 78 0 87 71 67 72 49 55 16 6 18 43 21 49 23 14 98 54 85 11 97 56 62 57 90 22 97 84 26 15 14 85 44 7 78 57 60 16 25 10 67 72 54 70 37 22 41 78 92 50 
10 69 7 87 0 48 78 41 79 46 88 17 29 46 68 67 79 47 1 30 64 76 36 54 94 34 3 85 84 49 55 33 29 56 83 32 29 95 75 9 33 9 85 78 51 80 42 65 84 25 21 45 
76 25 53 71 48 0 16 31 92 15 20 27 87 8 54 48 61 35 33 20 68 25 84 95 39 48 6 80 64 88 33 43 75 67 89 99 31 18 69 65 61 79 18 40 36 82 29 23 39 42 75 78 
6 44 86 67 78 16 0 71 26 49 51 63 45 55 1 87 17 20 10 93 52 11 69 24 15 64 22 47 4 57 89 81 47 55 80 72 15 78 16 26 54 85 59 86 30 45 38 23 92 55 77 13 
80 77 71 72 41 31 71 0 60 27 77 72 88 40 44 77 39 92 70 99 34 44 27 57 70 74 53 90 28 44 2 83 95 97 27 85 31 65 23 99 53 4 71 13 40 84 49 62 71 14 37 24 
65 27 3 49 79 92 26 60 0 23 67 93 96 54 10 42 58 89 94 77 83 12 37 17 31 85 58 36 42 82 3 86 94 37 47 81 28 73 29 3 14 42 37 41 19 98 39 64 47 90 3 99 
17 53 77 55 46 15 49 27 23 0 29 79 76 59 43 27 22 59 17 93 38 12 23 7 97 15 88 76 36 64 33 92 50 1 23 98 71 37 19 28 29 53 95 51 47 8 86 17 30 12 62 15 
2 81 92 16 88 20 51 77 67 29 0 31 9 41 49 31 24 67 93 65 13 18 34 11 29 76 6 82 6 43 87 53 58 57 79 88 82 11 73 49 20 13 26 78 17 5 89 28 51 69 4 59 
77 42 22 6 17 27 63 72 93 79 31 0 13 3 77 97 97 62 16 75 13 19 31 60 6 17 96 97 61 44 32 45 25 63 80 22 20 78 34 5 40 68 35 35 43 79 83 39 49 82 6 92 
72 83 76 18 29 87 45 88 96 76 9 13 0 9 41 70 6 8 79 38 79 34 28 52 78 31 44 47 10 68 4 68 55 98 64 81 29 38 65 38 94 19 79 71 93 53 11 33 47 64 94 19 
7 16 8 43 46 8 55 40 54 59 41 3 9 0 37 30 40 29 55 30 56 91 28 61 13 18 72 92 8 84 57 52 33 77 63 52 97 31 23 6 92 96 23 77 23 19 94 30 19 53 32 50 
26 65 78 21 68 54 1 44 10 43 49 77 41 37 0 99 84 94 46 52 87 16 72 49 29 84 28 44 20 80 71 89 87 12 66 94 16 52 99 87 46 64 43 23 83 41 45 17 18 89 1 98 
51 69 73 49 67 48 87 77 42 27 31 97 70 30 99 0 83 72 15 37 27 33 2 49 89 23 35 95 22 69 68 49 19 98 12 12 53 77 69 46 65 90 41 8 8 34 59 8 35 5 6 62 
21 26 76 23 79 61 17 39 58 22 24 97 6 40 84 83 0 51 77 46 97 22 93 72 93 26 98 2 14 39 86 28 39 85 34 2 32 39 29 76 32 52 67 68 33 75 33 98 6 1 38 73 
19 99 77 14 47 35 20 92 89 59 67 62 8 29 94 72 51 0 44 25 17 97 97 42 25 22 28 47 36 63 69 63 33 46 89 43 58 26 33 34 7 66 52 32 8 14 4 29 16 30 67 62 
85 88 44 98 1 33 10 70 94 17 93 16 79 55 46 15 77 44 0 84 97 59 83 35 31 58 97 50 47 84 42 21 41 51 5 10 1 91 22 75 22 34 39 38 44 34 96 42 72 70 71 24 
12 8 21 54 30 20 93 99 77 93 65 75 38 30 52 37 46 25 84 0 87 40 32 38 39 57 88 29 37 67 11 85 1 17 31 4 79 60 54 70 50 75 47 28 34 73 69 40 33 98 8 34 
29 27 31 85 64 68 52 34 83 38 13 13 79 56 87 27 97 17 97 87 0 63 15 78 44 62 86 37 13 54 27 83 13 26 2 42 56 56 65 16 93 41 61 71 50 51 33 91 21 53 39 66 
30 26 37 11 76 25 11 44 12 12 18 19 34 91 16 33 22 97 59 40 63 0 81 58 53 90 20 95 65 43 48 22 98 2 90 39 13 19 78 78 89 91 84 40 99 16 38 97 37 99 2 33 
15 23 8 97 36 84 69 27 37 23 34 31 28 28 72 2 93 97 83 32 15 81 0 31 8 51 51 33 44 42 70 2 98 52 31 83 50 82 83 96 72 22 19 47 45 92 10 5 78 64 24 96 
51 10 46 56 54 95 24 57 17 7 11 60 52 61 49 49 72 42 35 38 78 58 31 0 60 65 83 32 2 85 79 69 55 26 84 28 57 93 9 56 77 47 50 12 9 62 75 24 89 90 83 83 
69 68 69 62 94 39 15 70 31 97 29 6 78 13 29 89 93 25 31 39 44 53 8 60 0 6 43 47 22 52 74 43 14 19 24 46 96 53 34 55 15 58 62 41 73 66 23 3 87 2 73 52 
88 24 58 57 34 48 64 74 85 15 76 17 31 18 84 23 26 22 58 57 62 90 51 65 6 0 72 88 78 63 49 1 43 40 4 58 44 54 44 75 99 98 76 60 67 75 92 6 27 68 32 12 
88 28 83 90 3 6 22 53 58 88 6 96 44 72 28 35 98 28 97 88 86 20 51 83 43 72 0 4 55 2 14 60 57 82 9 39 5 71 77 74 6 80 85 60 32 91 8 67 33 47 76 83 
95 38 97 22 85 80 47 90 36 76 82 97 47 92 44 95 2 47 50 29 37 95 33 32 47 88 4 0 45 65 38 48 74 91 85 16 66 53 70 67 90 29 20 18 6 80 11 30 18 82 47 8 
97 58 14 97 84 64 4 28 42 36 6 61 10 8 20 22 14 36 47 37 13 65 44 2 22 78 55 45 0 18 87 62 65 8 30 56 29 44 99 56 6 51 93 64 53 35 99 84 78 38 90 55 
87 84 11 84 49 88 57 44 82 64 43 44 68 84 80 69 39 63 84 67 54 43 42 85 52 63 2 65 18 0 5 44 12 30 77 90 33 51 52 43 24 90 44 89 96 29 65 87 59 89 52 23 
14 39 24 26 55 33 89 2 3 33 87 32 4 57 71 68 86 69 42 11 27 48 70 79 74 49 14 38 87 5 0 11 32 10 7 31 68 19 13 74 75 92 66 86 54 43 7 10 37 88 60 9 
10 9 82 15 33 43 81 83 86 92 53 45 68 52 89 49 28 63 21 85 83 22 2 69 43 1 60 48 62 44 11 0 54 88 19 22 68 15 21 86 10 43 67 21 17 59 78 43 36 76 29 86 
8 33 8 14 29 75 47 95 94 50 58 25 55 33 87 19 39 33 41 1 13 98 98 55 14 43 57 74 65 12 32 54 0 35 45 93 83 9 31 65 78 19 39 12 57 53 84 77 69 26 70 32 
64 35 25 85 56 67 55 97 37 1 57 63 98 77 12 98 85 46 51 17 26 2 52 26 19 40 82 91 8 30 10 88 35 0 60 63 30 67 33 72 61 94 73 28 98 94 69 39 61 98 10 68 
62 11 75 44 83 89 80 27 47 23 79 80 64 63 66 12 34 89 5 31 2 90 31 84 24 4 9 85 30 77 7 19 45 60 0 79 64 21 36 56 29 46 93 57 52 5 80 76 32 77 53 39 
23 24 93 7 32 99 72 85 81 98 88 22 81 52 94 12 2 43 10 4 42 39 83 28 46 58 39 16 56 90 31 22 93 63 79 0 84 81 75 71 27 58 31 65 39 19 96 42 96 58 49 43 
58 16 21 78 29 31 15 31 28 71 82 20 29 97 16 53 32 58 1 79 56 13 50 57 96 44 5 66 29 33 68 68 83 30 64 84 0 53 23 65 71 62 61 97 28 1 27 51 21 27 66 78 
2 88 33 57 95 18 78 65 73 37 11 78 38 31 52 77 39 26 91 60 56 19 82 93 53 54 71 53 44 51 19 15 9 67 21 81 53 0 19 61 83 60 63 39 24 69 70 62 88 67 20 37 
1 26 13 60 75 69 16 23 29 19 73 34 65 23 99 69 29 33 22 54 65 78 83 9 34 44 77 70 99 52 13 21 31 33 36 75 23 19 0 18 22 78 27 33 9 9 21 69 83 55 86 94 
61 72 66 16 9 65 26 99 3 28 49 5 38 6 87 46 76 34 75 70 16 78 96 56 55 75 74 67 56 43 74 86 65 72 56 71 65 61 18 0 75 90 24 95 91 14 12 43 11 89 25 48 
82 93 95 25 33 61 54 53 14 29 20 40 94 92 46 65 32 7 22 50 93 89 72 77 15 99 6 90 6 24 75 10 78 61 29 27 71 83 22 75 0 69 44 92 14 7 3 68 94 5 29 36 
9 75 61 10 9 79 85 4 42 53 13 68 19 96 64 90 52 66 34 75 41 91 22 47 58 98 80 29 51 90 92 43 19 94 46 58 62 60 78 90 69 0 83 78 47 79 7 92 81 21 24 64 
89 63 25 67 85 18 59 71 37 95 26 35 79 23 43 41 67 52 39 47 61 84 19 50 62 76 85 20 93 44 66 67 39 73 93 31 61 63 27 24 44 83 0 72 7 22 65 51 91 10 93 68 
14 47 83 72 78 40 86 13 41 51 78 35 71 77 23 8 68 32 38 28 71 40 47 12 41 60 60 18 64 89 86 21 12 28 57 65 97 39 33 95 92 78 72 0 86 34 72 9 52 34 62 8 
48 33 98 54 51 36 30 40 19 47 17 43 93 23 83 8 33 8 44 34 50 99 45 9 73 67 32 6 53 96 54 17 57 98 52 39 28 24 9 91 14 47 7 86 0 60 42 28 52 41 72 46 
73 89 3 70 80 82 45 84 98 8 5 79 53 19 41 34 75 14 34 73 51 16 92 62 66 75 91 80 35 29 43 59 53 94 5 19 1 69 9 14 7 79 22 34 60 0 95 10 89 47 59 22 
31 24 93 37 42 29 38 49 39 86 89 83 11 94 45 59 33 4 96 69 33 38 10 75 23 92 8 11 99 65 7 78 84 69 80 96 27 70 21 12 3 7 65 72 42 95 0 55 1 20 20 86 
72 56 99 22 65 23 23 62 64 17 28 39 33 30 17 8 98 29 42 40 91 97 5 24 3 6 67 30 84 87 10 43 77 39 76 42 51 62 69 43 68 92 51 9 28 10 55 0 28 98 22 95 
4 66 11 41 84 39 92 71 47 30 51 49 47 19 18 35 6 16 72 33 21 37 78 89 87 27 33 18 78 59 37 36 69 61 32 96 21 88 83 11 94 81 91 52 52 89 1 28 0 19 68 36 
71 78 55 78 25 42 55 14 90 12 69 82 64 53 89 5 1 30 70 98 53 99 64 90 2 68 47 82 38 89 88 76 26 98 77 58 27 67 55 89 5 21 10 34 41 47 20 98 19 0 96 30 
22 4 97 92 21 75 77 37 3 62 4 6 94 32 1 6 38 67 71 8 39 2 24 83 73 32 76 47 90 52 60 29 70 10 53 49 66 20 86 25 29 24 93 62 72 59 20 22 68 96 0 23 
50 1 83 50 45 78 13 24 99 15 59 92 19 50 98 62 73 62 24 34 66 33 96 83 52 12 83 8 55 23 9 86 32 68 39 43 78 37 94 48 36 64 68 8 46 22 86 95 36 30 23 0 
