54
0 38 13 73 10 76 6 80 65 17 2 77 72 7 26 51 21 19 85 12 29 30 15 51 69 88 88 95 97 87 14 10 8 64 62 23 58 2 1 61 82 9 89 14 48 73 31 72 4 71 22 50 58 4 
38 0 69 25 44 77 27 53 81 42 83 16 65 69 26 99 88 8 27 26 23 10 68 24 28 38 58 84 39 9 33 35 11 24 16 88 26 72 93 75 63 47 33 89 24 56 66 78 4 1 78 7 53 86 
13 69 0 71 3 77 92 22 76 8 78 73 76 77 44 21 31 37 8 46 69 58 83 97 14 11 24 82 8 25 75 93 21 33 13 66 95 61 25 83 98 3 93 99 11 55 97 83 87 71 67 72 49 55 
73 25 71 0 16 6 18 43 21 49 23 14 98 54 85 11 97 56 62 57 90 22 97 84 26 15 14 85 44 7 78 57 60 16 25 10 67 72 54 70 37 22 41 78 92 50 48 78 41 79 46 88 17 29 
10 44 3 16 0 46 68 67 79 47 1 30 64 76 36 54 94 34 3 85 84 49 55 33 29 56 83 32 29 95 75 9 33 9 85 78 51 80 42 65 84 25 21 45 16 31 92 15 20 27 87 8 54 48 
76 77 77 6 46 0 61 35 33 20 68 25 84 95 39 48 6 80 64 88 33 43 75 67 89 99 31 18 69 65 61 79 18 40 36 82 29 23 39 42 75 78 71 26 49 51 63 45 55 1 87 17 20 10 
6 27 92 18 68 61 0 93 52 11 69 24 15 64 22 47 4 57 89 81 47 55 80 72 15 78 16 26 54 85 59 86 30 45 38 23 92 55 77 13 60 27 77 72 88 40 44 77 39 92 70 99 34 44 
80 53 22 43 67 35 93 0 27 57 70 74 53 90 28 44 2 83 95 97 27 85 31 65 23 99 53 4 71 13 40 84 49 62 71 14 37 24 23 67 93 96 54 10 42 58 89 94 77 83 12 37 17 31 
65 81 76 21 79 33 52 27 0 85 58 36 42 82 3 86 94 37 47 81 28 73 29 3 14 42 37 41 19 98 39 64 47 90 3 99 29 79 76 59 43 27 22 59 17 93 38 12 23 7 97 15 88 76 
17 42 8 49 47 20 11 57 85 0 36 64 33 92 50 1 23 98 71 37 19 28 29 53 95 51 47 8 86 17 30 12 62 15 31 9 41 49 31 24 67 93 65 13 18 34 11 29 76 6 82 6 43 87 
2 83 78 23 1 68 69 70 58 36 0 53 58 57 79 88 82 11 73 49 20 13 26 78 17 5 89 28 51 69 4 59 13 3 77 97 97 62 16 75 13 19 31 60 6 17 96 97 61 44 32 45 25 63 
77 16 73 14 30 25 24 74 36 64 53 0 80 22 20 78 34 5 40 68 35 35 43 79 83 39 49 82 6 92 9 41 70 6 8 79 38 79 34 28 52 78 31 44 47 10 68 4 68 55 98 64 81 29 
72 65 76 98 64 84 15 53 42 33 58 80 0 38 65 38 94 19 79 71 93 53 11 33 47 64 94 19 37 30 40 29 55 30 56 91 28 61 13 18 72 92 8 84 57 52 33 77 63 52 97 31 23 6 
7 69 77 54 76 95 64 90 82 92 57 22 38 0 92 96 23 77 23 19 94 30 19 53 32 50 99 84 94 46 52 87 16 72 49 29 84 28 44 20 80 71 89 87 12 66 94 16 52 99 87 46 64 43 
26 26 44 85 36 39 22 28 3 50 79 20 65 92 0 23 83 41 45 17 18 89 1 98 83 72 15 37 27 33 2 49 89 23 35 95 22 69 68 49 19 98 12 12 53 77 69 46 65 90 41 8 8 34 
51 99 21 11 54 48 47 44 86 1 88 78 38 96 23 0 59 8 35 5 6 62 51 77 46 97 22 93 72 93 26 98 2 14 39 86 28 39 85 34 2 32 39 29 76 32 52 67 68 33 75 33 98 6 
21 88 31 97 94 6 4 2 94 23 82 34 94 23 83 59 0 1 38 73 44 25 17 97 97 42 25 22 28 47 36 63 69 63 33 46 89 43 58 26 33 34 7 66 52 32 8 14 4 29 16 30 67 62 
19 8 37 56 34 80 57 83 37 98 11 5 19 77 41 8 1 0 84 97 59 83 35 31 58 97 50 47 84 42 21 41 51 5 10 1 91 22 75 22 34 39 38 44 34 96 42 72 70 71 24 87 40 32 
85 27 8 62 3 64 89 95 47 71 73 40 79 23 45 35 38 84 0 38 39 57 88 29 37 67 11 85 1 17 31 4 79 60 54 70 50 75 47 28 34 73 69 40 33 98 8 34 63 15 78 44 62 86 
12 26 46 57 85 88 81 97 81 37 49 68 71 19 17 5 73 97 38 0 37 13 54 27 83 13 26 2 42 56 56 65 16 93 41 61 71 50 51 33 91 21 53 39 66 81 58 53 90 20 95 65 43 48 
29 23 69 90 84 33 47 27 28 19 20 35 93 94 18 6 44 59 39 37 0 22 98 2 90 39 13 19 78 78 89 91 84 40 99 16 38 97 37 99 2 33 31 8 51 51 33 44 42 70 2 98 52 31 
30 10 58 22 49 43 55 85 73 28 13 35 53 30 89 62 25 83 57 13 22 0 83 50 82 83 96 72 22 19 47 45 92 10 5 78 64 24 96 60 65 83 32 2 85 79 69 55 26 84 28 57 93 9 
15 68 83 97 55 75 80 31 29 29 26 43 11 19 1 51 17 35 88 54 98 83 0 56 77 47 50 12 9 62 75 24 89 90 83 83 6 43 47 22 52 74 43 14 19 24 46 96 53 34 55 15 58 62 
51 24 97 84 33 67 72 65 3 53 78 79 33 53 98 77 97 31 29 27 2 50 56 0 41 73 66 23 3 87 2 73 52 72 88 78 63 49 1 43 40 4 58 44 54 44 75 99 98 76 60 67 75 92 
69 28 14 26 29 89 15 23 14 95 17 83 47 32 83 46 97 58 37 83 90 82 77 41 0 6 27 68 32 12 4 55 2 14 60 57 82 9 39 5 71 77 74 6 80 85 60 32 91 8 67 33 47 76 
88 38 11 15 56 99 78 99 42 51 5 39 64 50 72 97 42 97 67 13 39 83 47 73 6 0 83 45 65 38 48 74 91 85 16 66 53 70 67 90 29 20 18 6 80 11 30 18 82 47 8 18 87 62 
88 58 24 14 83 31 16 53 37 47 89 49 94 99 15 22 25 50 11 26 13 96 50 66 27 83 0 65 8 30 56 29 44 99 56 6 51 93 64 53 35 99 84 78 38 90 55 5 44 12 30 77 90 33 
95 84 82 85 32 18 26 4 41 8 28 82 19 84 37 93 22 47 85 2 19 72 12 23 68 45 65 0 51 52 43 24 90 44 89 96 29 65 87 59 89 52 23 11 32 10 7 31 68 19 13 74 75 92 
97 39 8 44 29 69 54 71 19 86 51 6 37 94 27 72 28 84 1 42 78 22 9 3 32 65 8 51 0 66 86 54 43 7 10 37 88 60 9 54 88 19 22 68 15 21 86 10 43 67 21 17 59 78 
87 9 25 7 95 65 85 13 98 17 69 92 30 46 33 93 47 42 17 56 78 19 62 87 12 38 30 52 66 0 43 36 76 29 86 35 45 93 83 9 31 65 78 19 39 12 57 53 84 77 69 26 70 32 
14 33 75 78 75 61 59 40 39 30 4 9 40 52 2 26 36 21 31 56 89 47 75 2 4 48 56 43 86 43 0 60 63 30 67 33 72 61 94 73 28 98 94 69 39 61 98 10 68 79 64 21 36 56 
10 35 93 57 9 79 86 84 64 12 59 41 29 87 49 98 63 41 4 65 91 45 24 73 55 74 29 24 54 36 60 0 29 46 93 57 52 5 80 76 32 77 53 39 84 81 75 71 27 58 31 65 39 19 
8 11 21 60 33 18 30 49 47 62 13 70 55 16 89 2 69 51 79 16 84 92 89 52 2 91 44 90 43 76 63 29 0 96 42 96 58 49 43 53 23 65 71 62 61 97 28 1 27 51 21 27 66 78 
64 24 33 16 9 40 45 62 90 15 3 6 30 72 23 14 63 5 60 93 40 10 90 72 14 85 99 44 7 29 30 46 96 0 19 61 83 60 63 39 24 69 70 62 88 67 20 37 18 22 78 27 33 9 
62 16 13 25 85 36 38 71 3 31 77 8 56 49 35 39 33 10 54 41 99 5 83 88 60 16 56 89 10 86 67 93 42 19 0 9 21 69 83 55 86 94 75 90 24 95 91 14 12 43 11 89 25 48 
23 88 66 10 78 82 23 14 99 9 97 79 91 29 95 86 46 1 70 61 16 78 83 78 57 66 6 96 37 35 33 57 96 61 9 0 69 44 92 14 7 3 68 94 5 29 36 83 78 47 79 7 92 81 
58 26 95 67 51 29 92 37 29 41 97 38 28 84 22 28 89 91 50 71 38 64 6 63 82 53 51 29 88 45 72 52 58 83 21 69 0 21 24 64 72 7 22 65 51 91 10 93 68 86 34 72 9 52 
2 72 61 72 80 23 55 24 79 49 62 79 61 28 69 39 43 22 75 50 97 24 43 49 9 70 93 65 60 93 61 5 49 60 69 44 21 0 34 62 8 60 42 28 52 41 72 46 95 10 89 47 59 22 
1 93 25 54 42 39 77 23 76 31 16 34 13 44 68 85 58 75 47 51 37 96 47 1 39 67 64 87 9 83 94 80 43 63 83 92 24 34 0 55 1 20 20 86 28 98 22 95 19 68 36 96 30 23 
61 75 83 70 65 42 13 67 59 24 75 28 18 20 49 34 26 22 28 33 99 60 22 43 5 90 53 59 54 9 73 76 53 39 55 14 64 62 55 0 57 11 43 73 32 13 83 8 88 9 62 24 35 95 
82 63 98 37 84 75 60 93 43 67 13 52 72 80 19 2 33 34 34 91 2 65 52 40 71 29 35 89 88 31 28 32 23 24 86 7 72 8 1 57 0 4 56 69 16 25 95 63 27 99 48 88 36 17 
9 47 3 22 25 78 27 96 27 93 19 78 92 71 98 32 34 39 73 21 33 83 74 4 77 20 99 52 19 65 98 77 65 69 94 3 7 60 20 11 4 0 88 91 79 88 58 25 56 50 53 25 16 68 
89 33 93 41 21 71 77 54 22 65 31 31 8 89 12 39 7 38 69 53 31 32 43 58 74 18 84 23 22 78 94 53 71 70 75 68 22 42 20 43 56 88 0 74 47 21 67 95 13 26 1 98 99 78 
14 89 99 78 45 26 72 10 59 13 60 44 84 87 12 29 66 44 40 39 8 2 14 44 6 6 78 11 68 19 69 39 62 62 90 94 65 28 86 73 69 91 74 0 12 91 25 55 48 78 41 60 96 80 
48 24 11 92 16 49 88 42 17 18 6 47 57 12 53 76 52 34 33 66 51 85 19 54 80 80 38 32 15 39 39 84 61 88 24 5 51 52 28 32 16 79 47 12 0 90 32 57 34 39 93 21 15 10 
73 56 55 50 31 51 40 58 93 34 17 10 52 66 77 32 32 96 98 81 51 79 24 44 85 11 90 10 21 12 61 81 97 67 95 29 91 41 98 13 25 88 21 91 90 0 68 82 80 4 48 71 43 6 
31 66 97 48 92 63 44 89 38 11 96 68 33 94 69 52 8 42 8 58 33 69 46 75 60 30 55 7 86 57 98 75 28 20 91 36 10 72 22 83 95 58 67 25 32 68 0 21 58 60 55 78 25 59 
72 78 83 78 15 45 77 94 12 29 97 4 77 16 46 67 14 72 34 53 44 55 96 99 32 18 5 31 10 53 10 71 1 37 14 83 93 46 95 8 63 25 95 55 57 82 21 0 80 37 81 59 52 64 
4 4 87 41 20 55 39 77 23 76 61 68 63 52 65 68 4 70 63 90 42 26 53 98 91 82 44 68 43 84 68 27 27 18 12 78 68 95 19 88 27 56 13 48 34 80 58 80 0 74 84 89 83 56 
71 1 71 79 27 1 92 83 7 6 44 55 52 99 90 33 29 71 15 20 70 84 34 76 8 47 12 19 67 77 79 58 51 22 43 47 86 10 68 9 99 50 26 78 39 4 60 37 74 0 79 71 28 24 
22 78 67 46 87 87 70 12 97 82 32 98 97 87 41 75 16 24 78 95 2 28 55 60 67 8 30 13 21 69 64 31 21 78 11 79 34 89 36 62 48 53 1 41 93 48 55 81 84 79 0 54 70 69 
50 7 72 88 8 17 99 37 15 6 45 64 31 46 8 33 30 87 44 65 98 57 15 67 33 18 77 74 17 26 21 65 27 27 89 7 72 47 96 24 88 25 98 60 21 71 78 59 89 71 54 0 24 47 
58 53 49 17 54 20 34 17 88 43 25 81 23 64 8 98 67 40 62 43 52 93 58 75 47 87 90 75 59 70 36 39 66 33 25 92 9 59 30 35 36 16 99 96 15 43 25 52 83 28 70 24 0 40 
4 86 55 29 48 10 44 31 76 87 63 29 6 43 34 6 62 32 86 48 31 9 62 92 76 62 33 92 78 32 56 19 78 9 48 81 52 22 23 95 17 68 78 80 10 6 59 64 56 24 69 47 40 0 
