55
0 38 13 73 10 76 6 80 65 17 2 77 72 7 26 51 21 19 85 12 29 30 15 51 69 88 88 95 97 87 14 10 8 64 62 23 58 2 1 61 82 9 89 14 48 73 31 72 4 71 22 50 58 4 69 
38 0 25 44 77 27 53 81 42 83 16 65 69 26 99 88 8 27 26 23 10 68 24 28 38 58 84 39 9 33 35 11 24 16 88 26 72 93 75 63 47 33 89 24 56 66 78 4 1 78 7 53 86 71 3 
13 25 0 77 92 22 76 8 78 73 76 77 44 21 31 37 8 46 69 58 83 97 14 11 24 82 8 25 75 93 21 33 13 66 95 61 25 83 98 3 93 99 11 55 97 83 87 71 67 72 49 55 16 6 18 
73 44 77 0 43 21 49 23 14 98 54 85 11 97 56 62 57 90 22 97 84 26 15 14 85 44 7 78 57 60 16 25 10 67 72 54 70 37 22 41 78 92 50 48 78 41 79 46 88 17 29 46 68 67 79 
10 77 92 43 0 47 1 30 64 76 36 54 94 34 3 85 84 49 55 33 29 56 83 32 29 95 75 9 33 9 85 78 51 80 42 65 84 25 21 45 16 31 92 15 20 27 87 8 54 48 61 35 33 20 68 
76 27 22 21 47 0 25 84 95 39 48 6 80 64 88 33 43 75 67 89 99 31 18 69 65 61 79 18 40 36 82 29 23 39 42 75 78 71 26 49 51 63 45 55 1 87 17 20 10 93 52 11 69 24 15 
6 53 76 49 1 25 0 64 22 47 4 57 89 81 47 55 80 72 15 78 16 26 54 85 59 86 30 45 38 23 92 55 77 13 60 27 77 72 88 40 44 77 39 92 70 99 34 44 27 57 70 74 53 90 28 
80 81 8 23 30 84 64 0 44 2 83 95 97 27 85 31 65 23 99 53 4 71 13 40 84 49 62 71 14 37 24 23 67 93 96 54 10 42 58 89 94 77 83 12 37 17 31 85 58 36 42 82 3 86 94 
65 42 78 14 64 95 22 44 0 37 47 81 28 73 29 3 14 42 37 41 19 98 39 64 47 90 3 99 29 79 76 59 43 27 22 59 17 93 38 12 23 7 97 15 88 76 36 64 33 92 50 1 23 98 71 
17 83 73 98 76 39 47 2 37 0 37 19 28 29 53 95 51 47 8 86 17 30 12 62 15 31 9 41 49 31 24 67 93 65 13 18 34 11 29 76 6 82 6 43 87 53 58 57 79 88 82 11 73 49 20 
2 16 76 54 36 48 4 83 47 37 0 13 26 78 17 5 89 28 51 69 4 59 13 3 77 97 97 62 16 75 13 19 31 60 6 17 96 97 61 44 32 45 25 63 80 22 20 78 34 5 40 68 35 35 43 
77 65 77 85 54 6 57 95 81 19 13 0 79 83 39 49 82 6 92 9 41 70 6 8 79 38 79 34 28 52 78 31 44 47 10 68 4 68 55 98 64 81 29 38 65 38 94 19 79 71 93 53 11 33 47 
72 69 44 11 94 80 89 97 28 28 26 79 0 64 94 19 37 30 40 29 55 30 56 91 28 61 13 18 72 92 8 84 57 52 33 77 63 52 97 31 23 6 92 96 23 77 23 19 94 30 19 53 32 50 99 
7 26 21 97 34 64 81 27 73 29 78 83 64 0 84 94 46 52 87 16 72 49 29 84 28 44 20 80 71 89 87 12 66 94 16 52 99 87 46 64 43 23 83 41 45 17 18 89 1 98 83 72 15 37 27 
26 99 31 56 3 88 47 85 29 53 17 39 94 84 0 33 2 49 89 23 35 95 22 69 68 49 19 98 12 12 53 77 69 46 65 90 41 8 8 34 59 8 35 5 6 62 51 77 46 97 22 93 72 93 26 
51 88 37 62 85 33 55 31 3 95 5 49 19 94 33 0 98 2 14 39 86 28 39 85 34 2 32 39 29 76 32 52 67 68 33 75 33 98 6 1 38 73 44 25 17 97 97 42 25 22 28 47 36 63 69 
21 8 8 57 84 43 80 65 14 51 89 82 37 46 2 98 0 63 33 46 89 43 58 26 33 34 7 66 52 32 8 14 4 29 16 30 67 62 84 97 59 83 35 31 58 97 50 47 84 42 21 41 51 5 10 
19 27 46 90 49 75 72 23 42 47 28 6 30 52 49 2 63 0 1 91 22 75 22 34 39 38 44 34 96 42 72 70 71 24 87 40 32 38 39 57 88 29 37 67 11 85 1 17 31 4 79 60 54 70 50 
85 26 69 22 55 67 15 99 37 8 51 92 40 87 89 14 33 1 0 75 47 28 34 73 69 40 33 98 8 34 63 15 78 44 62 86 37 13 54 27 83 13 26 2 42 56 56 65 16 93 41 61 71 50 51 
12 23 58 97 33 89 78 53 41 86 69 9 29 16 23 39 46 91 75 0 33 91 21 53 39 66 81 58 53 90 20 95 65 43 48 22 98 2 90 39 13 19 78 78 89 91 84 40 99 16 38 97 37 99 2 
29 10 83 84 29 99 16 4 19 17 4 41 55 72 35 86 89 22 47 33 0 33 31 8 51 51 33 44 42 70 2 98 52 31 83 50 82 83 96 72 22 19 47 45 92 10 5 78 64 24 96 60 65 83 32 
30 68 97 26 56 31 26 71 98 30 59 70 30 49 95 28 43 75 28 91 33 0 2 85 79 69 55 26 84 28 57 93 9 56 77 47 50 12 9 62 75 24 89 90 83 83 6 43 47 22 52 74 43 14 19 
15 24 14 15 83 18 54 13 39 12 13 6 56 29 22 39 58 22 34 21 31 2 0 24 46 96 53 34 55 15 58 62 41 73 66 23 3 87 2 73 52 72 88 78 63 49 1 43 40 4 58 44 54 44 75 
51 28 11 14 32 69 85 40 64 62 3 8 91 84 69 85 26 34 73 53 8 85 24 0 99 98 76 60 67 75 92 6 27 68 32 12 4 55 2 14 60 57 82 9 39 5 71 77 74 6 80 85 60 32 91 
69 38 24 85 29 65 59 84 47 15 77 79 28 28 68 34 33 39 69 39 51 79 46 99 0 8 67 33 47 76 83 45 65 38 48 74 91 85 16 66 53 70 67 90 29 20 18 6 80 11 30 18 82 47 8 
88 58 82 44 95 61 86 49 90 31 97 38 61 44 49 2 34 38 40 66 51 69 96 98 8 0 18 87 62 65 8 30 56 29 44 99 56 6 51 93 64 53 35 99 84 78 38 90 55 5 44 12 30 77 90 
88 84 8 7 75 79 30 62 3 9 97 79 13 20 19 32 7 44 33 81 33 55 53 76 67 18 0 33 51 52 43 24 90 44 89 96 29 65 87 59 89 52 23 11 32 10 7 31 68 19 13 74 75 92 66 
95 39 25 78 9 18 45 71 99 41 62 34 18 80 98 39 66 34 98 58 44 26 34 60 33 87 33 0 86 54 43 7 10 37 88 60 9 54 88 19 22 68 15 21 86 10 43 67 21 17 59 78 43 36 76 
97 9 75 57 33 40 38 14 29 49 16 28 72 71 12 29 52 96 8 53 42 84 55 67 47 62 51 86 0 29 86 35 45 93 83 9 31 65 78 19 39 12 57 53 84 77 69 26 70 32 60 63 30 67 33 
87 33 93 60 9 36 23 37 79 31 75 52 92 89 12 76 32 42 34 90 70 28 15 75 76 65 52 54 29 0 72 61 94 73 28 98 94 69 39 61 98 10 68 79 64 21 36 56 29 46 93 57 52 5 80 
14 35 21 16 85 82 92 24 76 24 13 78 8 87 53 32 8 72 63 20 2 57 58 92 83 8 43 43 86 72 0 76 32 77 53 39 84 81 75 71 27 58 31 65 39 19 96 42 96 58 49 43 53 23 65 
10 11 33 25 78 29 55 23 59 67 19 31 84 12 77 52 14 70 15 95 98 93 62 6 45 30 24 7 35 61 76 0 71 62 61 97 28 1 27 51 21 27 66 78 19 61 83 60 63 39 24 69 70 62 88 
8 24 13 10 51 23 77 67 43 93 31 44 57 66 69 67 4 71 78 65 52 9 41 27 65 56 90 10 45 94 32 71 0 67 20 37 18 22 78 27 33 9 9 21 69 83 55 86 94 75 90 24 95 91 14 
64 16 66 67 80 39 13 93 27 65 60 47 52 94 46 68 29 24 44 43 31 56 73 68 38 29 44 37 93 73 77 62 67 0 12 43 11 89 25 48 69 44 92 14 7 3 68 94 5 29 36 83 78 47 79 
62 88 95 72 42 42 60 96 22 13 6 10 33 16 65 33 16 87 62 48 83 77 66 32 48 44 89 88 83 28 53 61 20 12 0 7 92 81 21 24 64 72 7 22 65 51 91 10 93 68 86 34 72 9 52 
23 26 61 54 65 75 27 54 59 18 17 68 77 52 90 75 30 40 86 22 50 47 23 12 74 99 96 60 9 98 39 97 37 43 7 0 34 62 8 60 42 28 52 41 72 46 95 10 89 47 59 22 55 1 20 
58 72 25 70 84 78 77 10 17 34 96 4 63 99 41 33 67 32 37 98 82 50 3 4 91 56 29 9 31 94 84 28 18 11 92 34 0 20 86 28 98 22 95 19 68 36 96 30 23 57 11 43 73 32 13 
2 93 83 37 25 71 72 42 93 11 97 68 52 87 8 98 62 38 13 2 83 12 87 55 85 6 65 54 65 69 81 1 22 89 81 62 20 0 83 8 88 9 62 24 35 95 4 56 69 16 25 95 63 27 99 
1 75 98 22 21 26 88 58 38 29 61 55 97 46 8 6 84 39 54 90 96 9 2 2 16 51 87 88 78 39 75 27 78 25 21 8 86 83 0 48 88 36 17 88 91 79 88 58 25 56 50 53 25 16 68 
61 63 3 41 45 49 40 89 12 76 44 98 31 64 34 1 97 57 27 39 72 62 73 14 66 93 59 19 19 61 71 51 27 48 24 60 28 8 48 0 74 47 21 67 95 13 26 1 98 99 78 12 91 25 55 
82 47 93 78 16 51 44 94 23 6 32 64 23 43 59 38 59 88 83 13 22 75 52 60 53 64 89 22 39 98 27 21 33 69 64 42 98 88 88 74 0 48 78 41 60 96 80 90 32 57 34 39 93 21 15 
9 33 99 92 31 63 77 77 7 82 45 81 6 23 8 73 83 29 13 19 19 24 72 57 70 53 52 68 12 10 58 27 9 44 72 28 22 9 36 47 48 0 10 68 82 80 4 48 71 43 6 21 58 60 55 
89 89 11 50 92 45 39 83 97 6 25 29 92 83 35 44 35 37 26 78 47 89 88 82 67 35 23 15 57 68 31 66 9 92 7 52 95 62 17 21 78 10 0 78 25 59 80 37 81 59 52 64 74 84 89 
14 24 55 48 15 55 92 12 15 43 63 38 96 41 5 25 31 67 2 78 45 90 78 9 90 99 11 21 53 79 65 78 21 14 22 41 19 24 88 67 41 68 78 0 83 56 79 71 28 24 54 70 69 24 47 
48 56 97 78 20 1 70 37 88 87 80 65 23 45 6 17 58 11 42 89 92 83 63 39 29 84 32 86 84 64 39 19 69 7 65 72 68 35 91 95 60 82 25 83 0 40 67 78 27 25 18 88 2 46 59 
73 66 83 41 27 87 99 17 76 53 22 38 77 17 62 97 97 85 56 91 10 83 49 5 20 78 10 10 77 21 19 61 83 3 51 46 36 95 79 13 96 80 59 56 40 0 22 18 57 34 44 76 99 3 97 
31 78 87 79 87 17 34 31 36 58 20 94 23 18 51 97 50 1 56 84 5 6 1 71 18 38 7 43 69 36 96 83 55 68 91 95 96 4 88 26 80 4 80 79 67 22 0 91 84 27 27 53 56 8 63 
72 4 71 46 8 20 44 85 64 57 78 19 19 89 77 42 47 17 65 40 78 43 43 77 6 90 31 67 26 56 42 60 86 94 10 10 30 56 58 1 90 48 37 71 78 18 91 0 32 80 93 77 47 88 71 
4 1 67 88 54 10 27 58 33 79 34 79 94 1 46 25 84 31 16 99 64 47 40 74 80 55 68 21 70 29 96 63 94 5 93 89 23 69 25 98 32 71 81 28 27 57 84 32 0 70 56 93 99 88 86 
71 78 72 17 48 93 57 36 92 88 5 71 30 98 97 22 42 4 93 16 24 22 4 6 11 5 19 17 32 46 58 39 75 29 68 47 57 16 56 99 57 43 59 24 25 34 27 80 70 0 75 16 15 57 88 
22 7 49 29 61 52 70 42 50 82 40 93 19 83 22 28 21 79 41 38 96 52 58 80 30 44 13 59 60 93 49 24 90 36 86 59 11 25 50 78 34 6 52 54 18 44 27 93 56 75 0 2 85 76 77 
50 53 55 46 35 11 74 82 1 11 68 53 53 72 93 47 41 60 61 97 60 74 44 85 18 12 74 78 63 57 43 69 24 83 34 22 43 95 53 12 39 21 64 70 88 76 53 77 93 16 2 0 91 19 63 
58 86 16 68 33 69 53 3 23 73 35 11 32 15 72 36 51 54 71 37 65 43 54 60 82 30 75 43 30 52 53 70 95 78 72 55 73 63 25 91 93 58 74 69 2 99 56 47 99 15 85 91 0 46 66 
4 71 6 67 20 24 90 86 98 49 35 33 50 37 93 63 5 70 50 99 83 14 44 32 47 77 92 36 67 5 23 62 91 47 9 1 32 27 16 25 21 60 84 24 46 3 8 88 88 57 76 19 46 0 53 
69 3 18 79 68 15 28 94 71 20 43 47 99 27 26 69 10 50 51 2 32 19 75 91 8 90 66 76 33 80 65 88 14 79 52 20 13 99 68 55 15 55 89 47 59 97 63 71 86 88 77 63 66 53 0 
