56
0 38 13 73 10 76 6 80 65 17 2 77 72 7 26 51 21 19 85 12 29 30 15 51 69 88 88 95 97 87 14 10 8 64 62 23 58 2 1 61 82 9 89 14 48 73 31 72 4 71 22 50 58 4 69 25 
38 0 44 77 27 53 81 42 83 16 65 69 26 99 88 8 27 26 23 10 68 24 28 38 58 84 39 9 33 35 11 24 16 88 26 72 93 75 63 47 33 89 24 56 66 78 4 1 78 7 53 86 71 3 77 92 
13 44 0 22 76 8 78 73 76 77 44 21 31 37 8 46 69 58 83 97 14 11 24 82 8 25 75 93 21 33 13 66 95 61 25 83 98 3 93 99 11 55 97 83 87 71 67 72 49 55 16 6 18 43 21 49 
73 77 22 0 23 14 98 54 85 11 97 56 62 57 90 22 97 84 26 15 14 85 44 7 78 57 60 16 25 10 67 72 54 70 37 22 41 78 92 50 48 78 41 79 46 88 17 29 46 68 67 79 47 1 30 64 
10 27 76 23 0 76 36 54 94 34 3 85 84 49 55 33 29 56 83 32 29 95 75 9 33 9 85 78 51 80 42 65 84 25 21 45 16 31 92 15 20 27 87 8 54 48 61 35 33 20 68 25 84 95 39 48 
76 53 8 14 76 0 6 80 64 88 33 43 75 67 89 99 31 18 69 65 61 79 18 40 36 82 29 23 39 42 75 78 71 26 49 51 63 45 55 1 87 17 20 10 93 52 11 69 24 15 64 22 47 4 57 89 
6 81 78 98 36 6 0 81 47 55 80 72 15 78 16 26 54 85 59 86 30 45 38 23 92 55 77 13 60 27 77 72 88 40 44 77 39 92 70 99 34 44 27 57 70 74 53 90 28 44 2 83 95 97 27 85 
80 42 73 54 54 80 81 0 31 65 23 99 53 4 71 13 40 84 49 62 71 14 37 24 23 67 93 96 54 10 42 58 89 94 77 83 12 37 17 31 85 58 36 42 82 3 86 94 37 47 81 28 73 29 3 14 
65 83 76 85 94 64 47 31 0 42 37 41 19 98 39 64 47 90 3 99 29 79 76 59 43 27 22 59 17 93 38 12 23 7 97 15 88 76 36 64 33 92 50 1 23 98 71 37 19 28 29 53 95 51 47 8 
17 16 77 11 34 88 55 65 42 0 86 17 30 12 62 15 31 9 41 49 31 24 67 93 65 13 18 34 11 29 76 6 82 6 43 87 53 58 57 79 88 82 11 73 49 20 13 26 78 17 5 89 28 51 69 4 
2 65 44 97 3 33 80 23 37 86 0 59 13 3 77 97 97 62 16 75 13 19 31 60 6 17 96 97 61 44 32 45 25 63 80 22 20 78 34 5 40 68 35 35 43 79 83 39 49 82 6 92 9 41 70 6 
77 69 21 56 85 43 72 99 41 17 59 0 8 79 38 79 34 28 52 78 31 44 47 10 68 4 68 55 98 64 81 29 38 65 38 94 19 79 71 93 53 11 33 47 64 94 19 37 30 40 29 55 30 56 91 28 
72 26 31 62 84 75 15 53 19 30 13 8 0 61 13 18 72 92 8 84 57 52 33 77 63 52 97 31 23 6 92 96 23 77 23 19 94 30 19 53 32 50 99 84 94 46 52 87 16 72 49 29 84 28 44 20 
7 99 37 57 49 67 78 4 98 12 3 79 61 0 80 71 89 87 12 66 94 16 52 99 87 46 64 43 23 83 41 45 17 18 89 1 98 83 72 15 37 27 33 2 49 89 23 35 95 22 69 68 49 19 98 12 
26 88 8 90 55 89 16 71 39 62 77 38 13 80 0 12 53 77 69 46 65 90 41 8 8 34 59 8 35 5 6 62 51 77 46 97 22 93 72 93 26 98 2 14 39 86 28 39 85 34 2 32 39 29 76 32 
51 8 46 22 33 99 26 13 64 15 97 79 18 71 12 0 52 67 68 33 75 33 98 6 1 38 73 44 25 17 97 97 42 25 22 28 47 36 63 69 63 33 46 89 43 58 26 33 34 7 66 52 32 8 14 4 
21 27 69 97 29 31 54 40 47 31 97 34 72 89 53 52 0 29 16 30 67 62 84 97 59 83 35 31 58 97 50 47 84 42 21 41 51 5 10 1 91 22 75 22 34 39 38 44 34 96 42 72 70 71 24 87 
19 26 58 84 56 18 85 84 90 9 62 28 92 87 77 67 29 0 40 32 38 39 57 88 29 37 67 11 85 1 17 31 4 79 60 54 70 50 75 47 28 34 73 69 40 33 98 8 34 63 15 78 44 62 86 37 
85 23 83 26 83 69 59 49 3 41 16 52 8 12 69 68 16 40 0 13 54 27 83 13 26 2 42 56 56 65 16 93 41 61 71 50 51 33 91 21 53 39 66 81 58 53 90 20 95 65 43 48 22 98 2 90 
12 10 97 15 32 65 86 62 99 49 75 78 84 66 46 33 30 32 13 0 39 13 19 78 78 89 91 84 40 99 16 38 97 37 99 2 33 31 8 51 51 33 44 42 70 2 98 52 31 83 50 82 83 96 72 22 
29 68 14 14 29 61 30 71 29 31 13 31 57 94 65 75 67 38 54 39 0 19 47 45 92 10 5 78 64 24 96 60 65 83 32 2 85 79 69 55 26 84 28 57 93 9 56 77 47 50 12 9 62 75 24 89 
30 24 11 85 95 79 45 14 79 24 19 44 52 16 90 33 62 39 27 13 19 0 90 83 83 6 43 47 22 52 74 43 14 19 24 46 96 53 34 55 15 58 62 41 73 66 23 3 87 2 73 52 72 88 78 63 
15 28 24 44 75 18 38 37 76 67 31 47 33 52 41 98 84 57 83 19 47 90 0 49 1 43 40 4 58 44 54 44 75 99 98 76 60 67 75 92 6 27 68 32 12 4 55 2 14 60 57 82 9 39 5 71 
51 38 82 7 9 40 23 24 59 93 60 10 77 99 8 6 97 88 13 78 45 83 49 0 77 74 6 80 85 60 32 91 8 67 33 47 76 83 45 65 38 48 74 91 85 16 66 53 70 67 90 29 20 18 6 80 
69 58 8 78 33 36 92 23 43 65 6 68 63 87 8 1 59 29 26 78 92 83 1 77 0 11 30 18 82 47 8 18 87 62 65 8 30 56 29 44 99 56 6 51 93 64 53 35 99 84 78 38 90 55 5 44 
88 84 25 57 9 82 55 67 27 13 17 4 52 46 34 38 83 37 2 89 10 6 43 74 11 0 12 30 77 90 33 51 52 43 24 90 44 89 96 29 65 87 59 89 52 23 11 32 10 7 31 68 19 13 74 75 
88 39 75 60 85 29 77 93 22 18 96 68 97 64 59 73 35 67 42 91 5 43 40 6 30 12 0 92 66 86 54 43 7 10 37 88 60 9 54 88 19 22 68 15 21 86 10 43 67 21 17 59 78 43 36 76 
95 9 93 16 78 23 13 96 59 34 97 55 31 43 8 44 31 11 56 84 78 47 4 80 18 30 92 0 29 86 35 45 93 83 9 31 65 78 19 39 12 57 53 84 77 69 26 70 32 60 63 30 67 33 72 61 
97 33 21 25 51 39 60 54 17 11 61 98 23 23 35 25 58 85 56 40 64 22 58 85 82 77 66 29 0 94 73 28 98 94 69 39 61 98 10 68 79 64 21 36 56 29 46 93 57 52 5 80 76 32 77 53 
87 35 33 10 80 42 27 10 93 29 44 64 6 83 5 17 97 1 65 99 24 52 44 60 47 90 86 86 94 0 39 84 81 75 71 27 58 31 65 39 19 96 42 96 58 49 43 53 23 65 71 62 61 97 28 1 
14 11 13 67 42 75 77 42 38 76 32 81 92 41 6 97 50 17 16 16 96 74 54 32 8 33 54 35 73 39 0 27 51 21 27 66 78 19 61 83 60 63 39 24 69 70 62 88 67 20 37 18 22 78 27 33 
10 24 66 72 65 78 72 58 12 6 45 29 96 45 62 97 47 31 93 38 60 43 44 91 18 51 43 45 28 84 27 0 9 9 21 69 83 55 86 94 75 90 24 95 91 14 12 43 11 89 25 48 69 44 92 14 
8 16 95 54 84 71 88 89 23 82 25 38 23 17 51 42 84 4 41 97 65 14 75 8 87 52 7 93 98 81 51 9 0 7 3 68 94 5 29 36 83 78 47 79 7 92 81 21 24 64 72 7 22 65 51 91 
64 88 61 70 25 26 40 94 7 6 63 65 77 18 77 25 42 79 61 37 83 19 99 67 62 43 10 83 94 75 21 9 7 0 10 93 68 86 34 72 9 52 34 62 8 60 42 28 52 41 72 46 95 10 89 47 
62 26 25 37 21 49 44 77 97 43 80 38 23 89 46 22 21 60 71 99 32 24 98 33 65 24 37 9 69 71 27 21 3 10 0 59 22 55 1 20 20 86 28 98 22 95 19 68 36 96 30 23 57 11 43 73 
23 72 83 22 45 51 77 83 15 87 22 94 19 1 97 28 41 54 50 2 2 46 76 47 8 90 88 31 39 27 66 69 68 93 59 0 32 13 83 8 88 9 62 24 35 95 4 56 69 16 25 95 63 27 99 48 
58 93 98 41 16 63 39 12 88 53 20 19 94 98 22 47 51 70 51 33 85 96 60 76 30 44 60 65 61 58 78 83 94 68 22 32 0 88 36 17 88 91 79 88 58 25 56 50 53 25 16 68 74 47 21 67 
2 75 3 78 31 45 92 37 76 58 78 79 30 83 93 36 5 50 33 31 79 53 67 83 56 89 9 78 98 31 19 55 5 86 55 13 88 0 95 13 26 1 98 99 78 12 91 25 55 48 78 41 60 96 80 90 
1 63 93 92 92 55 70 17 36 57 34 71 19 72 72 63 10 75 91 8 69 34 75 45 29 96 54 19 10 65 61 86 29 34 1 83 36 95 0 32 57 34 39 93 21 15 10 68 82 80 4 48 71 43 6 21 
61 47 99 50 15 1 99 31 64 79 5 93 53 15 93 69 1 47 21 51 55 55 92 65 44 29 88 39 68 39 83 94 36 72 20 8 17 13 32 0 58 60 55 78 25 59 80 37 81 59 52 64 74 84 89 83 
82 33 11 48 20 87 34 85 33 88 40 53 32 37 26 63 91 28 53 51 26 15 6 38 99 65 19 12 79 19 60 75 83 9 20 88 88 26 57 58 0 56 79 71 28 24 54 70 69 24 47 40 67 78 27 25 
9 89 55 78 27 17 44 58 92 82 68 11 50 27 98 33 22 34 39 33 84 58 27 48 56 87 22 57 64 96 63 90 78 52 86 9 91 1 34 60 56 0 18 88 2 46 59 22 18 57 34 44 76 99 3 97 
89 24 97 41 87 20 27 36 50 11 35 33 99 33 2 46 75 73 66 44 28 62 68 74 6 59 68 53 21 42 39 24 47 34 28 62 79 98 39 55 79 18 0 91 84 27 27 53 56 8 63 32 80 93 77 47 
14 56 83 79 8 10 57 42 1 73 35 47 84 2 14 89 22 69 81 42 57 41 32 91 51 89 15 84 36 96 24 95 79 62 98 24 88 99 93 78 71 88 91 0 88 71 70 56 93 99 88 86 75 16 15 57 
48 66 87 46 54 93 70 82 23 49 43 64 94 49 39 43 34 40 58 70 93 73 12 85 93 52 21 77 56 58 69 91 7 8 22 35 58 78 21 25 28 2 84 88 0 88 2 85 76 77 91 19 63 46 66 53 
73 78 71 88 48 52 74 3 98 20 79 94 46 89 86 58 39 33 53 2 9 66 4 16 64 23 86 69 29 49 70 14 92 60 95 95 25 12 15 59 24 46 27 71 88 0 29 88 39 21 98 52 60 95 65 15 
31 4 67 17 61 11 53 86 71 13 83 19 52 23 28 26 38 98 90 98 56 23 55 66 53 11 10 26 46 43 62 12 81 42 19 4 56 91 10 80 54 59 27 70 2 29 0 98 53 45 17 65 31 83 11 46 
72 1 72 29 35 69 90 94 37 26 39 37 87 35 39 33 44 8 20 52 77 3 2 53 35 32 43 70 93 53 88 43 21 28 68 56 50 25 68 37 70 22 53 56 85 88 98 0 89 79 60 98 43 65 6 91 
4 78 49 46 33 24 28 37 19 78 49 30 16 95 85 34 34 34 95 31 47 87 14 70 99 10 67 32 57 23 67 11 24 52 36 69 53 55 82 81 69 18 56 93 76 39 53 89 0 77 56 43 21 89 69 19 
71 7 55 68 20 15 44 47 28 17 82 40 72 22 34 7 96 63 65 83 50 2 60 67 84 7 21 60 52 65 20 89 64 41 96 16 25 48 80 59 24 57 8 99 77 21 45 79 77 0 93 50 84 16 18 62 
22 53 16 67 68 64 2 81 29 5 6 29 49 69 2 66 42 15 43 50 12 73 57 90 78 31 17 63 5 71 37 25 72 72 30 25 16 78 4 52 47 34 63 88 91 98 17 60 56 93 0 8 65 56 3 91 
50 86 6 79 25 22 83 28 53 89 92 55 29 68 32 52 72 78 48 82 9 52 82 29 38 68 59 30 80 62 18 48 7 46 23 95 68 41 48 64 40 44 32 86 19 52 65 98 43 50 8 0 5 17 78 69 
58 71 18 47 84 47 95 73 95 28 9 30 84 49 39 32 70 44 22 83 62 72 9 20 90 19 78 67 76 61 22 69 22 95 57 63 74 60 71 74 67 76 80 75 63 60 31 43 21 84 65 5 0 31 53 85 
4 3 43 1 95 4 97 29 51 51 41 56 28 19 29 8 71 62 98 96 75 88 39 18 55 13 43 33 32 97 78 44 65 10 11 27 47 96 43 84 78 99 93 16 46 95 83 65 89 16 56 17 31 0 37 99 
69 77 21 30 39 57 27 3 47 69 70 91 44 98 76 14 24 86 2 72 24 78 5 6 5 74 36 72 77 28 27 92 51 89 43 99 21 80 6 89 27 3 77 15 66 65 11 6 69 18 3 78 53 37 0 60 
25 92 49 64 48 89 85 14 8 4 6 28 20 12 32 4 87 37 90 22 89 63 71 80 44 75 76 61 53 1 33 14 91 47 73 48 67 90 21 83 25 97 47 57 53 15 46 91 19 62 91 69 85 99 60 0 
