58
0 38 13 73 10 76 6 80 65 17 2 77 72 7 26 51 21 19 85 12 29 30 15 51 69 88 88 95 97 87 14 10 8 64 62 23 58 2 1 61 82 9 89 14 48 73 31 72 4 71 22 50 58 4 69 25 44 77 
38 0 27 53 81 42 83 16 65 69 26 99 88 8 27 26 23 10 68 24 28 38 58 84 39 9 33 35 11 24 16 88 26 72 93 75 63 47 33 89 24 56 66 78 4 1 78 7 53 86 71 3 77 92 22 76 8 78 
13 27 0 73 76 77 44 21 31 37 8 46 69 58 83 97 14 11 24 82 8 25 75 93 21 33 13 66 95 61 25 83 98 3 93 99 11 55 97 83 87 71 67 72 49 55 16 6 18 43 21 49 23 14 98 54 85 11 
73 53 73 0 97 56 62 57 90 22 97 84 26 15 14 85 44 7 78 57 60 16 25 10 67 72 54 70 37 22 41 78 92 50 48 78 41 79 46 88 17 29 46 68 67 79 47 1 30 64 76 36 54 94 34 3 85 84 
10 81 76 97 0 49 55 33 29 56 83 32 29 95 75 9 33 9 85 78 51 80 42 65 84 25 21 45 16 31 92 15 20 27 87 8 54 48 61 35 33 20 68 25 84 95 39 48 6 80 64 88 33 43 75 67 89 99 
76 42 77 56 49 0 31 18 69 65 61 79 18 40 36 82 29 23 39 42 75 78 71 26 49 51 63 45 55 1 87 17 20 10 93 52 11 69 24 15 64 22 47 4 57 89 81 47 55 80 72 15 78 16 26 54 85 59 
6 83 44 62 55 31 0 86 30 45 38 23 92 55 77 13 60 27 77 72 88 40 44 77 39 92 70 99 34 44 27 57 70 74 53 90 28 44 2 83 95 97 27 85 31 65 23 99 53 4 71 13 40 84 49 62 71 14 
80 16 21 57 33 18 86 0 37 24 23 67 93 96 54 10 42 58 89 94 77 83 12 37 17 31 85 58 36 42 82 3 86 94 37 47 81 28 73 29 3 14 42 37 41 19 98 39 64 47 90 3 99 29 79 76 59 43 
65 65 31 90 29 69 30 37 0 27 22 59 17 93 38 12 23 7 97 15 88 76 36 64 33 92 50 1 23 98 71 37 19 28 29 53 95 51 47 8 86 17 30 12 62 15 31 9 41 49 31 24 67 93 65 13 18 34 
17 69 37 22 56 65 45 24 27 0 11 29 76 6 82 6 43 87 53 58 57 79 88 82 11 73 49 20 13 26 78 17 5 89 28 51 69 4 59 13 3 77 97 97 62 16 75 13 19 31 60 6 17 96 97 61 44 32 
2 26 8 97 83 61 38 23 22 11 0 45 25 63 80 22 20 78 34 5 40 68 35 35 43 79 83 39 49 82 6 92 9 41 70 6 8 79 38 79 34 28 52 78 31 44 47 10 68 4 68 55 98 64 81 29 38 65 
77 99 46 84 32 79 23 67 59 29 45 0 38 94 19 79 71 93 53 11 33 47 64 94 19 37 30 40 29 55 30 56 91 28 61 13 18 72 92 8 84 57 52 33 77 63 52 97 31 23 6 92 96 23 77 23 19 94 
72 88 69 26 29 18 92 93 17 76 25 38 0 30 19 53 32 50 99 84 94 46 52 87 16 72 49 29 84 28 44 20 80 71 89 87 12 66 94 16 52 99 87 46 64 43 23 83 41 45 17 18 89 1 98 83 72 15 
7 8 58 15 95 40 55 96 93 6 63 94 30 0 37 27 33 2 49 89 23 35 95 22 69 68 49 19 98 12 12 53 77 69 46 65 90 41 8 8 34 59 8 35 5 6 62 51 77 46 97 22 93 72 93 26 98 2 
26 27 83 14 75 36 77 54 38 82 80 19 19 37 0 14 39 86 28 39 85 34 2 32 39 29 76 32 52 67 68 33 75 33 98 6 1 38 73 44 25 17 97 97 42 25 22 28 47 36 63 69 63 33 46 89 43 58 
51 26 97 85 9 82 13 10 12 6 22 79 53 27 14 0 26 33 34 7 66 52 32 8 14 4 29 16 30 67 62 84 97 59 83 35 31 58 97 50 47 84 42 21 41 51 5 10 1 91 22 75 22 34 39 38 44 34 
21 23 14 44 33 29 60 42 23 43 20 71 32 33 39 26 0 96 42 72 70 71 24 87 40 32 38 39 57 88 29 37 67 11 85 1 17 31 4 79 60 54 70 50 75 47 28 34 73 69 40 33 98 8 34 63 15 78 
19 10 11 7 9 23 27 58 7 87 78 93 50 2 86 33 96 0 44 62 86 37 13 54 27 83 13 26 2 42 56 56 65 16 93 41 61 71 50 51 33 91 21 53 39 66 81 58 53 90 20 95 65 43 48 22 98 2 
85 68 24 78 85 39 77 89 97 53 34 53 99 49 28 34 42 44 0 90 39 13 19 78 78 89 91 84 40 99 16 38 97 37 99 2 33 31 8 51 51 33 44 42 70 2 98 52 31 83 50 82 83 96 72 22 19 47 
12 24 82 57 78 42 72 94 15 58 5 11 84 89 39 7 72 62 90 0 45 92 10 5 78 64 24 96 60 65 83 32 2 85 79 69 55 26 84 28 57 93 9 56 77 47 50 12 9 62 75 24 89 90 83 83 6 43 
29 28 8 60 51 75 88 77 88 57 40 33 94 23 85 66 70 86 39 45 0 47 22 52 74 43 14 19 24 46 96 53 34 55 15 58 62 41 73 66 23 3 87 2 73 52 72 88 78 63 49 1 43 40 4 58 44 54 
30 38 25 16 80 78 40 83 76 79 68 47 46 35 34 52 71 37 13 92 47 0 44 75 99 98 76 60 67 75 92 6 27 68 32 12 4 55 2 14 60 57 82 9 39 5 71 77 74 6 80 85 60 32 91 8 67 33 
15 58 75 25 42 71 44 12 36 88 35 64 52 95 2 32 24 13 19 10 22 44 0 47 76 83 45 65 38 48 74 91 85 16 66 53 70 67 90 29 20 18 6 80 11 30 18 82 47 8 18 87 62 65 8 30 56 29 
51 84 93 10 65 26 77 37 64 82 35 94 87 22 32 8 87 54 78 5 52 75 47 0 44 99 56 6 51 93 64 53 35 99 84 78 38 90 55 5 44 12 30 77 90 33 51 52 43 24 90 44 89 96 29 65 87 59 
69 39 21 67 84 49 39 17 33 11 43 19 16 69 39 14 40 27 78 78 74 99 76 44 0 89 52 23 11 32 10 7 31 68 19 13 74 75 92 66 86 54 43 7 10 37 88 60 9 54 88 19 22 68 15 21 86 10 
88 9 33 72 25 51 92 31 92 73 79 37 72 68 29 4 32 83 89 64 43 98 83 99 89 0 43 67 21 17 59 78 43 36 76 29 86 35 45 93 83 9 31 65 78 19 39 12 57 53 84 77 69 26 70 32 60 63 
88 33 13 54 21 63 70 85 50 49 83 30 49 49 76 29 38 13 91 24 14 76 45 56 52 43 0 30 67 33 72 61 94 73 28 98 94 69 39 61 98 10 68 79 64 21 36 56 29 46 93 57 52 5 80 76 32 77 
95 35 66 70 45 45 99 58 1 20 39 40 29 19 32 16 39 26 84 96 19 60 65 6 23 67 30 0 53 39 84 81 75 71 27 58 31 65 39 19 96 42 96 58 49 43 53 23 65 71 62 61 97 28 1 27 51 21 
97 11 95 37 16 55 34 36 23 13 49 29 84 98 52 30 57 2 40 60 24 67 38 51 11 21 67 53 0 27 66 78 19 61 83 60 63 39 24 69 70 62 88 67 20 37 18 22 78 27 33 9 9 21 69 83 55 86 
87 24 61 22 31 1 44 42 98 26 82 55 28 12 67 67 88 42 99 65 46 75 48 93 32 17 33 39 27 0 94 75 90 24 95 91 14 12 43 11 89 25 48 69 44 92 14 7 3 68 94 5 29 36 83 78 47 79 
14 16 25 41 92 87 27 82 71 78 6 30 44 12 68 62 29 56 16 83 96 92 74 64 10 59 72 84 66 94 0 7 92 81 21 24 64 72 7 22 65 51 91 10 93 68 86 34 72 9 52 34 62 8 60 42 28 52 
10 88 83 78 15 17 57 3 37 17 92 56 20 53 33 84 37 56 38 32 53 6 91 53 7 78 61 81 78 75 7 0 41 72 46 95 10 89 47 59 22 55 1 20 20 86 28 98 22 95 19 68 36 96 30 23 57 11 
8 26 98 92 20 20 70 86 19 5 9 91 80 77 75 97 67 65 97 2 34 27 85 35 31 43 94 75 19 90 92 41 0 43 73 32 13 83 8 88 9 62 24 35 95 4 56 69 16 25 95 63 27 99 48 88 36 17 
64 72 3 50 27 10 74 94 28 89 41 28 71 69 33 59 11 16 37 85 55 68 16 99 68 36 73 71 61 24 81 72 43 0 88 91 79 88 58 25 56 50 53 25 16 68 74 47 21 67 95 13 26 1 98 99 78 12 
62 93 93 48 87 93 53 37 29 28 70 61 89 46 98 83 85 93 99 79 15 32 66 84 19 76 28 27 83 95 21 46 73 88 0 91 25 55 48 78 41 60 96 80 90 32 57 34 39 93 21 15 10 68 82 80 4 48 
23 75 99 78 8 52 90 47 53 51 6 13 87 65 6 35 1 41 2 69 58 12 53 78 13 29 98 58 60 91 24 95 32 91 91 0 71 43 6 21 58 60 55 78 25 59 80 37 81 59 52 64 74 84 89 83 56 79 
58 63 11 41 54 11 28 81 95 69 8 18 12 90 1 31 17 61 33 55 62 4 70 38 74 86 94 31 63 14 64 10 13 79 25 71 0 71 28 24 54 70 69 24 47 40 67 78 27 25 18 88 2 46 59 22 18 57 
2 47 55 79 48 69 44 28 51 4 79 72 66 41 38 58 31 71 31 26 41 55 67 90 75 35 69 65 39 12 72 89 83 88 55 43 71 0 34 44 76 99 3 97 91 84 27 27 53 56 8 63 32 80 93 77 47 88 
1 33 97 46 61 24 2 73 47 59 38 92 94 8 73 97 4 50 8 84 73 2 90 55 92 45 39 39 24 43 7 47 8 58 48 6 28 34 0 71 70 56 93 99 88 86 75 16 15 57 88 2 85 76 77 91 19 63 
61 89 83 88 35 15 83 29 8 13 79 8 16 8 44 50 79 51 51 28 66 14 29 5 66 93 61 19 69 11 22 59 88 25 78 21 24 44 71 0 46 66 53 29 88 39 21 98 52 60 95 65 15 98 53 45 17 65 
82 24 87 17 33 64 95 3 86 3 34 84 52 34 25 47 60 33 51 57 23 60 20 44 86 83 98 96 70 89 65 22 9 56 41 58 54 76 70 46 0 31 83 11 46 89 79 60 98 43 65 6 91 77 56 43 21 89 
9 56 71 29 20 22 97 14 17 77 28 57 99 59 17 84 54 91 33 93 3 57 18 12 54 9 10 42 62 25 51 55 62 50 60 60 70 99 56 66 31 0 69 19 93 50 84 16 18 62 8 65 56 3 91 5 17 78 
89 66 67 46 68 47 27 42 30 97 52 52 87 8 97 42 70 21 44 9 87 82 6 30 43 31 68 96 88 48 91 1 24 53 96 55 69 3 93 53 83 69 0 69 31 53 85 37 99 60 32 36 33 51 52 6 34 1 
14 78 72 68 25 4 85 37 12 97 78 33 46 35 97 21 50 53 42 56 2 9 80 77 7 65 79 58 67 69 10 20 35 25 80 78 24 97 99 29 11 19 69 0 10 32 36 89 61 39 12 45 44 8 63 57 97 94 
48 4 49 67 84 57 31 41 62 62 31 77 64 5 42 41 75 39 70 77 73 39 11 90 10 78 64 49 20 44 93 20 95 16 90 25 47 91 88 88 46 93 31 10 0 53 25 44 52 11 95 50 19 11 62 40 7 8 
73 1 55 79 95 89 65 19 15 16 44 63 43 6 25 51 47 66 2 47 52 5 30 33 37 19 21 43 37 92 68 86 4 68 32 59 40 84 86 39 89 50 53 32 53 0 80 13 1 4 52 16 68 82 60 67 16 62 
31 78 16 47 39 81 23 98 31 75 47 52 23 62 22 5 28 81 98 50 72 71 18 51 88 39 36 53 18 14 86 28 56 74 57 80 67 27 75 21 79 84 85 36 25 80 0 65 20 45 88 62 22 1 64 95 85 2 
72 7 6 1 48 47 99 39 9 13 10 97 83 51 28 10 34 58 52 12 88 77 82 52 60 12 56 23 22 7 34 98 69 47 34 37 78 27 16 98 60 16 37 89 44 13 65 0 85 61 77 23 15 25 47 33 81 71 
4 53 18 30 6 55 53 64 41 19 68 31 41 77 47 1 73 53 31 9 78 74 47 43 9 57 29 65 78 3 72 22 16 21 39 81 27 53 15 52 98 18 99 61 52 1 20 85 0 55 25 78 90 36 58 32 40 15 
71 86 43 64 80 80 4 47 49 31 4 23 45 46 36 91 69 90 83 62 63 6 8 24 54 53 46 71 27 68 9 95 25 67 93 59 25 56 57 60 43 62 60 39 11 4 45 61 55 0 94 49 14 20 16 98 42 36 
22 71 21 76 64 72 71 90 31 60 68 6 17 97 63 22 40 20 50 75 49 80 18 90 88 84 93 62 33 94 52 19 95 95 21 52 18 8 88 95 65 8 32 12 95 52 88 77 25 94 0 26 52 35 23 34 62 79 
50 3 49 36 88 15 13 3 24 6 55 92 18 22 69 75 33 95 82 24 1 85 87 44 19 77 57 61 9 5 34 68 63 13 15 64 88 63 2 65 6 65 36 45 50 16 62 23 78 49 26 0 8 33 4 68 96 58 
58 77 23 54 33 78 40 99 67 17 98 96 89 93 63 22 98 65 83 89 43 60 62 89 22 69 52 97 9 29 62 36 27 26 10 74 2 32 85 15 91 56 33 44 19 68 22 15 90 14 52 8 0 97 47 90 22 93 
4 92 14 94 43 16 84 29 93 96 64 23 1 72 33 34 8 43 96 90 40 32 65 96 68 26 5 28 21 36 8 96 99 1 68 84 46 80 76 98 77 3 51 8 11 82 1 25 36 20 35 33 97 0 85 59 65 41 
69 22 98 34 75 26 49 79 65 97 81 77 98 93 46 39 34 48 72 83 4 91 8 29 15 70 80 1 69 83 60 30 48 98 82 89 59 93 77 53 56 91 52 63 62 60 64 47 58 16 23 4 47 85 0 79 79 63 
25 76 54 3 67 54 62 76 13 61 29 23 83 26 89 38 63 22 22 83 58 8 30 65 21 32 76 27 83 78 42 23 88 99 80 83 22 77 91 45 43 5 6 57 40 67 95 33 32 98 34 68 90 59 79 0 63 48 
44 8 85 85 89 85 71 59 18 44 38 19 72 98 43 44 15 98 19 6 44 67 56 87 86 60 32 51 55 47 28 57 36 78 4 56 18 47 19 17 21 17 34 97 7 16 85 81 40 42 62 96 22 65 79 63 0 28 
77 78 11 84 99 59 14 43 34 32 65 94 15 2 58 34 78 2 47 43 54 33 29 59 10 63 77 21 86 79 52 11 17 12 48 79 57 88 63 65 89 78 1 94 8 62 2 71 15 36 79 58 93 41 63 48 28 0 
