60
0 38 13 73 10 76 6 80 65 17 2 77 72 7 26 51 21 19 85 12 29 30 15 51 69 88 88 95 97 87 14 10 8 64 62 23 58 2 1 61 82 9 89 14 48 73 31 72 4 71 22 50 58 4 69 25 44 77 27 53 
38 0 81 42 83 16 65 69 26 99 88 8 27 26 23 10 68 24 28 38 58 84 39 9 33 35 11 24 16 88 26 72 93 75 63 47 33 89 24 56 66 78 4 1 78 7 53 86 71 3 77 92 22 76 8 78 73 76 77 44 
13 81 0 21 31 37 8 46 69 58 83 97 14 11 24 82 8 25 75 93 21 33 13 66 95 61 25 83 98 3 93 99 11 55 97 83 87 71 67 72 49 55 16 6 18 43 21 49 23 14 98 54 85 11 97 56 62 57 90 22 
73 42 21 0 97 84 26 15 14 85 44 7 78 57 60 16 25 10 67 72 54 70 37 22 41 78 92 50 48 78 41 79 46 88 17 29 46 68 67 79 47 1 30 64 76 36 54 94 34 3 85 84 49 55 33 29 56 83 32 29 
10 83 31 97 0 95 75 9 33 9 85 78 51 80 42 65 84 25 21 45 16 31 92 15 20 27 87 8 54 48 61 35 33 20 68 25 84 95 39 48 6 80 64 88 33 43 75 67 89 99 31 18 69 65 61 79 18 40 36 82 
76 16 37 84 95 0 29 23 39 42 75 78 71 26 49 51 63 45 55 1 87 17 20 10 93 52 11 69 24 15 64 22 47 4 57 89 81 47 55 80 72 15 78 16 26 54 85 59 86 30 45 38 23 92 55 77 13 60 27 77 
6 65 8 26 75 29 0 72 88 40 44 77 39 92 70 99 34 44 27 57 70 74 53 90 28 44 2 83 95 97 27 85 31 65 23 99 53 4 71 13 40 84 49 62 71 14 37 24 23 67 93 96 54 10 42 58 89 94 77 83 
80 69 46 15 9 23 72 0 12 37 17 31 85 58 36 42 82 3 86 94 37 47 81 28 73 29 3 14 42 37 41 19 98 39 64 47 90 3 99 29 79 76 59 43 27 22 59 17 93 38 12 23 7 97 15 88 76 36 64 33 
65 26 69 14 33 39 88 12 0 92 50 1 23 98 71 37 19 28 29 53 95 51 47 8 86 17 30 12 62 15 31 9 41 49 31 24 67 93 65 13 18 34 11 29 76 6 82 6 43 87 53 58 57 79 88 82 11 73 49 20 
17 99 58 85 9 42 40 37 92 0 13 26 78 17 5 89 28 51 69 4 59 13 3 77 97 97 62 16 75 13 19 31 60 6 17 96 97 61 44 32 45 25 63 80 22 20 78 34 5 40 68 35 35 43 79 83 39 49 82 6 
2 88 83 44 85 75 44 17 50 13 0 92 9 41 70 6 8 79 38 79 34 28 52 78 31 44 47 10 68 4 68 55 98 64 81 29 38 65 38 94 19 79 71 93 53 11 33 47 64 94 19 37 30 40 29 55 30 56 91 28 
77 8 97 7 78 78 77 31 1 26 92 0 61 13 18 72 92 8 84 57 52 33 77 63 52 97 31 23 6 92 96 23 77 23 19 94 30 19 53 32 50 99 84 94 46 52 87 16 72 49 29 84 28 44 20 80 71 89 87 12 
72 27 14 78 51 71 39 85 23 78 9 61 0 66 94 16 52 99 87 46 64 43 23 83 41 45 17 18 89 1 98 83 72 15 37 27 33 2 49 89 23 35 95 22 69 68 49 19 98 12 12 53 77 69 46 65 90 41 8 8 
7 26 11 57 80 26 92 58 98 17 41 13 66 0 34 59 8 35 5 6 62 51 77 46 97 22 93 72 93 26 98 2 14 39 86 28 39 85 34 2 32 39 29 76 32 52 67 68 33 75 33 98 6 1 38 73 44 25 17 97 
26 23 24 60 42 49 70 36 71 5 70 18 94 34 0 97 42 25 22 28 47 36 63 69 63 33 46 89 43 58 26 33 34 7 66 52 32 8 14 4 29 16 30 67 62 84 97 59 83 35 31 58 97 50 47 84 42 21 41 51 
51 10 82 16 65 51 99 42 37 89 6 72 16 59 97 0 5 10 1 91 22 75 22 34 39 38 44 34 96 42 72 70 71 24 87 40 32 38 39 57 88 29 37 67 11 85 1 17 31 4 79 60 54 70 50 75 47 28 34 73 
21 68 8 25 84 63 34 82 19 28 8 92 52 8 42 5 0 69 40 33 98 8 34 63 15 78 44 62 86 37 13 54 27 83 13 26 2 42 56 56 65 16 93 41 61 71 50 51 33 91 21 53 39 66 81 58 53 90 20 95 
19 24 25 10 25 45 44 3 28 51 79 8 99 35 25 10 69 0 65 43 48 22 98 2 90 39 13 19 78 78 89 91 84 40 99 16 38 97 37 99 2 33 31 8 51 51 33 44 42 70 2 98 52 31 83 50 82 83 96 72 
85 28 75 67 21 55 27 86 29 69 38 84 87 5 22 1 40 65 0 22 19 47 45 92 10 5 78 64 24 96 60 65 83 32 2 85 79 69 55 26 84 28 57 93 9 56 77 47 50 12 9 62 75 24 89 90 83 83 6 43 
12 38 93 72 45 1 57 94 53 4 79 57 46 6 28 91 33 43 22 0 47 22 52 74 43 14 19 24 46 96 53 34 55 15 58 62 41 73 66 23 3 87 2 73 52 72 88 78 63 49 1 43 40 4 58 44 54 44 75 99 
29 58 21 54 16 87 70 37 95 59 34 52 64 62 47 22 98 48 19 47 0 98 76 60 67 75 92 6 27 68 32 12 4 55 2 14 60 57 82 9 39 5 71 77 74 6 80 85 60 32 91 8 67 33 47 76 83 45 65 38 
30 84 33 70 31 17 74 47 51 13 28 33 43 51 36 75 8 22 47 22 98 0 48 74 91 85 16 66 53 70 67 90 29 20 18 6 80 11 30 18 82 47 8 18 87 62 65 8 30 56 29 44 99 56 6 51 93 64 53 35 
15 39 13 37 92 20 53 81 47 3 52 77 23 77 63 22 34 98 45 52 76 48 0 99 84 78 38 90 55 5 44 12 30 77 90 33 51 52 43 24 90 44 89 96 29 65 87 59 89 52 23 11 32 10 7 31 68 19 13 74 
51 9 66 22 15 10 90 28 8 77 78 63 83 46 69 34 63 2 92 74 60 74 99 0 75 92 66 86 54 43 7 10 37 88 60 9 54 88 19 22 68 15 21 86 10 43 67 21 17 59 78 43 36 76 29 86 35 45 93 83 
69 33 95 41 20 93 28 73 86 97 31 52 41 97 63 39 15 90 10 43 67 91 84 75 0 9 31 65 78 19 39 12 57 53 84 77 69 26 70 32 60 63 30 67 33 72 61 94 73 28 98 94 69 39 61 98 10 68 79 64 
88 35 61 78 27 52 44 29 17 97 44 97 45 22 33 38 78 39 5 14 75 85 78 92 9 0 21 36 56 29 46 93 57 52 5 80 76 32 77 53 39 84 81 75 71 27 58 31 65 39 19 96 42 96 58 49 43 53 23 65 
88 11 25 92 87 11 2 3 30 62 47 31 17 93 46 44 44 13 78 19 92 16 38 66 31 21 0 71 62 61 97 28 1 27 51 21 27 66 78 19 61 83 60 63 39 24 69 70 62 88 67 20 37 18 22 78 27 33 9 9 
95 24 83 50 8 69 83 14 12 16 10 23 18 72 89 34 62 19 64 24 6 66 90 86 65 36 71 0 21 69 83 55 86 94 75 90 24 95 91 14 12 43 11 89 25 48 69 44 92 14 7 3 68 94 5 29 36 83 78 47 
97 16 98 48 54 24 95 42 62 75 68 6 89 93 43 96 86 78 24 46 27 53 55 54 78 56 62 21 0 79 7 92 81 21 24 64 72 7 22 65 51 91 10 93 68 86 34 72 9 52 34 62 8 60 42 28 52 41 72 46 
87 88 3 78 48 15 97 37 15 13 4 92 1 26 58 42 37 78 96 96 68 70 5 43 19 29 61 69 79 0 95 10 89 47 59 22 55 1 20 20 86 28 98 22 95 19 68 36 96 30 23 57 11 43 73 32 13 83 8 88 
14 26 93 41 61 64 27 41 31 19 68 96 98 98 26 72 13 89 60 53 32 67 44 7 39 46 97 83 7 95 0 9 62 24 35 95 4 56 69 16 25 95 63 27 99 48 88 36 17 88 91 79 88 58 25 56 50 53 25 16 
10 72 99 79 35 22 85 19 9 31 55 23 83 2 33 70 54 91 65 34 12 90 12 10 12 93 28 55 92 10 9 0 68 74 47 21 67 95 13 26 1 98 99 78 12 91 25 55 48 78 41 60 96 80 90 32 57 34 39 93 
8 93 11 46 33 47 31 98 41 60 98 77 72 14 34 71 27 84 83 55 4 29 30 37 57 57 1 86 81 89 62 68 0 21 15 10 68 82 80 4 48 71 43 6 21 58 60 55 78 25 59 80 37 81 59 52 64 74 84 89 
64 75 55 88 20 4 65 39 49 6 64 23 15 39 7 24 83 40 32 15 55 20 77 88 53 52 27 94 21 47 24 74 21 0 83 56 79 71 28 24 54 70 69 24 47 40 67 78 27 25 18 88 2 46 59 22 18 57 34 44 
62 63 97 17 68 57 23 64 31 17 81 19 37 86 66 87 13 99 2 58 2 18 90 60 84 5 51 75 24 59 35 47 15 83 0 76 99 3 97 91 84 27 27 53 56 8 63 32 80 93 77 47 88 71 70 56 93 99 88 86 
23 47 83 29 25 89 99 47 24 96 29 94 27 28 52 40 26 16 85 62 14 6 33 9 77 80 21 90 64 22 95 21 10 56 76 0 75 16 15 57 88 2 85 76 77 91 19 63 46 66 53 29 88 39 21 98 52 60 95 65 
58 33 87 46 84 81 53 90 67 97 38 30 33 39 32 32 2 38 79 41 60 80 51 54 69 76 27 24 72 55 4 67 68 79 99 75 0 15 98 53 45 17 65 31 83 11 46 89 79 60 98 43 65 6 91 77 56 43 21 89 
2 89 71 68 95 47 4 3 93 61 65 19 2 85 8 38 42 97 69 73 57 11 52 88 26 32 66 95 7 1 56 95 82 71 3 16 15 0 69 19 93 50 84 16 18 62 8 65 56 3 91 5 17 78 69 31 53 85 37 99 
1 24 67 67 39 55 71 99 65 44 38 53 49 34 14 39 56 37 55 66 82 30 43 19 70 77 78 91 22 20 69 13 80 28 97 15 98 69 0 60 32 36 33 51 52 6 34 1 10 32 36 89 61 39 12 45 44 8 63 57 
61 56 72 79 48 80 13 29 13 32 94 32 89 2 4 57 56 99 26 23 9 18 24 22 32 53 19 14 65 20 16 26 4 24 91 57 53 19 60 0 97 94 53 25 44 52 11 95 50 19 11 62 40 7 8 80 13 1 4 52 
82 66 49 47 6 72 40 79 18 45 19 50 23 32 29 88 65 2 84 3 39 82 90 68 60 39 61 12 51 86 25 1 48 54 84 88 45 93 32 97 0 16 68 82 60 67 16 62 65 20 45 88 62 22 1 64 95 85 2 85 
9 78 55 1 80 15 84 76 34 25 79 99 35 39 16 29 16 33 28 87 5 47 44 15 63 84 83 43 91 28 95 98 71 70 27 2 17 50 36 94 16 0 61 77 23 15 25 47 33 81 71 55 25 78 90 36 58 32 40 15 
89 4 16 30 64 78 49 59 11 63 71 84 95 29 30 37 93 31 57 2 71 8 89 21 30 81 60 11 10 98 63 99 43 69 27 85 65 84 33 53 68 61 0 94 49 14 20 16 98 42 36 26 52 35 23 34 62 79 8 33 
14 1 6 64 88 16 62 43 29 80 93 94 22 76 67 67 41 8 93 73 77 18 96 86 67 75 63 89 93 22 27 78 6 24 53 76 31 16 51 25 82 77 94 0 4 68 96 58 97 47 90 22 93 85 59 65 41 79 79 63 
48 78 18 76 33 26 71 27 76 22 53 46 69 32 62 11 61 51 9 52 74 87 29 10 33 71 39 25 68 95 99 12 21 47 56 77 83 18 52 44 60 23 49 4 0 63 48 28 72 43 15 94 52 19 79 11 36 50 94 80 
73 7 43 36 43 54 14 22 6 20 11 52 68 52 84 85 71 51 56 72 6 62 65 43 72 27 24 48 86 19 48 91 58 40 8 91 11 62 6 52 67 15 14 68 63 0 90 5 6 87 30 54 81 73 30 39 79 55 43 65 
31 53 21 54 75 85 37 59 82 78 33 87 49 67 97 1 50 33 77 88 80 65 87 67 61 58 69 69 34 68 88 25 60 67 63 19 46 8 34 11 16 25 20 96 48 90 0 69 45 85 74 51 81 51 36 73 16 40 3 36 
72 86 49 94 67 59 24 17 6 34 47 16 19 68 59 17 51 44 47 78 85 8 59 21 94 31 70 44 72 36 36 55 55 78 32 63 89 65 1 95 62 47 16 58 28 5 69 0 98 80 16 16 95 67 35 84 94 19 75 19 
4 71 23 34 89 86 23 93 43 5 64 72 98 33 83 31 33 42 50 63 60 30 89 17 73 65 62 92 9 96 17 48 78 27 80 46 79 56 10 50 65 33 98 97 72 6 45 98 0 26 18 50 38 21 41 53 24 19 80 52 
71 3 14 3 99 30 67 38 87 40 94 49 12 75 35 4 91 70 12 49 32 56 52 59 28 39 88 14 52 30 88 78 25 25 93 66 60 3 32 19 20 81 42 47 43 87 85 80 26 0 33 38 31 41 51 74 69 81 16 64 
22 77 98 85 31 45 93 12 53 68 19 29 12 33 31 79 21 2 9 1 91 29 23 78 98 19 67 7 34 23 91 41 59 18 77 53 98 91 36 11 45 71 36 90 15 30 74 16 18 33 0 65 92 21 55 24 7 25 1 49 
50 92 54 84 18 38 96 23 58 35 37 84 53 98 58 60 53 98 62 43 8 44 11 43 94 96 20 3 62 57 79 60 80 88 47 29 43 5 89 62 88 55 26 22 94 54 51 16 50 38 65 0 81 29 89 2 74 22 1 77 
58 22 85 49 69 23 54 7 57 35 30 28 77 6 97 54 39 52 75 40 67 99 32 36 69 42 37 68 8 11 88 96 37 2 88 88 65 17 61 40 62 25 52 93 52 81 81 95 38 31 92 81 0 33 41 82 84 31 88 54 
4 76 11 55 65 92 10 97 79 43 40 44 69 1 50 70 66 31 24 4 33 56 10 76 39 96 18 94 60 43 58 80 81 46 71 39 6 78 39 7 22 78 35 85 19 73 51 67 21 41 21 29 33 0 34 83 23 4 35 50 
69 8 97 33 61 55 42 15 88 79 29 20 46 38 47 50 81 83 89 58 47 6 7 29 61 58 22 5 42 73 25 90 59 59 70 21 91 69 12 8 1 90 23 59 79 30 36 35 41 51 55 89 41 34 0 89 71 38 34 13 
25 78 56 29 79 77 58 88 82 83 55 80 65 73 84 75 58 50 90 44 76 51 31 86 98 49 78 29 28 32 56 32 52 22 56 98 77 31 45 80 64 36 34 65 11 39 73 84 53 74 24 2 82 83 89 0 38 80 66 7 
44 73 62 56 18 13 89 76 11 39 30 71 90 44 42 47 53 82 83 54 83 93 68 35 10 43 27 36 52 13 50 57 64 18 93 52 56 53 44 13 95 58 62 41 36 79 16 94 24 69 7 74 84 23 71 38 0 80 93 4 
77 76 57 83 40 60 94 36 73 49 56 89 41 25 21 28 90 83 83 44 45 64 19 45 68 53 33 83 41 83 53 34 74 57 99 60 43 85 8 1 85 32 79 79 50 55 40 19 19 81 25 22 31 4 38 80 80 0 33 86 
27 77 90 32 36 27 77 64 49 82 91 87 8 17 41 34 20 96 6 75 65 53 13 93 79 23 9 78 72 8 25 39 84 34 88 95 21 37 63 4 2 40 8 79 94 43 3 75 80 16 1 1 88 35 34 66 93 33 0 45 
53 44 22 29 82 77 83 33 20 6 28 12 8 97 51 73 95 72 43 99 38 35 74 83 64 65 9 47 46 88 16 93 89 44 86 65 89 99 57 52 85 15 33 63 80 65 36 19 52 64 49 77 54 50 13 7 4 86 45 0 
