62
0 38 13 73 10 76 6 80 65 17 2 77 72 7 26 51 21 19 85 12 29 30 15 51 69 88 88 95 97 87 14 10 8 64 62 23 58 2 1 61 82 9 89 14 48 73 31 72 4 71 22 50 58 4 69 25 44 77 27 53 81 42 
38 0 83 16 65 69 26 99 88 8 27 26 23 10 68 24 28 38 58 84 39 9 33 35 11 24 16 88 26 72 93 75 63 47 33 89 24 56 66 78 4 1 78 7 53 86 71 3 77 92 22 76 8 78 73 76 77 44 21 31 37 8 
13 83 0 46 69 58 83 97 14 11 24 82 8 25 75 93 21 33 13 66 95 61 25 83 98 3 93 99 11 55 97 83 87 71 67 72 49 55 16 6 18 43 21 49 23 14 98 54 85 11 97 56 62 57 90 22 97 84 26 15 14 85 
73 16 46 0 44 7 78 57 60 16 25 10 67 72 54 70 37 22 41 78 92 50 48 78 41 79 46 88 17 29 46 68 67 79 47 1 30 64 76 36 54 94 34 3 85 84 49 55 33 29 56 83 32 29 95 75 9 33 9 85 78 51 
10 65 69 44 0 80 42 65 84 25 21 45 16 31 92 15 20 27 87 8 54 48 61 35 33 20 68 25 84 95 39 48 6 80 64 88 33 43 75 67 89 99 31 18 69 65 61 79 18 40 36 82 29 23 39 42 75 78 71 26 49 51 
76 69 58 7 80 0 63 45 55 1 87 17 20 10 93 52 11 69 24 15 64 22 47 4 57 89 81 47 55 80 72 15 78 16 26 54 85 59 86 30 45 38 23 92 55 77 13 60 27 77 72 88 40 44 77 39 92 70 99 34 44 27 
6 26 83 78 42 63 0 57 70 74 53 90 28 44 2 83 95 97 27 85 31 65 23 99 53 4 71 13 40 84 49 62 71 14 37 24 23 67 93 96 54 10 42 58 89 94 77 83 12 37 17 31 85 58 36 42 82 3 86 94 37 47 
80 99 97 57 65 45 57 0 81 28 73 29 3 14 42 37 41 19 98 39 64 47 90 3 99 29 79 76 59 43 27 22 59 17 93 38 12 23 7 97 15 88 76 36 64 33 92 50 1 23 98 71 37 19 28 29 53 95 51 47 8 86 
65 88 14 60 84 55 70 81 0 17 30 12 62 15 31 9 41 49 31 24 67 93 65 13 18 34 11 29 76 6 82 6 43 87 53 58 57 79 88 82 11 73 49 20 13 26 78 17 5 89 28 51 69 4 59 13 3 77 97 97 62 16 
17 8 11 16 25 1 74 28 17 0 75 13 19 31 60 6 17 96 97 61 44 32 45 25 63 80 22 20 78 34 5 40 68 35 35 43 79 83 39 49 82 6 92 9 41 70 6 8 79 38 79 34 28 52 78 31 44 47 10 68 4 68 
2 27 24 25 21 87 53 73 30 75 0 55 98 64 81 29 38 65 38 94 19 79 71 93 53 11 33 47 64 94 19 37 30 40 29 55 30 56 91 28 61 13 18 72 92 8 84 57 52 33 77 63 52 97 31 23 6 92 96 23 77 23 
77 26 82 10 45 17 90 29 12 13 55 0 19 94 30 19 53 32 50 99 84 94 46 52 87 16 72 49 29 84 28 44 20 80 71 89 87 12 66 94 16 52 99 87 46 64 43 23 83 41 45 17 18 89 1 98 83 72 15 37 27 33 
72 23 8 67 16 20 28 3 62 19 98 19 0 2 49 89 23 35 95 22 69 68 49 19 98 12 12 53 77 69 46 65 90 41 8 8 34 59 8 35 5 6 62 51 77 46 97 22 93 72 93 26 98 2 14 39 86 28 39 85 34 2 
7 10 25 72 31 10 44 14 15 31 64 94 2 0 32 39 29 76 32 52 67 68 33 75 33 98 6 1 38 73 44 25 17 97 97 42 25 22 28 47 36 63 69 63 33 46 89 43 58 26 33 34 7 66 52 32 8 14 4 29 16 30 
26 68 75 54 92 93 2 42 31 60 81 30 49 32 0 67 62 84 97 59 83 35 31 58 97 50 47 84 42 21 41 51 5 10 1 91 22 75 22 34 39 38 44 34 96 42 72 70 71 24 87 40 32 38 39 57 88 29 37 67 11 85 
51 24 93 70 15 52 83 37 9 6 29 19 89 39 67 0 1 17 31 4 79 60 54 70 50 75 47 28 34 73 69 40 33 98 8 34 63 15 78 44 62 86 37 13 54 27 83 13 26 2 42 56 56 65 16 93 41 61 71 50 51 33 
21 28 21 37 20 11 95 41 41 17 38 53 23 29 62 1 0 91 21 53 39 66 81 58 53 90 20 95 65 43 48 22 98 2 90 39 13 19 78 78 89 91 84 40 99 16 38 97 37 99 2 33 31 8 51 51 33 44 42 70 2 98 
19 38 33 22 27 69 97 19 49 96 65 32 35 76 84 17 91 0 52 31 83 50 82 83 96 72 22 19 47 45 92 10 5 78 64 24 96 60 65 83 32 2 85 79 69 55 26 84 28 57 93 9 56 77 47 50 12 9 62 75 24 89 
85 58 13 41 87 24 27 98 31 97 38 50 95 32 97 31 21 52 0 90 83 83 6 43 47 22 52 74 43 14 19 24 46 96 53 34 55 15 58 62 41 73 66 23 3 87 2 73 52 72 88 78 63 49 1 43 40 4 58 44 54 44 
12 84 66 78 8 15 85 39 24 61 94 99 22 52 59 4 53 31 90 0 75 99 98 76 60 67 75 92 6 27 68 32 12 4 55 2 14 60 57 82 9 39 5 71 77 74 6 80 85 60 32 91 8 67 33 47 76 83 45 65 38 48 
29 39 95 92 54 64 31 64 67 44 19 84 69 67 83 79 39 83 83 75 0 74 91 85 16 66 53 70 67 90 29 20 18 6 80 11 30 18 82 47 8 18 87 62 65 8 30 56 29 44 99 56 6 51 93 64 53 35 99 84 78 38 
30 9 61 50 48 22 65 47 93 32 79 94 68 68 35 60 66 50 83 99 74 0 90 55 5 44 12 30 77 90 33 51 52 43 24 90 44 89 96 29 65 87 59 89 52 23 11 32 10 7 31 68 19 13 74 75 92 66 86 54 43 7 
15 33 25 48 61 47 23 90 65 45 71 46 49 33 31 54 81 82 6 98 91 90 0 10 37 88 60 9 54 88 19 22 68 15 21 86 10 43 67 21 17 59 78 43 36 76 29 86 35 45 93 83 9 31 65 78 19 39 12 57 53 84 
51 35 83 78 35 4 99 3 13 25 93 52 19 75 58 70 58 83 43 76 85 55 10 0 77 69 26 70 32 60 63 30 67 33 72 61 94 73 28 98 94 69 39 61 98 10 68 79 64 21 36 56 29 46 93 57 52 5 80 76 32 77 
69 11 98 41 33 57 53 99 18 63 53 87 98 33 97 50 53 96 47 60 16 5 37 77 0 53 39 84 81 75 71 27 58 31 65 39 19 96 42 96 58 49 43 53 23 65 71 62 61 97 28 1 27 51 21 27 66 78 19 61 83 60 
88 24 3 79 20 89 4 29 34 80 11 16 12 98 50 75 90 72 22 67 66 44 88 69 53 0 63 39 24 69 70 62 88 67 20 37 18 22 78 27 33 9 9 21 69 83 55 86 94 75 90 24 95 91 14 12 43 11 89 25 48 69 
88 16 93 46 68 81 71 79 11 22 33 72 12 6 47 47 20 22 52 75 53 12 60 26 39 63 0 44 92 14 7 3 68 94 5 29 36 83 78 47 79 7 92 81 21 24 64 72 7 22 65 51 91 10 93 68 86 34 72 9 52 34 
95 88 99 88 25 47 13 76 29 20 47 49 53 1 84 28 95 19 74 92 70 30 9 70 84 39 44 0 62 8 60 42 28 52 41 72 46 95 10 89 47 59 22 55 1 20 20 86 28 98 22 95 19 68 36 96 30 23 57 11 43 73 
97 26 11 17 84 55 40 59 76 78 64 29 77 38 42 34 65 47 43 6 67 77 54 32 81 24 92 62 0 32 13 83 8 88 9 62 24 35 95 4 56 69 16 25 95 63 27 99 48 88 36 17 88 91 79 88 58 25 56 50 53 25 
87 72 55 29 95 80 84 43 6 34 94 84 69 73 21 73 43 45 14 27 90 90 88 60 75 69 14 8 32 0 16 68 74 47 21 67 95 13 26 1 98 99 78 12 91 25 55 48 78 41 60 96 80 90 32 57 34 39 93 21 15 10 
14 93 97 46 39 72 49 27 82 5 19 28 46 44 41 69 48 92 19 68 29 33 19 63 71 70 7 60 13 16 0 68 82 80 4 48 71 43 6 21 58 60 55 78 25 59 80 37 81 59 52 64 74 84 89 83 56 79 71 28 24 54 
10 75 83 68 48 15 62 22 6 40 37 44 65 25 51 40 22 10 24 32 20 51 22 30 27 62 3 42 83 68 68 0 70 69 24 47 40 67 78 27 25 18 88 2 46 59 22 18 57 34 44 76 99 3 97 91 84 27 27 53 56 8 
8 63 87 67 6 78 71 59 43 68 30 20 90 17 5 33 98 5 46 12 18 52 68 67 58 88 68 28 8 74 82 70 0 63 32 80 93 77 47 88 71 70 56 93 99 88 86 75 16 15 57 88 2 85 76 77 91 19 63 46 66 53 
64 47 71 79 80 16 14 17 87 35 40 80 41 97 10 98 2 78 96 4 6 43 15 33 31 67 94 52 88 47 80 69 63 0 29 88 39 21 98 52 60 95 65 15 98 53 45 17 65 31 83 11 46 89 79 60 98 43 65 6 91 77 
62 33 67 47 64 26 37 93 53 35 29 71 8 97 1 8 90 64 53 55 80 24 21 72 65 20 5 41 9 21 4 24 32 29 0 56 43 21 89 69 19 93 50 84 16 18 62 8 65 56 3 91 5 17 78 69 31 53 85 37 99 60 
23 89 72 1 88 54 24 38 58 43 55 89 8 42 91 34 39 24 34 2 11 90 86 61 39 37 29 72 62 67 48 47 80 88 56 0 32 36 33 51 52 6 34 1 10 32 36 89 61 39 12 45 44 8 63 57 97 94 53 25 44 52 
58 24 49 30 33 85 23 12 57 79 30 87 34 25 22 63 13 96 55 14 30 44 10 94 19 18 36 46 24 95 71 40 93 39 43 32 0 11 95 50 19 11 62 40 7 8 80 13 1 4 52 16 68 82 60 67 16 62 65 20 45 88 
2 56 55 64 43 59 67 23 79 83 56 12 59 22 75 15 19 60 15 60 18 89 43 73 96 22 83 95 35 13 43 67 77 21 21 36 11 0 62 22 1 64 95 85 2 85 61 77 23 15 25 47 33 81 71 55 25 78 90 36 58 32 
1 66 16 76 75 86 93 7 88 39 91 66 8 28 22 78 78 65 58 57 82 96 67 28 42 78 78 10 95 26 6 78 47 98 89 33 95 62 0 40 15 94 49 14 20 16 98 42 36 26 52 35 23 34 62 79 8 33 4 68 96 58 
61 78 6 36 67 30 96 97 82 49 28 94 35 47 34 44 78 83 62 82 47 29 21 98 96 27 47 89 4 1 21 27 88 52 69 51 50 22 40 0 97 47 90 22 93 85 59 65 41 79 79 63 63 48 28 72 43 15 94 52 19 79 
82 4 18 54 89 45 54 15 11 82 61 16 5 36 39 62 89 32 41 9 8 65 17 94 58 33 79 47 56 98 58 25 71 60 19 52 19 1 15 97 0 11 36 50 94 80 90 5 6 87 30 54 81 73 30 39 79 55 43 65 69 45 
9 1 43 94 99 38 10 88 73 6 13 52 6 63 38 86 91 2 73 39 18 87 59 69 49 9 7 59 69 99 60 18 70 95 93 6 11 64 94 47 11 0 85 74 51 81 51 36 73 16 40 3 36 98 80 16 16 95 67 35 84 94 
89 78 21 34 31 23 42 76 49 92 18 99 62 69 44 37 84 85 66 5 87 59 78 39 43 9 92 22 16 78 55 88 56 65 50 34 62 95 49 90 36 85 0 19 75 19 26 18 50 38 21 41 53 24 19 80 52 33 38 31 41 51 
14 7 49 3 18 92 58 36 20 9 72 87 51 63 34 13 40 79 23 71 62 89 43 61 53 21 81 55 25 12 78 2 93 15 84 1 40 85 14 22 50 74 19 0 74 69 81 16 64 65 92 21 55 24 7 25 1 49 81 29 89 2 
48 53 23 85 69 55 89 64 13 41 92 46 77 33 96 54 99 69 3 77 65 52 36 98 23 69 21 1 95 91 25 46 99 98 16 10 7 2 20 93 94 51 75 74 0 74 22 1 77 33 41 82 84 31 88 54 34 83 23 4 35 50 
73 86 14 84 65 77 94 33 26 70 8 64 46 46 42 27 16 55 87 74 8 23 76 10 65 83 24 20 63 25 59 59 88 53 18 32 8 85 16 85 80 81 19 69 74 0 89 71 38 34 13 38 80 66 7 80 93 4 33 86 45 30 
31 71 98 49 61 13 77 92 78 6 84 43 97 89 72 83 38 26 2 6 30 11 29 68 71 55 64 20 27 55 80 22 86 45 62 36 80 61 98 59 90 51 26 81 22 89 0 47 68 67 29 58 85 44 95 94 21 53 32 26 64 53 
72 3 54 55 79 60 83 50 17 8 57 23 22 43 70 13 97 84 73 80 56 32 86 79 62 86 72 86 99 48 37 18 75 17 8 89 13 77 42 65 5 36 18 16 1 71 47 0 60 18 23 55 14 31 24 51 22 72 4 24 13 78 
4 77 85 33 18 27 12 1 5 79 52 83 93 58 71 26 37 28 52 85 29 10 35 64 61 94 7 28 48 78 81 57 16 65 65 61 1 23 36 41 6 73 50 64 77 38 68 60 0 8 53 31 27 9 97 85 82 74 40 57 61 26 
71 92 11 29 40 77 37 23 89 38 33 41 72 26 24 2 99 57 72 60 44 7 45 21 97 75 22 98 88 41 59 34 15 31 56 39 4 15 26 79 87 16 38 65 33 34 67 18 8 0 66 96 28 19 87 2 35 3 18 86 12 94 
22 22 97 56 36 72 17 98 28 79 77 45 93 33 87 42 2 93 88 32 99 31 93 36 28 90 65 22 36 60 52 44 57 83 3 12 52 25 52 79 30 40 21 92 41 13 29 23 53 66 0 54 60 83 12 84 4 84 1 94 86 52 
50 76 56 83 82 88 31 71 51 34 63 17 26 34 40 56 33 9 78 91 56 68 83 56 1 24 51 95 17 96 64 76 88 11 91 45 16 47 35 63 54 3 41 21 82 38 58 55 31 96 54 0 92 33 87 85 82 6 12 70 10 47 
58 8 62 32 29 40 85 37 69 28 52 18 98 7 32 56 31 56 63 8 6 19 9 29 27 95 91 19 88 80 74 99 2 46 5 44 68 33 23 63 81 36 53 55 84 80 85 14 27 28 60 92 0 75 94 33 39 43 64 24 41 64 
4 78 57 29 23 44 58 19 4 52 97 89 2 66 38 65 8 77 49 67 51 13 31 46 51 91 10 68 91 90 84 3 85 89 17 8 82 81 34 48 73 98 24 24 31 66 44 31 9 19 83 33 75 0 64 32 19 41 6 93 80 83 
69 73 90 95 39 77 36 28 59 78 31 1 14 52 39 16 51 47 1 33 93 74 65 93 21 14 93 36 79 32 89 97 76 79 78 63 60 71 62 28 30 80 19 7 88 7 95 24 97 87 12 87 94 64 0 75 41 26 69 50 83 87 
25 76 22 75 42 39 42 29 13 31 23 98 39 32 57 93 51 50 43 47 64 75 78 57 27 12 68 96 88 57 83 91 77 60 69 57 67 55 79 72 39 16 80 25 54 80 94 51 85 2 84 85 33 32 75 0 47 14 22 81 82 95 
44 77 97 9 75 92 82 53 3 44 6 83 86 8 88 41 33 12 40 76 53 92 19 52 66 43 86 30 58 34 56 84 91 98 31 97 16 25 8 43 79 16 52 1 34 93 21 22 82 35 4 82 39 19 41 47 0 50 52 15 31 11 
77 44 84 33 78 70 3 95 77 47 92 72 28 14 29 61 44 9 4 83 35 66 39 5 78 11 34 23 25 39 79 27 19 43 53 94 62 78 33 15 55 95 33 49 83 4 53 72 74 3 84 6 43 41 26 14 50 0 86 5 8 55 
27 21 26 9 71 99 86 51 97 10 96 15 39 4 37 71 42 62 58 45 99 86 12 80 19 89 72 57 56 93 71 27 63 65 85 53 65 90 4 94 43 67 38 81 23 33 32 4 40 18 1 12 64 6 69 22 52 86 0 60 85 99 
53 31 15 85 26 34 94 47 97 68 23 37 85 29 67 50 70 75 44 65 84 54 57 76 61 25 9 11 50 21 28 53 46 6 37 25 20 36 68 52 65 35 31 29 4 86 26 24 57 86 94 70 24 93 50 81 15 5 60 0 42 36 
81 37 14 78 49 44 37 8 62 4 77 27 34 16 11 51 2 24 54 38 78 43 53 32 83 48 52 43 53 15 24 56 66 91 99 44 45 58 96 19 69 84 41 89 35 45 64 13 61 12 86 10 41 80 83 82 31 8 85 42 0 57 
42 8 85 51 51 27 47 86 16 68 23 33 2 30 85 33 98 89 44 48 38 7 84 77 60 69 34 73 25 10 54 8 53 77 60 52 88 32 58 79 45 94 51 2 50 30 53 78 26 94 52 47 64 83 87 95 11 55 99 36 57 0 
