64
0 38 13 73 10 76 6 80 65 17 2 77 72 7 26 51 21 19 85 12 29 30 15 51 69 88 88 95 97 87 14 10 8 64 62 23 58 2 1 61 82 9 89 14 48 73 31 72 4 71 22 50 58 4 69 25 44 77 27 53 81 42 83 16 
38 0 65 69 26 99 88 8 27 26 23 10 68 24 28 38 58 84 39 9 33 35 11 24 16 88 26 72 93 75 63 47 33 89 24 56 66 78 4 1 78 7 53 86 71 3 77 92 22 76 8 78 73 76 77 44 21 31 37 8 46 69 58 83 
13 65 0 97 14 11 24 82 8 25 75 93 21 33 13 66 95 61 25 83 98 3 93 99 11 55 97 83 87 71 67 72 49 55 16 6 18 43 21 49 23 14 98 54 85 11 97 56 62 57 90 22 97 84 26 15 14 85 44 7 78 57 60 16 
73 69 97 0 25 10 67 72 54 70 37 22 41 78 92 50 48 78 41 79 46 88 17 29 46 68 67 79 47 1 30 64 76 36 54 94 34 3 85 84 49 55 33 29 56 83 32 29 95 75 9 33 9 85 78 51 80 42 65 84 25 21 45 16 
10 26 14 25 0 31 92 15 20 27 87 8 54 48 61 35 33 20 68 25 84 95 39 48 6 80 64 88 33 43 75 67 89 99 31 18 69 65 61 79 18 40 36 82 29 23 39 42 75 78 71 26 49 51 63 45 55 1 87 17 20 10 93 52 
76 99 11 10 31 0 11 69 24 15 64 22 47 4 57 89 81 47 55 80 72 15 78 16 26 54 85 59 86 30 45 38 23 92 55 77 13 60 27 77 72 88 40 44 77 39 92 70 99 34 44 27 57 70 74 53 90 28 44 2 83 95 97 27 
6 88 24 67 92 11 0 85 31 65 23 99 53 4 71 13 40 84 49 62 71 14 37 24 23 67 93 96 54 10 42 58 89 94 77 83 12 37 17 31 85 58 36 42 82 3 86 94 37 47 81 28 73 29 3 14 42 37 41 19 98 39 64 47 
80 8 82 72 15 69 85 0 90 3 99 29 79 76 59 43 27 22 59 17 93 38 12 23 7 97 15 88 76 36 64 33 92 50 1 23 98 71 37 19 28 29 53 95 51 47 8 86 17 30 12 62 15 31 9 41 49 31 24 67 93 65 13 18 
65 27 8 54 20 24 31 90 0 34 11 29 76 6 82 6 43 87 53 58 57 79 88 82 11 73 49 20 13 26 78 17 5 89 28 51 69 4 59 13 3 77 97 97 62 16 75 13 19 31 60 6 17 96 97 61 44 32 45 25 63 80 22 20 
17 26 25 70 27 15 65 3 34 0 78 34 5 40 68 35 35 43 79 83 39 49 82 6 92 9 41 70 6 8 79 38 79 34 28 52 78 31 44 47 10 68 4 68 55 98 64 81 29 38 65 38 94 19 79 71 93 53 11 33 47 64 94 19 
2 23 75 37 87 64 23 99 11 78 0 37 30 40 29 55 30 56 91 28 61 13 18 72 92 8 84 57 52 33 77 63 52 97 31 23 6 92 96 23 77 23 19 94 30 19 53 32 50 99 84 94 46 52 87 16 72 49 29 84 28 44 20 80 
77 10 93 22 8 22 99 29 29 34 37 0 71 89 87 12 66 94 16 52 99 87 46 64 43 23 83 41 45 17 18 89 1 98 83 72 15 37 27 33 2 49 89 23 35 95 22 69 68 49 19 98 12 12 53 77 69 46 65 90 41 8 8 34 
72 68 21 41 54 47 53 79 76 5 30 71 0 59 8 35 5 6 62 51 77 46 97 22 93 72 93 26 98 2 14 39 86 28 39 85 34 2 32 39 29 76 32 52 67 68 33 75 33 98 6 1 38 73 44 25 17 97 97 42 25 22 28 47 
7 24 33 78 48 4 4 76 6 40 40 89 59 0 36 63 69 63 33 46 89 43 58 26 33 34 7 66 52 32 8 14 4 29 16 30 67 62 84 97 59 83 35 31 58 97 50 47 84 42 21 41 51 5 10 1 91 22 75 22 34 39 38 44 
26 28 13 92 61 57 71 59 82 68 29 87 8 36 0 34 96 42 72 70 71 24 87 40 32 38 39 57 88 29 37 67 11 85 1 17 31 4 79 60 54 70 50 75 47 28 34 73 69 40 33 98 8 34 63 15 78 44 62 86 37 13 54 27 
51 38 66 50 35 89 13 43 6 35 55 12 35 63 34 0 83 13 26 2 42 56 56 65 16 93 41 61 71 50 51 33 91 21 53 39 66 81 58 53 90 20 95 65 43 48 22 98 2 90 39 13 19 78 78 89 91 84 40 99 16 38 97 37 
21 58 95 48 33 81 40 27 43 35 30 66 5 69 96 83 0 99 2 33 31 8 51 51 33 44 42 70 2 98 52 31 83 50 82 83 96 72 22 19 47 45 92 10 5 78 64 24 96 60 65 83 32 2 85 79 69 55 26 84 28 57 93 9 
19 84 61 78 20 47 84 22 87 43 56 94 6 63 42 13 99 0 56 77 47 50 12 9 62 75 24 89 90 83 83 6 43 47 22 52 74 43 14 19 24 46 96 53 34 55 15 58 62 41 73 66 23 3 87 2 73 52 72 88 78 63 49 1 
85 39 25 41 68 55 49 59 53 79 91 16 62 33 72 26 2 56 0 43 40 4 58 44 54 44 75 99 98 76 60 67 75 92 6 27 68 32 12 4 55 2 14 60 57 82 9 39 5 71 77 74 6 80 85 60 32 91 8 67 33 47 76 83 
12 9 83 79 25 80 62 17 58 83 28 52 51 46 70 2 33 77 43 0 45 65 38 48 74 91 85 16 66 53 70 67 90 29 20 18 6 80 11 30 18 82 47 8 18 87 62 65 8 30 56 29 44 99 56 6 51 93 64 53 35 99 84 78 
29 33 98 46 84 72 71 93 57 39 61 99 77 89 71 42 31 47 40 45 0 38 90 55 5 44 12 30 77 90 33 51 52 43 24 90 44 89 96 29 65 87 59 89 52 23 11 32 10 7 31 68 19 13 74 75 92 66 86 54 43 7 10 37 
30 35 3 88 95 15 14 38 79 49 13 87 46 43 24 56 8 50 4 65 38 0 88 60 9 54 88 19 22 68 15 21 86 10 43 67 21 17 59 78 43 36 76 29 86 35 45 93 83 9 31 65 78 19 39 12 57 53 84 77 69 26 70 32 
15 11 93 17 39 78 37 12 88 82 18 46 97 58 87 56 51 12 58 38 90 88 0 60 63 30 67 33 72 61 94 73 28 98 94 69 39 61 98 10 68 79 64 21 36 56 29 46 93 57 52 5 80 76 32 77 53 39 84 81 75 71 27 58 
51 24 99 29 48 16 24 23 82 6 72 64 22 26 40 65 51 9 44 48 55 60 60 0 31 65 39 19 96 42 96 58 49 43 53 23 65 71 62 61 97 28 1 27 51 21 27 66 78 19 61 83 60 63 39 24 69 70 62 88 67 20 37 18 
69 16 11 46 6 26 23 7 11 92 92 43 93 33 32 16 33 62 54 74 5 9 63 31 0 22 78 27 33 9 9 21 69 83 55 86 94 75 90 24 95 91 14 12 43 11 89 25 48 69 44 92 14 7 3 68 94 5 29 36 83 78 47 79 
88 88 55 68 80 54 67 97 73 9 8 23 72 34 38 93 44 75 44 91 44 54 30 65 22 0 7 92 81 21 24 64 72 7 22 65 51 91 10 93 68 86 34 72 9 52 34 62 8 60 42 28 52 41 72 46 95 10 89 47 59 22 55 1 
88 26 97 67 64 85 93 15 49 41 84 83 93 7 39 41 42 24 75 85 12 88 67 39 78 7 0 20 20 86 28 98 22 95 19 68 36 96 30 23 57 11 43 73 32 13 83 8 88 9 62 24 35 95 4 56 69 16 25 95 63 27 99 48 
95 72 83 79 88 59 96 88 20 70 57 41 26 66 57 61 70 89 99 16 30 19 33 19 27 92 20 0 88 36 17 88 91 79 88 58 25 56 50 53 25 16 68 74 47 21 67 95 13 26 1 98 99 78 12 91 25 55 48 78 41 60 96 80 
97 93 87 47 33 86 54 76 13 6 52 45 98 52 88 71 2 90 98 66 77 22 72 96 33 81 20 88 0 90 32 57 34 39 93 21 15 10 68 82 80 4 48 71 43 6 21 58 60 55 78 25 59 80 37 81 59 52 64 74 84 89 83 56 
87 75 71 1 43 30 10 36 26 8 33 17 2 32 29 50 98 83 76 53 90 68 61 42 9 21 86 36 90 0 79 71 28 24 54 70 69 24 47 40 67 78 27 25 18 88 2 46 59 22 18 57 34 44 76 99 3 97 91 84 27 27 53 56 
14 63 67 30 75 45 42 64 78 79 77 18 14 8 37 51 52 83 60 70 33 15 94 96 9 24 28 17 32 79 0 8 63 32 80 93 77 47 88 71 70 56 93 99 88 86 75 16 15 57 88 2 85 76 77 91 19 63 46 66 53 29 88 39 
10 47 72 64 67 38 58 33 17 38 63 89 39 14 67 33 31 6 67 67 51 21 73 58 21 64 98 88 57 71 8 0 21 98 52 60 95 65 15 98 53 45 17 65 31 83 11 46 89 79 60 98 43 65 6 91 77 56 43 21 89 69 19 93 
8 33 49 76 89 23 89 92 5 79 52 1 86 4 11 91 83 43 75 90 52 86 28 49 69 72 22 91 34 28 63 21 0 50 84 16 18 62 8 65 56 3 91 5 17 78 69 31 53 85 37 99 60 32 36 33 51 52 6 34 1 10 32 36 
64 89 55 36 99 92 94 50 89 34 97 98 28 29 85 21 50 47 92 29 43 10 98 43 83 7 95 79 39 24 32 98 50 0 89 61 39 12 45 44 8 63 57 97 94 53 25 44 52 11 95 50 19 11 62 40 7 8 80 13 1 4 52 16 
62 24 16 54 31 55 77 1 28 28 31 83 39 16 1 53 82 22 6 20 24 43 94 53 55 22 19 88 93 54 80 52 84 89 0 68 82 60 67 16 62 65 20 45 88 62 22 1 64 95 85 2 85 61 77 23 15 25 47 33 81 71 55 25 
23 56 6 94 18 77 83 23 51 52 23 72 85 30 17 39 83 52 27 18 90 67 69 23 86 65 68 58 21 70 93 60 16 61 68 0 78 90 36 58 32 40 15 94 49 14 20 16 98 42 36 26 52 35 23 34 62 79 8 33 4 68 96 58 
58 66 18 34 69 13 12 98 69 78 6 15 34 67 31 66 96 74 68 6 44 21 39 65 94 51 36 25 15 69 77 95 18 39 82 78 0 97 47 90 22 93 85 59 65 41 79 79 63 63 48 28 72 43 15 94 52 19 79 11 36 50 94 80 
2 78 43 3 65 60 37 71 4 31 92 37 2 62 4 81 72 43 32 80 89 17 61 71 75 91 96 56 10 24 47 65 62 12 60 90 97 0 90 5 6 87 30 54 81 73 30 39 79 55 43 65 69 45 85 74 51 81 51 36 73 16 40 3 
1 4 21 85 61 27 17 37 59 44 96 27 32 84 79 58 22 14 12 11 96 59 98 62 90 10 30 50 68 47 88 15 8 45 67 36 47 90 0 36 98 80 16 16 95 67 35 84 94 19 75 19 26 18 50 38 21 41 53 24 19 80 52 33 
61 1 49 84 79 77 31 19 13 47 23 33 39 97 60 53 19 19 4 30 29 78 10 61 24 93 23 53 82 40 71 98 65 44 16 58 90 5 36 0 38 31 41 51 74 69 81 16 64 65 92 21 55 24 7 25 1 49 81 29 89 2 74 22 
82 78 23 49 18 72 85 28 3 10 77 2 29 59 54 90 47 24 55 18 65 43 68 97 95 68 57 25 80 67 70 53 56 8 62 32 22 6 98 38 0 1 77 33 41 82 84 31 88 54 34 83 23 4 35 50 89 71 38 34 13 38 80 66 
9 7 14 55 40 88 58 29 77 68 23 49 76 83 70 20 45 46 2 82 87 36 79 28 91 86 11 16 4 78 56 45 3 63 65 40 93 87 80 31 1 0 7 80 93 4 33 86 45 30 47 68 67 29 58 85 44 95 94 21 53 32 26 64 
89 53 98 33 36 40 36 53 97 4 19 89 32 35 50 95 92 96 14 47 59 76 64 1 14 34 43 68 48 27 93 17 91 57 20 15 85 30 16 41 77 7 0 53 60 18 23 55 14 31 24 51 22 72 4 24 13 78 8 53 31 27 9 97 
14 86 54 29 82 44 42 95 97 68 94 23 52 31 75 65 10 53 60 8 89 29 21 27 12 72 73 74 71 25 99 65 5 97 45 94 59 54 16 51 33 80 53 0 85 82 74 40 57 61 26 66 96 28 19 87 2 35 3 18 86 12 94 54 
48 71 85 56 29 77 82 51 62 55 30 35 67 58 47 43 5 34 57 18 52 86 36 51 43 9 32 47 43 18 88 31 17 94 88 49 65 81 95 74 41 93 60 85 0 60 83 12 84 4 84 1 94 86 52 92 33 87 85 82 6 12 70 10 
73 3 11 83 23 39 3 47 16 98 19 95 68 97 28 48 78 55 82 87 23 35 56 21 11 52 13 21 6 88 86 83 78 53 62 14 41 73 67 69 82 4 18 82 60 0 47 75 94 33 39 43 64 24 41 64 64 32 19 41 6 93 80 83 
31 77 97 32 39 92 86 8 75 64 53 22 33 50 34 22 64 15 9 62 11 45 29 27 89 34 83 67 21 2 75 11 69 25 22 20 79 30 35 81 84 33 23 74 83 47 0 75 41 26 69 50 83 87 47 14 22 81 82 95 50 52 15 31 
72 92 56 29 42 70 94 86 13 81 32 69 75 47 73 98 24 58 39 65 32 93 46 66 25 62 8 95 58 46 16 46 31 44 1 16 79 39 84 16 31 86 55 40 12 75 75 0 11 86 5 8 55 60 85 99 42 36 57 14 12 53 67 22 
4 22 62 95 75 99 37 17 19 29 50 68 33 84 69 2 96 62 5 8 10 83 93 78 48 8 88 13 60 59 15 89 53 52 64 98 63 79 94 64 88 45 14 57 84 94 41 11 0 82 95 35 62 92 86 61 93 99 92 75 9 76 82 28 
71 76 57 75 78 34 47 30 31 38 99 49 98 42 40 90 60 41 71 30 7 9 57 19 69 60 9 26 55 22 57 79 85 11 95 42 63 55 19 65 54 30 31 61 4 33 26 86 82 0 26 87 37 15 4 93 85 73 44 9 56 18 61 33 
22 8 90 9 71 44 81 12 60 65 84 19 6 21 33 39 65 73 77 56 31 31 52 61 44 42 62 1 78 18 88 60 37 95 85 36 48 43 75 92 34 47 24 26 84 39 69 5 95 26 0 99 84 28 96 53 51 81 92 80 27 38 25 57 
50 78 22 33 26 27 28 62 6 38 94 98 1 41 98 13 83 66 74 29 68 65 5 83 92 28 24 98 25 57 2 98 99 50 2 26 28 65 19 21 83 68 51 66 1 43 50 8 35 87 99 0 41 53 39 20 45 21 64 22 66 69 93 19 
58 73 97 9 49 57 73 15 17 94 46 12 38 51 8 19 32 23 6 44 19 78 80 60 14 52 35 99 59 34 85 43 60 19 85 52 72 69 26 55 23 67 22 96 94 64 83 55 62 37 84 41 0 69 17 79 60 57 45 36 40 62 33 68 
4 76 84 85 51 70 29 31 96 19 52 12 73 5 34 78 2 3 80 99 13 19 76 63 7 41 95 78 80 44 76 65 32 11 61 35 43 45 18 24 4 29 72 28 86 24 87 60 92 15 28 53 69 0 54 63 76 9 35 34 93 26 68 2 
69 77 26 78 63 74 3 9 97 79 87 53 44 10 63 78 85 87 85 56 74 39 32 39 3 72 4 12 37 76 77 6 36 62 77 23 15 85 50 7 35 58 4 19 52 41 47 85 86 4 96 39 17 54 0 99 9 90 28 30 90 78 11 62 
25 44 15 51 45 53 14 41 61 71 16 77 25 1 15 89 79 2 60 6 75 12 77 24 68 46 56 91 81 99 91 91 33 40 23 34 94 74 38 25 50 85 24 87 92 64 14 99 61 93 53 20 79 63 99 0 17 80 75 77 98 1 31 4 
44 21 14 80 55 90 42 49 44 93 72 69 17 91 78 91 69 73 32 51 92 57 53 69 94 95 69 25 59 3 19 77 51 7 15 62 52 51 21 1 89 44 13 2 33 64 22 42 93 85 51 45 60 76 9 17 0 82 65 39 68 31 22 27 
77 31 85 42 1 28 37 31 32 53 49 46 97 22 44 84 55 52 91 93 66 53 39 70 5 10 16 55 52 97 63 56 52 8 25 79 19 81 41 49 71 95 78 35 87 32 81 36 99 73 81 21 57 9 90 80 82 0 96 11 70 34 37 10 
27 37 44 65 87 44 41 24 45 11 29 65 97 75 62 40 26 72 8 64 86 84 84 62 29 89 25 48 64 91 46 43 6 80 47 8 79 51 53 81 38 94 8 3 85 19 82 57 92 44 92 64 45 35 28 75 65 96 0 1 56 70 11 4 
53 8 7 84 17 2 19 67 25 33 84 90 42 22 86 99 84 88 67 53 54 77 81 88 36 47 95 78 74 84 66 21 34 13 33 33 11 36 24 29 34 21 53 18 82 41 95 14 75 9 80 22 36 34 30 77 39 11 1 0 40 78 38 17 
81 46 78 25 20 83 98 93 63 47 28 41 25 34 37 16 28 78 33 35 43 69 75 67 83 59 63 41 84 27 53 89 1 1 81 4 36 73 19 89 13 53 31 86 6 6 50 12 9 56 27 66 40 93 90 98 68 70 56 40 0 26 47 8 
42 69 57 21 10 95 39 65 80 64 44 8 22 39 13 38 57 63 47 99 7 26 71 20 78 22 27 60 89 27 29 69 10 4 71 68 50 16 80 2 38 32 27 12 12 93 52 53 76 18 38 69 62 26 78 1 31 34 70 78 26 0 44 1 
83 58 60 45 93 97 64 13 22 94 20 8 28 38 54 97 93 49 76 84 10 70 27 37 47 55 99 96 83 53 88 19 32 52 55 96 94 40 52 74 80 26 9 94 70 80 15 67 82 61 25 93 33 68 11 31 22 37 11 38 47 44 0 57 
16 83 16 16 52 27 47 18 20 19 80 34 47 44 27 37 9 1 83 78 37 32 58 18 79 1 48 80 56 56 39 93 36 16 25 58 80 3 33 22 66 64 97 54 10 83 31 22 28 33 57 19 68 2 62 4 27 10 4 17 8 1 57 0 
