65
0 38 13 73 10 76 6 80 65 17 2 77 72 7 26 51 21 19 85 12 29 30 15 51 69 88 88 95 97 87 14 10 8 64 62 23 58 2 1 61 82 9 89 14 48 73 31 72 4 71 22 50 58 4 69 25 44 77 27 53 81 42 83 16 65 
38 0 69 26 99 88 8 27 26 23 10 68 24 28 38 58 84 39 9 33 35 11 24 16 88 26 72 93 75 63 47 33 89 24 56 66 78 4 1 78 7 53 86 71 3 77 92 22 76 8 78 73 76 77 44 21 31 37 8 46 69 58 83 97 14 
13 69 0 11 24 82 8 25 75 93 21 33 13 66 95 61 25 83 98 3 93 99 11 55 97 83 87 71 67 72 49 55 16 6 18 43 21 49 23 14 98 54 85 11 97 56 62 57 90 22 97 84 26 15 14 85 44 7 78 57 60 16 25 10 67 
73 26 11 0 72 54 70 37 22 41 78 92 50 48 78 41 79 46 88 17 29 46 68 67 79 47 1 30 64 76 36 54 94 34 3 85 84 49 55 33 29 56 83 32 29 95 75 9 33 9 85 78 51 80 42 65 84 25 21 45 16 31 92 15 20 
10 99 24 72 0 27 87 8 54 48 61 35 33 20 68 25 84 95 39 48 6 80 64 88 33 43 75 67 89 99 31 18 69 65 61 79 18 40 36 82 29 23 39 42 75 78 71 26 49 51 63 45 55 1 87 17 20 10 93 52 11 69 24 15 64 
76 88 82 54 27 0 22 47 4 57 89 81 47 55 80 72 15 78 16 26 54 85 59 86 30 45 38 23 92 55 77 13 60 27 77 72 88 40 44 77 39 92 70 99 34 44 27 57 70 74 53 90 28 44 2 83 95 97 27 85 31 65 23 99 53 
6 8 8 70 87 22 0 4 71 13 40 84 49 62 71 14 37 24 23 67 93 96 54 10 42 58 89 94 77 83 12 37 17 31 85 58 36 42 82 3 86 94 37 47 81 28 73 29 3 14 42 37 41 19 98 39 64 47 90 3 99 29 79 76 59 
80 27 25 37 8 47 4 0 43 27 22 59 17 93 38 12 23 7 97 15 88 76 36 64 33 92 50 1 23 98 71 37 19 28 29 53 95 51 47 8 86 17 30 12 62 15 31 9 41 49 31 24 67 93 65 13 18 34 11 29 76 6 82 6 43 
65 26 75 22 54 4 71 43 0 87 53 58 57 79 88 82 11 73 49 20 13 26 78 17 5 89 28 51 69 4 59 13 3 77 97 97 62 16 75 13 19 31 60 6 17 96 97 61 44 32 45 25 63 80 22 20 78 34 5 40 68 35 35 43 79 
17 23 93 41 48 57 13 27 87 0 83 39 49 82 6 92 9 41 70 6 8 79 38 79 34 28 52 78 31 44 47 10 68 4 68 55 98 64 81 29 38 65 38 94 19 79 71 93 53 11 33 47 64 94 19 37 30 40 29 55 30 56 91 28 61 
2 10 21 78 61 89 40 22 53 83 0 13 18 72 92 8 84 57 52 33 77 63 52 97 31 23 6 92 96 23 77 23 19 94 30 19 53 32 50 99 84 94 46 52 87 16 72 49 29 84 28 44 20 80 71 89 87 12 66 94 16 52 99 87 46 
77 68 33 92 35 81 84 59 58 39 13 0 64 43 23 83 41 45 17 18 89 1 98 83 72 15 37 27 33 2 49 89 23 35 95 22 69 68 49 19 98 12 12 53 77 69 46 65 90 41 8 8 34 59 8 35 5 6 62 51 77 46 97 22 93 
72 24 13 50 33 47 49 17 57 49 18 64 0 72 93 26 98 2 14 39 86 28 39 85 34 2 32 39 29 76 32 52 67 68 33 75 33 98 6 1 38 73 44 25 17 97 97 42 25 22 28 47 36 63 69 63 33 46 89 43 58 26 33 34 7 
7 28 66 48 20 55 62 93 79 82 72 43 72 0 66 52 32 8 14 4 29 16 30 67 62 84 97 59 83 35 31 58 97 50 47 84 42 21 41 51 5 10 1 91 22 75 22 34 39 38 44 34 96 42 72 70 71 24 87 40 32 38 39 57 88 
26 38 95 78 68 80 71 38 88 6 92 23 93 66 0 29 37 67 11 85 1 17 31 4 79 60 54 70 50 75 47 28 34 73 69 40 33 98 8 34 63 15 78 44 62 86 37 13 54 27 83 13 26 2 42 56 56 65 16 93 41 61 71 50 51 
51 58 61 41 25 72 14 12 82 92 8 83 26 52 29 0 33 91 21 53 39 66 81 58 53 90 20 95 65 43 48 22 98 2 90 39 13 19 78 78 89 91 84 40 99 16 38 97 37 99 2 33 31 8 51 51 33 44 42 70 2 98 52 31 83 
21 84 25 79 84 15 37 23 11 9 84 41 98 32 37 33 0 50 82 83 96 72 22 19 47 45 92 10 5 78 64 24 96 60 65 83 32 2 85 79 69 55 26 84 28 57 93 9 56 77 47 50 12 9 62 75 24 89 90 83 83 6 43 47 22 
19 39 83 46 95 78 24 7 73 41 57 45 2 8 67 91 50 0 52 74 43 14 19 24 46 96 53 34 55 15 58 62 41 73 66 23 3 87 2 73 52 72 88 78 63 49 1 43 40 4 58 44 54 44 75 99 98 76 60 67 75 92 6 27 68 
85 9 98 88 39 16 23 97 49 70 52 17 14 14 11 21 82 52 0 32 12 4 55 2 14 60 57 82 9 39 5 71 77 74 6 80 85 60 32 91 8 67 33 47 76 83 45 65 38 48 74 91 85 16 66 53 70 67 90 29 20 18 6 80 11 
12 33 3 17 48 26 67 15 20 6 33 18 39 4 85 53 83 74 32 0 30 18 82 47 8 18 87 62 65 8 30 56 29 44 99 56 6 51 93 64 53 35 99 84 78 38 90 55 5 44 12 30 77 90 33 51 52 43 24 90 44 89 96 29 65 
29 35 93 29 6 54 93 88 13 8 77 89 86 29 1 39 96 43 12 30 0 87 59 89 52 23 11 32 10 7 31 68 19 13 74 75 92 66 86 54 43 7 10 37 88 60 9 54 88 19 22 68 15 21 86 10 43 67 21 17 59 78 43 36 76 
30 11 99 46 80 85 96 76 26 79 63 1 28 16 17 66 72 14 4 18 87 0 29 86 35 45 93 83 9 31 65 78 19 39 12 57 53 84 77 69 26 70 32 60 63 30 67 33 72 61 94 73 28 98 94 69 39 61 98 10 68 79 64 21 36 
15 24 11 68 64 59 54 36 78 38 52 98 39 30 31 81 22 19 55 82 59 29 0 56 29 46 93 57 52 5 80 76 32 77 53 39 84 81 75 71 27 58 31 65 39 19 96 42 96 58 49 43 53 23 65 71 62 61 97 28 1 27 51 21 27 
51 16 55 67 88 86 10 64 17 79 97 83 85 67 4 58 19 24 2 47 89 86 56 0 66 78 19 61 83 60 63 39 24 69 70 62 88 67 20 37 18 22 78 27 33 9 9 21 69 83 55 86 94 75 90 24 95 91 14 12 43 11 89 25 48 
69 88 97 79 33 30 42 33 5 34 31 72 34 62 79 53 47 46 14 8 52 35 29 66 0 69 44 92 14 7 3 68 94 5 29 36 83 78 47 79 7 92 81 21 24 64 72 7 22 65 51 91 10 93 68 86 34 72 9 52 34 62 8 60 42 
88 26 83 47 43 45 58 92 89 28 23 15 2 84 60 90 45 96 60 18 23 45 46 78 69 0 28 52 41 72 46 95 10 89 47 59 22 55 1 20 20 86 28 98 22 95 19 68 36 96 30 23 57 11 43 73 32 13 83 8 88 9 62 24 35 
88 72 87 1 75 38 89 50 28 52 6 37 32 97 54 20 92 53 57 87 11 93 93 19 44 28 0 95 4 56 69 16 25 95 63 27 99 48 88 36 17 88 91 79 88 58 25 56 50 53 25 16 68 74 47 21 67 95 13 26 1 98 99 78 12 
95 93 71 30 67 23 94 1 51 78 92 27 39 59 70 95 10 34 82 62 32 83 57 61 92 52 95 0 91 25 55 48 78 41 60 96 80 90 32 57 34 39 93 21 15 10 68 82 80 4 48 71 43 6 21 58 60 55 78 25 59 80 37 81 59 
97 75 67 64 89 92 77 23 69 31 96 33 29 83 50 65 5 55 9 65 10 9 52 83 14 41 4 91 0 52 64 74 84 89 83 56 79 71 28 24 54 70 69 24 47 40 67 78 27 25 18 88 2 46 59 22 18 57 34 44 76 99 3 97 91 
87 63 72 76 99 55 83 98 4 44 23 2 76 35 75 43 78 15 39 8 7 31 5 60 7 72 56 25 52 0 84 27 27 53 56 8 63 32 80 93 77 47 88 71 70 56 93 99 88 86 75 16 15 57 88 2 85 76 77 91 19 63 46 66 53 
14 47 49 36 31 77 12 71 59 47 77 49 32 31 47 48 64 58 5 30 31 65 80 63 3 46 69 55 64 84 0 29 88 39 21 98 52 60 95 65 15 98 53 45 17 65 31 83 11 46 89 79 60 98 43 65 6 91 77 56 43 21 89 69 19 
10 33 55 54 18 13 37 37 13 10 23 89 52 58 28 22 24 62 71 56 68 78 76 39 68 95 16 48 74 27 29 0 93 50 84 16 18 62 8 65 56 3 91 5 17 78 69 31 53 85 37 99 60 32 36 33 51 52 6 34 1 10 32 36 89 
8 89 16 94 69 60 17 19 3 68 19 23 67 97 34 98 96 41 77 29 19 19 32 24 94 10 25 78 84 27 88 93 0 61 39 12 45 44 8 63 57 97 94 53 25 44 52 11 95 50 19 11 62 40 7 8 80 13 1 4 52 16 68 82 60 
64 24 6 34 65 27 31 28 77 4 94 35 68 50 73 2 60 73 74 44 13 39 77 69 5 89 95 41 89 53 39 50 61 0 67 16 62 65 20 45 88 62 22 1 64 95 85 2 85 61 77 23 15 25 47 33 81 71 55 25 78 90 36 58 32 
62 56 18 3 61 77 85 29 97 68 30 95 33 47 69 90 65 66 6 99 74 12 53 70 29 47 63 60 83 56 21 84 39 67 0 40 15 94 49 14 20 16 98 42 36 26 52 35 23 34 62 79 8 33 4 68 96 58 97 47 90 22 93 85 59 
23 66 43 85 79 72 58 53 97 55 19 22 75 84 40 39 83 23 80 56 75 57 39 62 36 59 27 96 56 8 98 16 12 16 40 0 65 41 79 79 63 63 48 28 72 43 15 94 52 19 79 11 36 50 94 80 90 5 6 87 30 54 81 73 30 
58 78 21 84 18 88 36 95 62 98 53 69 33 42 33 13 32 3 85 6 92 53 84 88 83 22 99 80 79 63 52 18 45 62 15 65 0 39 79 55 43 65 69 45 85 74 51 81 51 36 73 16 40 3 36 98 80 16 16 95 67 35 84 94 19 
2 4 49 49 40 40 42 51 16 64 32 68 98 21 98 19 2 87 60 51 66 84 81 67 78 55 48 90 71 32 60 62 44 65 94 41 39 0 75 19 26 18 50 38 21 41 53 24 19 80 52 33 38 31 41 51 74 69 81 16 64 65 92 21 55 
1 1 23 55 36 44 82 47 75 81 50 49 6 41 8 78 85 2 32 93 86 77 75 20 47 1 88 32 28 80 95 8 8 20 49 79 79 75 0 24 7 25 1 49 81 29 89 2 74 22 1 77 33 41 82 84 31 88 54 34 83 23 4 35 50 
61 78 14 33 82 77 3 8 13 29 99 19 1 51 34 78 79 73 91 64 54 69 71 37 79 20 36 57 24 93 65 65 63 45 14 79 55 19 24 0 89 71 38 34 13 38 80 66 7 80 93 4 33 86 45 30 47 68 67 29 58 85 44 95 94 
82 7 98 29 29 39 86 86 19 38 84 98 38 5 63 89 69 52 8 53 43 26 27 18 7 20 17 34 54 77 15 56 57 88 20 63 43 26 7 89 0 21 53 32 26 64 53 60 18 23 55 14 31 24 51 22 72 4 24 13 78 8 53 31 27 
9 53 54 56 23 92 94 17 31 65 94 12 73 10 15 91 55 72 67 35 7 70 58 22 92 86 88 39 70 47 98 3 97 62 16 63 65 18 25 71 21 0 9 97 85 82 74 40 57 61 26 66 96 28 19 87 2 35 3 18 86 12 94 54 60 
89 86 85 83 39 70 37 30 60 38 46 12 44 1 78 84 26 88 33 99 10 32 31 78 81 28 91 93 69 88 53 91 94 22 98 48 69 50 1 38 53 9 0 83 12 84 4 84 1 94 86 52 92 33 87 85 82 6 12 70 10 47 75 94 33 
14 71 11 32 42 99 47 12 6 94 52 53 25 91 44 40 84 78 47 84 37 60 65 27 21 98 79 21 24 71 45 5 53 1 42 28 45 38 49 34 32 97 83 0 39 43 64 24 41 64 64 32 19 41 6 93 80 83 75 41 26 69 50 83 87 
48 3 97 29 75 34 81 62 17 19 87 77 17 22 62 99 28 63 76 78 88 63 39 33 24 22 88 15 47 70 17 17 25 64 36 72 85 21 81 13 26 85 12 39 0 47 14 22 81 82 95 50 52 15 31 11 86 5 8 55 60 85 99 42 36 
73 77 56 95 78 44 28 15 96 79 16 69 97 75 86 16 57 49 83 38 60 30 19 9 64 95 58 10 40 56 65 78 44 95 26 43 74 41 29 38 64 82 84 43 47 0 57 14 12 53 67 22 82 95 35 62 92 86 61 93 99 92 75 9 76 
31 92 62 75 71 27 73 31 97 71 72 46 97 22 37 38 93 1 45 90 9 67 96 9 72 19 25 68 67 93 31 69 52 85 52 15 51 53 89 80 53 74 4 64 14 57 0 82 28 26 87 37 15 4 93 85 73 44 9 56 18 61 33 99 84 
72 22 57 9 26 57 29 9 61 93 49 65 42 34 13 97 9 43 65 55 54 33 42 21 7 68 56 82 78 99 83 31 11 2 35 94 81 24 2 66 60 40 84 24 22 14 82 0 28 96 53 51 81 92 80 27 38 25 57 41 53 39 20 45 21 
4 76 90 33 49 70 3 41 44 53 29 90 25 39 54 37 56 40 38 5 88 72 96 69 22 36 50 80 27 88 11 53 95 85 23 52 51 19 74 7 18 57 1 41 81 12 28 28 0 64 22 66 69 93 19 69 17 79 60 57 45 36 40 62 33 
71 8 22 9 51 74 14 49 32 11 84 41 22 38 27 99 77 4 48 44 19 61 58 83 65 96 53 4 25 86 46 85 50 61 34 19 36 80 22 80 23 61 94 64 82 53 26 96 64 0 68 54 63 76 9 35 34 93 26 68 2 99 9 90 28 
22 78 97 85 63 53 42 31 45 33 28 8 28 44 83 2 47 58 74 12 22 94 49 55 51 30 25 48 18 75 89 37 19 77 62 79 73 52 1 93 55 26 86 64 95 67 87 53 22 68 0 30 90 78 11 62 17 80 75 77 98 1 31 4 82 
50 73 84 78 45 90 37 24 25 47 44 8 47 34 13 33 50 44 91 30 68 73 43 86 91 23 16 71 88 16 79 99 11 23 79 11 16 33 77 4 14 66 52 32 50 22 37 51 66 54 30 0 65 39 68 31 22 27 96 11 70 34 37 10 1 
58 76 26 51 55 28 41 67 63 64 20 34 36 96 26 31 12 54 85 77 15 28 53 94 10 57 68 43 2 15 60 60 62 15 8 36 40 38 33 33 31 96 92 19 52 82 15 81 69 63 90 65 0 56 70 11 4 40 78 38 17 26 47 8 44 
4 77 15 80 1 44 19 93 80 94 80 59 63 42 2 8 9 44 16 90 21 98 23 75 93 11 74 6 46 57 98 32 40 25 33 50 3 31 41 86 24 28 33 41 15 95 4 92 93 76 78 39 56 0 1 57 15 56 56 53 79 98 54 61 1 
69 44 14 42 87 2 98 65 22 19 71 8 69 72 42 51 62 75 66 33 86 94 65 90 68 43 47 21 59 88 43 36 7 47 4 94 36 41 82 45 51 19 87 6 31 35 93 80 19 9 11 68 70 1 0 15 61 67 96 40 72 8 17 67 62 
25 21 85 65 17 83 39 13 20 37 89 35 63 70 56 51 75 99 53 51 10 69 71 24 86 73 21 58 22 2 65 33 8 33 68 80 98 51 84 30 22 87 85 93 11 62 85 27 69 35 62 31 11 57 15 0 70 51 59 80 15 78 13 12 80 
44 31 44 84 20 95 64 18 78 30 87 5 33 71 56 33 24 98 70 52 43 39 62 95 34 32 67 60 18 85 6 51 80 81 96 90 80 74 31 47 72 2 82 80 86 92 73 38 17 34 17 22 4 15 61 70 0 96 35 7 70 86 45 71 73 
77 37 7 25 10 97 47 34 34 40 12 6 46 24 65 44 89 76 67 43 67 61 61 91 72 13 95 55 57 76 91 52 13 71 58 5 16 69 88 68 4 35 6 83 5 86 44 25 79 93 80 27 40 56 67 51 96 0 13 47 83 8 30 61 83 
27 8 78 21 93 27 90 11 5 29 66 62 89 87 16 42 90 60 90 24 21 98 97 14 9 83 13 78 34 77 77 6 1 55 97 6 16 81 54 67 24 3 12 75 8 61 9 57 60 26 75 96 78 56 96 59 35 13 0 74 47 87 85 98 48 
53 46 57 45 52 85 3 29 40 55 94 51 43 40 93 70 83 67 29 90 17 10 28 12 52 8 26 25 44 91 56 34 4 25 47 87 95 16 34 29 13 18 70 41 55 93 56 41 57 68 77 11 38 53 40 80 7 47 74 0 89 74 77 88 46 
81 69 60 16 11 31 99 76 68 30 16 77 58 32 41 2 83 75 20 44 59 68 1 43 34 88 1 59 76 19 43 1 52 78 90 30 67 64 83 58 78 86 10 26 60 99 18 53 45 2 98 70 17 79 72 15 70 83 47 89 0 37 88 40 38 
42 58 16 31 69 65 29 6 35 56 52 46 26 38 61 98 6 92 18 89 78 79 27 11 62 9 98 80 99 63 21 10 16 90 22 54 35 65 23 85 8 12 47 69 85 92 61 39 36 99 1 34 26 98 8 78 86 8 87 74 37 0 7 44 59 
83 83 25 92 24 23 79 82 35 91 99 97 33 39 71 52 43 6 6 96 43 64 51 89 8 62 99 37 3 46 89 32 68 36 93 81 84 92 4 44 53 94 75 50 99 75 33 20 40 9 31 37 47 54 17 13 45 30 85 77 88 7 0 2 84 
16 97 10 15 15 99 76 6 43 28 87 22 34 57 50 31 47 27 80 29 36 21 21 25 60 24 78 81 97 66 69 36 82 58 85 73 94 21 35 95 31 54 94 83 42 9 99 45 62 90 4 10 8 61 67 12 71 61 98 88 40 44 2 0 30 
65 14 67 20 64 53 59 43 79 61 46 93 7 88 51 83 22 68 11 65 76 36 27 48 42 35 12 59 91 53 19 89 60 32 59 30 19 55 50 94 27 60 33 87 36 76 84 21 33 28 82 1 44 1 62 80 73 83 48 46 38 59 84 30 0 
