66
0 38 13 73 10 76 6 80 65 17 2 77 72 7 26 51 21 19 85 12 29 30 15 51 69 88 88 95 97 87 14 10 8 64 62 23 58 2 1 61 82 9 89 14 48 73 31 72 4 71 22 50 58 4 69 25 44 77 27 53 81 42 83 16 65 69 
38 0 26 99 88 8 27 26 23 10 68 24 28 38 58 84 39 9 33 35 11 24 16 88 26 72 93 75 63 47 33 89 24 56 66 78 4 1 78 7 53 86 71 3 77 92 22 76 8 78 73 76 77 44 21 31 37 8 46 69 58 83 97 14 11 24 
13 26 0 82 8 25 75 93 21 33 13 66 95 61 25 83 98 3 93 99 11 55 97 83 87 71 67 72 49 55 16 6 18 43 21 49 23 14 98 54 85 11 97 56 62 57 90 22 97 84 26 15 14 85 44 7 78 57 60 16 25 10 67 72 54 70 
73 99 82 0 37 22 41 78 92 50 48 78 41 79 46 88 17 29 46 68 67 79 47 1 30 64 76 36 54 94 34 3 85 84 49 55 33 29 56 83 32 29 95 75 9 33 9 85 78 51 80 42 65 84 25 21 45 16 31 92 15 20 27 87 8 54 
10 88 8 37 0 48 61 35 33 20 68 25 84 95 39 48 6 80 64 88 33 43 75 67 89 99 31 18 69 65 61 79 18 40 36 82 29 23 39 42 75 78 71 26 49 51 63 45 55 1 87 17 20 10 93 52 11 69 24 15 64 22 47 4 57 89 
76 8 25 22 48 0 81 47 55 80 72 15 78 16 26 54 85 59 86 30 45 38 23 92 55 77 13 60 27 77 72 88 40 44 77 39 92 70 99 34 44 27 57 70 74 53 90 28 44 2 83 95 97 27 85 31 65 23 99 53 4 71 13 40 84 49 
6 27 75 41 61 81 0 62 71 14 37 24 23 67 93 96 54 10 42 58 89 94 77 83 12 37 17 31 85 58 36 42 82 3 86 94 37 47 81 28 73 29 3 14 42 37 41 19 98 39 64 47 90 3 99 29 79 76 59 43 27 22 59 17 93 38 
80 26 93 78 35 47 62 0 12 23 7 97 15 88 76 36 64 33 92 50 1 23 98 71 37 19 28 29 53 95 51 47 8 86 17 30 12 62 15 31 9 41 49 31 24 67 93 65 13 18 34 11 29 76 6 82 6 43 87 53 58 57 79 88 82 11 
65 23 21 92 33 55 71 12 0 73 49 20 13 26 78 17 5 89 28 51 69 4 59 13 3 77 97 97 62 16 75 13 19 31 60 6 17 96 97 61 44 32 45 25 63 80 22 20 78 34 5 40 68 35 35 43 79 83 39 49 82 6 92 9 41 70 
17 10 33 50 20 80 14 23 73 0 6 8 79 38 79 34 28 52 78 31 44 47 10 68 4 68 55 98 64 81 29 38 65 38 94 19 79 71 93 53 11 33 47 64 94 19 37 30 40 29 55 30 56 91 28 61 13 18 72 92 8 84 57 52 33 77 
2 68 13 48 68 72 37 7 49 6 0 63 52 97 31 23 6 92 96 23 77 23 19 94 30 19 53 32 50 99 84 94 46 52 87 16 72 49 29 84 28 44 20 80 71 89 87 12 66 94 16 52 99 87 46 64 43 23 83 41 45 17 18 89 1 98 
77 24 66 78 25 15 24 97 20 8 63 0 83 72 15 37 27 33 2 49 89 23 35 95 22 69 68 49 19 98 12 12 53 77 69 46 65 90 41 8 8 34 59 8 35 5 6 62 51 77 46 97 22 93 72 93 26 98 2 14 39 86 28 39 85 34 
72 28 95 41 84 78 23 15 13 79 52 83 0 2 32 39 29 76 32 52 67 68 33 75 33 98 6 1 38 73 44 25 17 97 97 42 25 22 28 47 36 63 69 63 33 46 89 43 58 26 33 34 7 66 52 32 8 14 4 29 16 30 67 62 84 97 
7 38 61 79 95 16 67 88 26 38 97 72 2 0 59 83 35 31 58 97 50 47 84 42 21 41 51 5 10 1 91 22 75 22 34 39 38 44 34 96 42 72 70 71 24 87 40 32 38 39 57 88 29 37 67 11 85 1 17 31 4 79 60 54 70 50 
26 58 25 46 39 26 93 76 78 79 31 15 32 59 0 75 47 28 34 73 69 40 33 98 8 34 63 15 78 44 62 86 37 13 54 27 83 13 26 2 42 56 56 65 16 93 41 61 71 50 51 33 91 21 53 39 66 81 58 53 90 20 95 65 43 48 
51 84 83 88 48 54 96 36 17 34 23 37 39 83 75 0 22 98 2 90 39 13 19 78 78 89 91 84 40 99 16 38 97 37 99 2 33 31 8 51 51 33 44 42 70 2 98 52 31 83 50 82 83 96 72 22 19 47 45 92 10 5 78 64 24 96 
21 39 98 17 6 85 54 64 5 28 6 27 29 35 47 22 0 60 65 83 32 2 85 79 69 55 26 84 28 57 93 9 56 77 47 50 12 9 62 75 24 89 90 83 83 6 43 47 22 52 74 43 14 19 24 46 96 53 34 55 15 58 62 41 73 66 
19 9 3 29 80 59 10 33 89 52 92 33 76 31 28 98 60 0 23 3 87 2 73 52 72 88 78 63 49 1 43 40 4 58 44 54 44 75 99 98 76 60 67 75 92 6 27 68 32 12 4 55 2 14 60 57 82 9 39 5 71 77 74 6 80 85 
85 33 93 46 64 86 42 92 28 78 96 2 32 58 34 2 65 23 0 60 32 91 8 67 33 47 76 83 45 65 38 48 74 91 85 16 66 53 70 67 90 29 20 18 6 80 11 30 18 82 47 8 18 87 62 65 8 30 56 29 44 99 56 6 51 93 
12 35 99 68 88 30 58 50 51 31 23 49 52 97 73 90 83 3 60 0 64 53 35 99 84 78 38 90 55 5 44 12 30 77 90 33 51 52 43 24 90 44 89 96 29 65 87 59 89 52 23 11 32 10 7 31 68 19 13 74 75 92 66 86 54 43 
29 11 11 67 33 45 89 1 69 44 77 89 67 50 69 39 32 87 32 64 0 7 10 37 88 60 9 54 88 19 22 68 15 21 86 10 43 67 21 17 59 78 43 36 76 29 86 35 45 93 83 9 31 65 78 19 39 12 57 53 84 77 69 26 70 32 
30 24 55 79 43 38 94 23 4 47 23 23 68 47 40 13 2 2 91 53 7 0 60 63 30 67 33 72 61 94 73 28 98 94 69 39 61 98 10 68 79 64 21 36 56 29 46 93 57 52 5 80 76 32 77 53 39 84 81 75 71 27 58 31 65 39 
15 16 97 47 75 23 77 98 59 10 19 35 33 84 33 19 85 73 8 35 10 60 0 19 96 42 96 58 49 43 53 23 65 71 62 61 97 28 1 27 51 21 27 66 78 19 61 83 60 63 39 24 69 70 62 88 67 20 37 18 22 78 27 33 9 9 
51 88 83 1 67 92 83 71 13 68 94 95 75 42 98 78 79 52 67 99 37 63 19 0 21 69 83 55 86 94 75 90 24 95 91 14 12 43 11 89 25 48 69 44 92 14 7 3 68 94 5 29 36 83 78 47 79 7 92 81 21 24 64 72 7 22 
69 26 87 30 89 55 12 37 3 4 30 22 33 21 8 78 69 72 33 84 88 30 96 21 0 65 51 91 10 93 68 86 34 72 9 52 34 62 8 60 42 28 52 41 72 46 95 10 89 47 59 22 55 1 20 20 86 28 98 22 95 19 68 36 96 30 
88 72 71 64 99 77 37 19 77 68 19 69 98 41 34 89 55 88 47 78 60 67 42 69 65 0 23 57 11 43 73 32 13 83 8 88 9 62 24 35 95 4 56 69 16 25 95 63 27 99 48 88 36 17 88 91 79 88 58 25 56 50 53 25 16 68 
88 93 67 76 31 13 17 28 97 55 53 68 6 51 63 91 26 78 76 38 9 33 96 83 51 23 0 74 47 21 67 95 13 26 1 98 99 78 12 91 25 55 48 78 41 60 96 80 90 32 57 34 39 93 21 15 10 68 82 80 4 48 71 43 6 21 
95 75 72 36 18 60 31 29 97 98 32 49 1 5 15 84 84 63 83 90 54 72 58 55 91 57 74 0 58 60 55 78 25 59 80 37 81 59 52 64 74 84 89 83 56 79 71 28 24 54 70 69 24 47 40 67 78 27 25 18 88 2 46 59 22 18 
97 63 49 54 69 27 85 53 62 64 50 19 38 10 78 40 28 49 45 55 88 61 49 86 10 11 47 58 0 57 34 44 76 99 3 97 91 84 27 27 53 56 8 63 32 80 93 77 47 88 71 70 56 93 99 88 86 75 16 15 57 88 2 85 76 77 
87 47 55 94 65 77 58 95 16 81 99 98 73 1 44 99 57 1 65 5 19 94 43 94 93 43 21 60 57 0 91 19 63 46 66 53 29 88 39 21 98 52 60 95 65 15 98 53 45 17 65 31 83 11 46 89 79 60 98 43 65 6 91 77 56 43 
14 33 16 34 61 72 36 51 75 29 84 12 44 91 62 16 93 43 38 44 22 73 53 75 68 73 67 55 34 91 0 21 89 69 19 93 50 84 16 18 62 8 65 56 3 91 5 17 78 69 31 53 85 37 99 60 32 36 33 51 52 6 34 1 10 32 
10 89 6 3 79 88 42 47 13 38 94 12 25 22 86 38 9 40 48 12 68 28 23 90 86 32 95 78 44 19 21 0 36 89 61 39 12 45 44 8 63 57 97 94 53 25 44 52 11 95 50 19 11 62 40 7 8 80 13 1 4 52 16 68 82 60 
8 24 18 85 18 40 82 8 19 65 46 53 17 75 37 97 56 4 74 30 15 98 65 24 34 13 13 25 76 63 89 36 0 67 16 62 65 20 45 88 62 22 1 64 95 85 2 85 61 77 23 15 25 47 33 81 71 55 25 78 90 36 58 32 40 15 
64 56 43 84 40 44 3 86 31 38 52 77 97 22 13 37 77 58 91 77 21 94 71 95 72 83 26 59 99 46 69 89 67 0 94 49 14 20 16 98 42 36 26 52 35 23 34 62 79 8 33 4 68 96 58 97 47 90 22 93 85 59 65 41 79 79 
62 66 21 49 36 77 86 17 60 94 87 69 97 34 54 99 47 44 85 90 86 69 62 91 9 8 1 80 3 66 19 61 16 94 0 63 63 48 28 72 43 15 94 52 19 79 11 36 50 94 80 90 5 6 87 30 54 81 73 30 39 79 55 43 65 69 
23 78 49 55 82 39 94 30 6 19 16 46 42 39 27 2 50 54 16 33 10 39 61 14 52 88 98 37 97 53 93 39 62 49 63 0 45 85 74 51 81 51 36 73 16 40 3 36 98 80 16 16 95 67 35 84 94 19 75 19 26 18 50 38 21 41 
58 4 23 33 29 92 37 12 17 79 72 65 25 38 83 33 12 44 66 51 43 61 97 12 34 9 99 81 91 29 50 12 65 14 63 45 0 53 24 19 80 52 33 38 31 41 51 74 69 81 16 64 65 92 21 55 24 7 25 1 49 81 29 89 2 74 
2 1 14 29 23 70 47 62 96 71 49 90 22 44 13 31 9 75 53 52 67 98 28 43 62 62 78 59 84 88 84 45 20 20 48 85 53 0 22 1 77 33 41 82 84 31 88 54 34 83 23 4 35 50 89 71 38 34 13 38 80 66 7 80 93 4 
1 78 98 56 39 99 81 15 97 93 29 41 28 34 26 8 62 99 70 43 21 10 1 11 8 24 12 52 27 39 16 44 45 16 28 74 24 22 0 33 86 45 30 47 68 67 29 58 85 44 95 94 21 53 32 26 64 53 60 18 23 55 14 31 24 51 
61 7 54 83 42 34 28 31 61 53 84 8 47 96 2 51 75 98 67 24 17 68 27 89 60 35 91 64 27 21 18 8 88 98 72 51 19 1 33 0 22 72 4 24 13 78 8 53 31 27 9 97 85 82 74 40 57 61 26 66 96 28 19 87 2 35 
82 53 85 32 75 44 73 9 44 11 28 8 36 42 42 51 24 76 90 90 59 79 51 25 42 95 25 74 53 98 62 63 62 42 43 81 80 77 86 22 0 3 18 86 12 94 54 60 83 12 84 4 84 1 94 86 52 92 33 87 85 82 6 12 70 10 
9 86 11 29 78 27 29 41 32 33 44 34 63 72 56 33 89 60 29 44 78 64 21 48 28 4 55 84 56 52 8 57 22 36 15 51 52 33 45 72 3 0 47 75 94 33 39 43 64 24 41 64 64 32 19 41 6 93 80 83 75 41 26 69 50 83 
89 71 97 95 71 57 3 49 45 47 20 59 69 70 56 44 90 67 20 89 43 21 27 69 52 56 48 89 8 60 65 97 1 26 94 36 33 41 30 4 18 47 0 87 47 14 22 81 82 95 50 52 15 31 11 86 5 8 55 60 85 99 42 36 57 14 
14 3 56 75 26 70 14 31 25 64 80 8 63 71 65 42 83 75 18 96 36 36 66 44 41 69 78 83 63 95 56 94 64 52 52 73 38 82 47 24 86 75 87 0 12 53 67 22 82 95 35 62 92 86 61 93 99 92 75 9 76 82 28 26 87 37 
48 77 62 9 49 74 42 24 63 94 71 35 33 24 16 70 83 92 6 29 76 56 78 92 72 16 41 56 32 65 3 53 95 35 19 16 31 84 68 13 12 94 47 12 0 15 4 93 85 73 44 9 56 18 61 33 99 84 28 96 53 51 81 92 80 27 
73 92 57 33 51 53 37 67 80 19 89 5 46 87 93 2 6 6 80 65 29 29 19 14 46 25 60 79 80 15 91 25 85 23 79 40 41 31 67 78 94 33 14 53 15 0 38 25 57 41 53 39 20 45 21 64 22 66 69 93 19 69 17 79 60 57 
31 22 90 9 63 90 41 93 22 37 87 6 89 40 41 98 43 27 11 87 86 46 61 7 95 95 96 71 93 98 5 44 2 34 11 3 51 88 29 8 54 39 22 67 4 38 0 45 36 40 62 33 68 54 63 76 9 35 34 93 26 68 2 99 9 90 
72 76 22 85 45 28 19 65 20 30 12 62 43 32 61 52 47 68 30 59 35 93 83 3 10 63 80 28 77 53 17 52 85 62 36 36 74 54 58 53 60 43 81 22 93 25 45 0 28 30 90 78 11 62 17 80 75 77 98 1 31 4 82 65 39 68 
4 8 97 78 55 44 98 13 78 40 66 51 58 38 71 31 22 32 18 89 45 57 60 68 89 27 90 24 47 45 78 11 61 79 50 98 69 34 85 31 83 64 82 82 85 57 36 28 0 31 22 27 96 11 70 34 37 10 1 56 70 11 4 40 78 38 
71 78 84 51 1 2 39 18 34 29 94 77 26 39 50 83 52 12 82 52 93 52 63 94 47 99 32 54 88 17 69 95 77 8 94 80 81 83 44 27 12 24 95 95 73 41 40 30 31 0 17 26 47 8 44 1 57 15 56 56 53 79 98 54 61 1 
22 73 26 80 87 83 64 34 5 55 16 46 33 57 51 50 74 4 47 23 83 5 39 5 59 48 57 70 71 65 31 50 23 33 80 16 16 23 95 9 84 41 50 35 44 53 62 90 22 17 0 15 61 67 96 40 72 8 17 67 62 70 51 59 80 15 
50 76 15 42 17 95 47 11 40 30 52 97 34 88 33 82 43 55 8 11 9 80 24 29 22 88 34 69 70 31 53 19 15 4 90 16 64 4 94 97 4 64 52 62 9 39 33 78 27 26 15 0 78 13 12 80 96 35 7 70 86 45 71 73 13 47 
58 77 14 65 20 97 90 29 68 56 99 22 7 29 91 83 14 2 18 32 31 76 69 36 55 36 39 24 56 83 85 11 25 68 5 95 65 35 21 85 84 64 15 92 56 20 68 11 96 47 61 78 0 83 8 30 61 83 74 47 87 85 98 48 89 74 
4 44 85 84 10 27 3 76 35 91 87 93 66 37 21 96 19 14 87 10 65 32 70 83 1 17 93 47 93 11 37 62 47 96 6 67 92 50 53 82 1 32 31 86 18 45 54 62 11 8 67 13 83 0 77 88 46 37 88 40 38 7 44 59 2 84 
69 21 44 25 93 85 99 6 35 28 46 72 52 67 53 72 24 60 62 7 78 77 62 78 20 88 21 40 99 46 99 40 33 58 87 35 21 89 32 74 94 19 11 61 61 21 63 17 70 44 96 12 8 77 0 30 49 56 46 9 35 30 1 80 20 5 
25 31 7 21 52 31 29 82 43 61 64 93 32 11 39 22 46 57 65 31 19 53 88 47 20 91 15 67 88 89 60 7 81 97 30 84 55 71 26 40 86 41 86 93 33 64 76 80 34 1 40 80 30 88 30 0 72 2 9 27 41 90 33 71 97 8 
44 37 78 45 11 65 79 6 79 13 43 26 8 85 66 19 96 82 8 68 39 39 67 79 86 79 10 78 86 79 32 8 71 47 54 94 24 38 64 57 52 6 5 99 99 22 9 75 37 57 72 96 61 46 49 72 0 39 82 30 4 75 51 92 17 50 
77 8 57 16 69 23 76 43 83 18 23 98 14 1 81 47 53 9 30 19 12 84 20 7 28 88 68 27 75 60 36 80 55 90 81 19 7 34 53 61 92 93 8 92 84 66 35 77 10 15 8 35 83 37 56 2 39 0 43 71 9 32 26 35 55 98 
27 46 60 31 24 99 59 87 39 72 83 2 4 17 58 45 34 39 56 13 57 81 37 92 98 58 82 25 16 98 33 13 25 22 73 75 25 13 60 26 33 80 55 75 28 69 34 98 1 56 17 7 74 88 46 9 82 43 0 97 71 6 64 95 25 47 
53 69 16 92 15 53 43 53 49 92 41 14 29 31 53 92 55 5 29 74 53 75 18 81 22 25 80 18 15 43 51 1 78 93 30 19 1 38 18 66 87 83 60 9 96 93 93 1 56 56 67 70 47 40 9 27 30 71 97 0 21 23 1 70 23 28 
81 58 25 15 64 4 27 58 82 8 45 39 16 4 90 10 15 71 44 75 84 71 22 21 95 56 4 88 57 65 52 4 90 85 39 26 49 80 23 96 85 75 85 76 53 19 26 31 70 53 62 86 87 38 35 41 4 9 71 21 0 26 65 46 39 58 
42 83 10 20 22 71 22 57 6 84 17 86 30 79 20 5 58 77 99 92 77 27 78 24 19 50 48 2 88 6 6 52 36 59 79 18 81 66 55 28 82 41 99 82 51 69 68 4 11 79 70 45 85 7 30 90 75 32 6 23 26 0 53 53 33 70 
83 97 67 27 47 13 59 79 92 57 18 28 67 60 95 78 62 74 56 66 69 58 27 64 68 53 71 46 2 91 34 16 58 65 55 50 29 7 14 19 6 26 42 28 81 17 2 82 4 98 51 71 98 44 1 33 51 26 64 1 65 53 0 80 6 34 
16 14 72 87 4 40 17 88 9 52 89 39 62 54 65 64 41 6 6 86 26 31 33 72 36 25 43 59 85 77 1 68 32 41 43 38 89 80 31 87 12 69 36 26 92 79 99 65 40 54 59 73 48 59 80 71 92 35 95 70 46 53 80 0 65 54 
65 11 54 8 57 84 93 82 41 33 1 85 84 70 43 24 73 80 51 54 70 65 9 7 96 16 6 22 76 56 10 82 40 79 65 21 2 93 24 2 70 50 57 87 80 60 9 39 78 61 80 13 89 2 20 97 17 55 25 23 39 33 6 65 0 54 
69 24 70 54 89 49 38 11 70 77 98 34 97 50 48 96 66 85 93 43 32 39 9 22 30 68 21 18 77 43 32 60 15 79 69 41 74 4 51 35 10 83 14 37 27 57 90 68 38 1 15 47 74 84 5 8 50 98 47 28 58 70 34 54 54 0 
