68
0 38 13 73 10 76 6 80 65 17 2 77 72 7 26 51 21 19 85 12 29 30 15 51 69 88 88 95 97 87 14 10 8 64 62 23 58 2 1 61 82 9 89 14 48 73 31 72 4 71 22 50 58 4 69 25 44 77 27 53 81 42 83 16 65 69 26 99 
38 0 88 8 27 26 23 10 68 24 28 38 58 84 39 9 33 35 11 24 16 88 26 72 93 75 63 47 33 89 24 56 66 78 4 1 78 7 53 86 71 3 77 92 22 76 8 78 73 76 77 44 21 31 37 8 46 69 58 83 97 14 11 24 82 8 25 75 
13 88 0 93 21 33 13 66 95 61 25 83 98 3 93 99 11 55 97 83 87 71 67 72 49 55 16 6 18 43 21 49 23 14 98 54 85 11 97 56 62 57 90 22 97 84 26 15 14 85 44 7 78 57 60 16 25 10 67 72 54 70 37 22 41 78 92 50 
73 8 93 0 48 78 41 79 46 88 17 29 46 68 67 79 47 1 30 64 76 36 54 94 34 3 85 84 49 55 33 29 56 83 32 29 95 75 9 33 9 85 78 51 80 42 65 84 25 21 45 16 31 92 15 20 27 87 8 54 48 61 35 33 20 68 25 84 
10 27 21 48 0 95 39 48 6 80 64 88 33 43 75 67 89 99 31 18 69 65 61 79 18 40 36 82 29 23 39 42 75 78 71 26 49 51 63 45 55 1 87 17 20 10 93 52 11 69 24 15 64 22 47 4 57 89 81 47 55 80 72 15 78 16 26 54 
76 26 33 78 95 0 85 59 86 30 45 38 23 92 55 77 13 60 27 77 72 88 40 44 77 39 92 70 99 34 44 27 57 70 74 53 90 28 44 2 83 95 97 27 85 31 65 23 99 53 4 71 13 40 84 49 62 71 14 37 24 23 67 93 96 54 10 42 
6 23 13 41 39 85 0 58 89 94 77 83 12 37 17 31 85 58 36 42 82 3 86 94 37 47 81 28 73 29 3 14 42 37 41 19 98 39 64 47 90 3 99 29 79 76 59 43 27 22 59 17 93 38 12 23 7 97 15 88 76 36 64 33 92 50 1 23 
80 10 66 79 48 59 58 0 98 71 37 19 28 29 53 95 51 47 8 86 17 30 12 62 15 31 9 41 49 31 24 67 93 65 13 18 34 11 29 76 6 82 6 43 87 53 58 57 79 88 82 11 73 49 20 13 26 78 17 5 89 28 51 69 4 59 13 3 
65 68 95 46 6 86 89 98 0 77 97 97 62 16 75 13 19 31 60 6 17 96 97 61 44 32 45 25 63 80 22 20 78 34 5 40 68 35 35 43 79 83 39 49 82 6 92 9 41 70 6 8 79 38 79 34 28 52 78 31 44 47 10 68 4 68 55 98 
17 24 61 88 80 30 94 71 77 0 64 81 29 38 65 38 94 19 79 71 93 53 11 33 47 64 94 19 37 30 40 29 55 30 56 91 28 61 13 18 72 92 8 84 57 52 33 77 63 52 97 31 23 6 92 96 23 77 23 19 94 30 19 53 32 50 99 84 
2 28 25 17 64 45 77 37 97 64 0 94 46 52 87 16 72 49 29 84 28 44 20 80 71 89 87 12 66 94 16 52 99 87 46 64 43 23 83 41 45 17 18 89 1 98 83 72 15 37 27 33 2 49 89 23 35 95 22 69 68 49 19 98 12 12 53 77 
77 38 83 29 88 38 83 19 97 81 94 0 69 46 65 90 41 8 8 34 59 8 35 5 6 62 51 77 46 97 22 93 72 93 26 98 2 14 39 86 28 39 85 34 2 32 39 29 76 32 52 67 68 33 75 33 98 6 1 38 73 44 25 17 97 97 42 25 
72 58 98 46 33 23 12 28 62 29 46 69 0 22 28 47 36 63 69 63 33 46 89 43 58 26 33 34 7 66 52 32 8 14 4 29 16 30 67 62 84 97 59 83 35 31 58 97 50 47 84 42 21 41 51 5 10 1 91 22 75 22 34 39 38 44 34 96 
7 84 3 68 43 92 37 29 16 38 52 46 22 0 42 72 70 71 24 87 40 32 38 39 57 88 29 37 67 11 85 1 17 31 4 79 60 54 70 50 75 47 28 34 73 69 40 33 98 8 34 63 15 78 44 62 86 37 13 54 27 83 13 26 2 42 56 56 
26 39 93 67 75 55 17 53 75 65 87 65 28 42 0 65 16 93 41 61 71 50 51 33 91 21 53 39 66 81 58 53 90 20 95 65 43 48 22 98 2 90 39 13 19 78 78 89 91 84 40 99 16 38 97 37 99 2 33 31 8 51 51 33 44 42 70 2 
51 9 99 79 67 77 31 95 13 38 16 90 47 72 65 0 98 52 31 83 50 82 83 96 72 22 19 47 45 92 10 5 78 64 24 96 60 65 83 32 2 85 79 69 55 26 84 28 57 93 9 56 77 47 50 12 9 62 75 24 89 90 83 83 6 43 47 22 
21 33 11 47 89 13 85 51 19 94 72 41 36 70 16 98 0 52 74 43 14 19 24 46 96 53 34 55 15 58 62 41 73 66 23 3 87 2 73 52 72 88 78 63 49 1 43 40 4 58 44 54 44 75 99 98 76 60 67 75 92 6 27 68 32 12 4 55 
19 35 55 1 99 60 58 47 31 19 49 8 63 71 93 52 52 0 2 14 60 57 82 9 39 5 71 77 74 6 80 85 60 32 91 8 67 33 47 76 83 45 65 38 48 74 91 85 16 66 53 70 67 90 29 20 18 6 80 11 30 18 82 47 8 18 87 62 
85 11 97 30 31 27 36 8 60 79 29 8 69 24 41 31 74 2 0 65 8 30 56 29 44 99 56 6 51 93 64 53 35 99 84 78 38 90 55 5 44 12 30 77 90 33 51 52 43 24 90 44 89 96 29 65 87 59 89 52 23 11 32 10 7 31 68 19 
12 24 83 64 18 77 42 86 6 71 84 34 63 87 61 83 43 14 65 0 13 74 75 92 66 86 54 43 7 10 37 88 60 9 54 88 19 22 68 15 21 86 10 43 67 21 17 59 78 43 36 76 29 86 35 45 93 83 9 31 65 78 19 39 12 57 53 84 
29 16 87 76 69 72 82 17 17 93 28 59 33 40 71 50 14 60 8 13 0 77 69 26 70 32 60 63 30 67 33 72 61 94 73 28 98 94 69 39 61 98 10 68 79 64 21 36 56 29 46 93 57 52 5 80 76 32 77 53 39 84 81 75 71 27 58 31 
30 88 71 36 65 88 3 30 96 53 44 8 46 32 50 82 19 57 30 74 77 0 65 39 19 96 42 96 58 49 43 53 23 65 71 62 61 97 28 1 27 51 21 27 66 78 19 61 83 60 63 39 24 69 70 62 88 67 20 37 18 22 78 27 33 9 9 21 
15 26 67 54 61 40 86 12 97 11 20 35 89 38 51 83 24 82 56 75 69 65 0 69 83 55 86 94 75 90 24 95 91 14 12 43 11 89 25 48 69 44 92 14 7 3 68 94 5 29 36 83 78 47 79 7 92 81 21 24 64 72 7 22 65 51 91 10 
51 72 72 94 79 44 94 62 61 33 80 5 43 39 33 96 46 9 29 92 26 39 69 0 93 68 86 34 72 9 52 34 62 8 60 42 28 52 41 72 46 95 10 89 47 59 22 55 1 20 20 86 28 98 22 95 19 68 36 96 30 23 57 11 43 73 32 13 
69 93 49 34 18 77 37 15 44 47 71 6 58 57 91 72 96 39 44 66 70 19 83 93 0 83 8 88 9 62 24 35 95 4 56 69 16 25 95 63 27 99 48 88 36 17 88 91 79 88 58 25 56 50 53 25 16 68 74 47 21 67 95 13 26 1 98 99 
88 75 55 3 40 39 47 31 32 64 89 62 26 88 21 22 53 5 99 86 32 96 55 68 83 0 78 12 91 25 55 48 78 41 60 96 80 90 32 57 34 39 93 21 15 10 68 82 80 4 48 71 43 6 21 58 60 55 78 25 59 80 37 81 59 52 64 74 
88 63 16 85 36 92 81 9 45 94 87 51 33 29 53 19 34 71 56 54 60 42 86 86 8 78 0 84 89 83 56 79 71 28 24 54 70 69 24 47 40 67 78 27 25 18 88 2 46 59 22 18 57 34 44 76 99 3 97 91 84 27 27 53 56 8 63 32 
95 47 6 84 82 70 28 41 25 19 12 77 34 37 39 47 55 77 6 43 63 96 94 34 88 12 84 0 80 93 77 47 88 71 70 56 93 99 88 86 75 16 15 57 88 2 85 76 77 91 19 63 46 66 53 29 88 39 21 98 52 60 95 65 15 98 53 45 
97 33 18 49 29 99 73 49 63 37 66 46 7 67 66 45 15 74 51 7 30 58 75 72 9 91 89 80 0 17 65 31 83 11 46 89 79 60 98 43 65 6 91 77 56 43 21 89 69 19 93 50 84 16 18 62 8 65 56 3 91 5 17 78 69 31 53 85 
87 89 43 55 23 34 29 31 80 30 94 97 66 11 81 92 58 6 93 10 67 49 90 9 62 25 83 93 17 0 37 99 60 32 36 33 51 52 6 34 1 10 32 36 89 61 39 12 45 44 8 63 57 97 94 53 25 44 52 11 95 50 19 11 62 40 7 8 
14 24 21 33 39 44 3 24 22 40 16 22 52 85 58 10 62 80 64 37 33 43 24 52 24 55 56 77 65 37 0 80 13 1 4 52 16 68 82 60 67 16 62 65 20 45 88 62 22 1 64 95 85 2 85 61 77 23 15 25 47 33 81 71 55 25 78 90 
10 56 49 29 42 27 14 67 20 29 52 93 32 1 53 5 41 85 53 88 72 53 95 34 35 48 79 47 31 99 80 0 36 58 32 40 15 94 49 14 20 16 98 42 36 26 52 35 23 34 62 79 8 33 4 68 96 58 97 47 90 22 93 85 59 65 41 79 
8 66 23 56 75 57 42 93 78 55 99 72 8 17 90 78 73 60 35 60 61 23 91 62 95 78 71 88 83 60 13 36 0 79 63 63 48 28 72 43 15 94 52 19 79 11 36 50 94 80 90 5 6 87 30 54 81 73 30 39 79 55 43 65 69 45 85 74 
64 78 14 83 78 70 37 65 34 30 87 93 14 31 20 64 66 32 99 9 94 65 14 8 4 41 28 71 11 32 1 58 79 0 51 81 51 36 73 16 40 3 36 98 80 16 16 95 67 35 84 94 19 75 19 26 18 50 38 21 41 53 24 19 80 52 33 38 
62 4 98 32 71 74 41 13 5 56 46 26 4 4 95 24 23 91 84 54 73 71 12 60 56 60 24 70 46 36 4 32 63 51 0 31 41 51 74 69 81 16 64 65 92 21 55 24 7 25 1 49 81 29 89 2 74 22 1 77 33 41 82 84 31 88 54 34 
23 1 54 29 26 53 19 18 40 91 64 98 29 79 65 96 3 8 78 88 28 62 43 42 69 96 54 56 89 33 52 40 63 81 31 0 83 23 4 35 50 89 71 38 34 13 38 80 66 7 80 93 4 33 86 45 30 47 68 67 29 58 85 44 95 94 21 53 
58 78 85 95 49 90 98 34 68 28 43 2 16 60 43 60 87 67 38 19 98 61 11 28 16 80 70 93 79 51 16 15 48 51 41 83 0 32 26 64 53 60 18 23 55 14 31 24 51 22 72 4 24 13 78 8 53 31 27 9 97 85 82 74 40 57 61 26 
2 7 11 75 51 28 39 11 35 61 23 14 30 54 48 65 2 33 90 22 94 97 89 52 25 90 69 99 60 52 68 94 28 36 51 23 32 0 66 96 28 19 87 2 35 3 18 86 12 94 54 60 83 12 84 4 84 1 94 86 52 92 33 87 85 82 6 12 
1 53 97 9 63 44 64 29 35 13 83 39 67 70 22 83 73 47 55 68 69 28 25 41 95 32 24 88 98 6 82 49 72 73 74 4 26 66 0 70 10 47 75 94 33 39 43 64 24 41 64 64 32 19 41 6 93 80 83 75 41 26 69 50 83 87 47 14 
61 86 56 33 45 2 47 76 43 18 41 86 62 50 98 32 52 76 5 15 39 1 48 72 63 57 47 86 43 34 60 14 43 16 69 35 64 96 70 0 22 81 82 95 50 52 15 31 11 86 5 8 55 60 85 99 42 36 57 14 12 53 67 22 82 95 35 62 
82 71 62 9 55 83 90 6 79 72 45 28 84 75 2 2 72 83 44 21 61 27 69 46 27 34 40 75 65 1 67 20 15 40 81 50 53 28 10 22 0 92 86 61 93 99 92 75 9 76 82 28 26 87 37 15 4 93 85 73 44 9 56 18 61 33 99 84 
9 3 57 85 1 95 3 82 83 92 17 39 97 47 90 85 88 45 12 86 98 51 44 95 99 39 67 16 6 10 16 16 94 3 16 89 60 19 47 81 92 0 28 96 53 51 81 92 80 27 38 25 57 41 53 39 20 45 21 64 22 66 69 93 19 69 17 79 
89 77 90 78 87 97 99 6 39 8 18 85 59 28 39 79 78 65 30 10 10 21 92 10 48 93 78 15 91 32 62 98 52 36 64 71 18 87 75 82 86 28 0 60 57 45 36 40 62 33 68 54 63 76 9 35 34 93 26 68 2 99 9 90 28 30 90 78 
14 92 22 51 17 27 29 43 49 84 89 34 83 34 13 69 63 38 77 43 68 27 14 89 88 21 27 57 77 36 65 42 19 98 65 38 23 2 94 95 61 96 60 0 11 62 17 80 75 77 98 1 31 4 82 65 39 68 31 22 27 96 11 70 34 37 10 1 
48 22 97 80 20 85 79 87 82 57 1 2 35 73 19 55 49 48 90 67 79 66 7 47 36 15 25 88 56 89 20 36 79 80 92 34 55 35 33 50 93 53 57 11 0 56 70 11 4 40 78 38 17 26 47 8 44 1 57 15 56 56 53 79 98 54 61 1 
73 76 84 42 10 31 76 53 6 52 98 32 31 69 78 26 1 74 33 21 64 78 3 59 17 10 18 2 43 61 45 26 11 16 21 13 14 3 39 52 99 51 45 62 56 0 15 61 67 96 40 72 8 17 67 62 70 51 59 80 15 78 13 12 80 96 35 7 
31 8 26 65 93 65 59 58 92 33 83 39 58 40 78 84 43 91 51 17 21 19 68 22 88 68 88 85 21 39 88 52 36 16 55 38 31 18 43 15 92 81 36 17 70 15 0 70 86 45 71 73 13 47 83 8 30 61 83 74 47 87 85 98 48 89 74 77 
72 78 15 84 52 23 43 57 9 77 72 29 97 33 89 28 40 85 52 59 36 61 94 55 91 82 2 76 89 12 62 35 50 95 24 80 24 86 64 31 75 92 40 80 11 61 70 0 88 46 37 88 40 38 7 44 59 2 84 30 49 56 46 9 35 30 1 80 
4 73 14 25 11 99 27 79 41 63 15 76 50 98 91 57 4 16 43 78 56 83 5 1 79 80 46 77 69 45 22 23 94 67 7 66 51 12 24 11 9 80 62 75 4 67 86 88 0 20 5 72 2 9 27 41 90 33 71 97 8 39 82 30 4 75 51 92 
71 76 85 21 69 53 22 88 70 52 37 32 47 8 84 93 58 66 24 43 29 60 29 20 88 4 59 91 19 44 1 34 80 35 25 7 22 94 41 86 76 27 33 77 40 96 45 46 20 0 17 50 43 71 9 32 26 35 55 98 97 71 6 64 95 25 47 21 
22 77 44 45 24 4 59 82 6 97 27 52 84 34 40 9 44 53 90 36 46 63 36 20 58 48 22 19 93 8 64 62 90 84 1 80 72 54 64 5 82 38 68 98 78 40 71 37 5 17 0 23 1 70 23 28 26 65 46 39 58 53 53 33 70 80 6 34 
50 44 7 16 15 71 17 11 8 31 33 67 42 63 99 56 54 70 44 76 93 39 83 86 25 71 18 63 50 63 95 79 5 94 49 93 4 60 64 8 28 25 54 1 38 72 73 88 72 50 23 0 65 54 54 54 13 81 97 34 52 56 81 55 13 86 11 82 
58 21 78 31 64 13 93 73 79 23 2 68 21 15 16 77 44 67 89 29 57 24 78 28 56 43 57 46 84 57 85 8 6 19 81 4 24 83 32 55 26 57 63 31 17 8 13 40 2 43 1 65 0 79 72 85 30 13 64 8 71 83 64 65 45 70 76 89 
4 31 57 92 22 40 38 49 38 6 49 33 41 78 38 47 75 90 96 86 52 69 47 98 50 6 34 66 16 97 2 33 87 75 29 33 13 12 19 60 87 41 76 4 26 17 47 38 9 71 70 54 79 0 35 15 60 89 34 25 4 42 31 23 54 97 92 92 
69 37 60 15 47 84 12 20 79 92 89 75 51 44 97 50 99 29 29 35 5 70 79 22 53 21 44 53 18 94 85 4 30 19 89 86 78 84 41 85 37 53 9 82 47 67 83 7 27 9 23 54 72 35 0 83 98 37 7 39 99 32 63 48 63 35 72 43 
25 8 16 20 4 49 23 13 34 96 23 33 5 62 37 12 98 20 65 45 80 62 7 95 25 58 76 29 62 53 61 68 54 26 2 45 8 4 6 99 15 39 35 65 8 62 8 44 41 32 28 54 85 15 83 0 21 91 51 23 3 64 1 93 6 73 53 10 
44 46 25 27 57 62 7 26 28 23 35 98 10 86 99 9 76 18 87 93 76 88 92 19 16 60 99 88 8 25 77 96 81 18 74 30 53 84 93 42 4 20 34 39 44 70 30 59 90 26 26 13 30 60 98 21 0 95 98 12 99 41 92 77 88 62 3 23 
77 69 10 87 89 71 97 78 52 77 95 6 1 37 2 62 60 6 59 83 32 67 81 68 68 55 3 39 65 44 23 58 73 50 22 47 31 1 80 36 93 45 93 68 1 51 61 2 33 35 65 81 13 89 37 91 95 0 83 94 99 48 30 96 99 81 2 76 
27 58 67 8 81 14 15 17 78 23 22 1 91 13 33 75 67 80 89 9 77 20 21 36 74 78 97 21 56 52 15 97 30 38 1 68 27 94 83 57 85 21 26 31 57 59 83 84 71 55 46 97 64 34 7 51 98 83 0 2 53 93 65 76 79 63 77 49 
53 83 72 54 47 37 88 5 31 19 69 38 22 54 31 24 75 11 52 31 53 37 24 96 47 25 91 98 3 11 25 47 39 21 77 67 9 86 75 14 73 64 68 22 15 80 74 30 97 98 39 34 8 25 39 23 12 94 2 0 37 50 15 74 22 33 72 1 
81 97 54 48 55 24 76 89 44 94 68 73 75 27 8 89 92 30 23 65 39 18 64 30 21 59 84 52 91 95 47 90 79 41 33 29 97 52 41 12 44 22 2 27 56 15 47 49 8 97 58 52 71 4 99 3 99 99 53 37 0 47 25 81 38 17 53 69 
42 14 70 61 80 23 36 28 47 30 49 44 22 83 51 90 6 18 11 78 84 22 72 23 67 80 27 60 5 50 33 22 55 53 41 58 85 92 26 53 9 66 99 96 56 78 87 56 39 71 53 56 83 42 32 64 41 48 93 50 47 0 93 91 8 61 10 35 
83 11 37 35 72 67 64 51 10 19 19 25 34 13 51 83 27 82 32 19 81 78 7 57 95 37 27 95 17 19 81 93 43 24 82 85 82 33 69 67 56 69 9 11 53 13 85 46 82 6 53 81 64 31 63 1 92 30 65 15 25 93 0 64 67 69 14 67 
16 24 22 33 15 93 33 69 68 53 98 17 39 26 33 83 68 47 10 39 75 27 22 11 13 81 53 65 78 11 71 85 65 19 84 44 74 87 50 22 18 93 90 70 79 12 98 9 30 64 33 55 65 23 48 93 77 96 76 74 81 91 64 0 92 1 35 71 
65 82 41 20 78 96 92 4 4 32 12 97 38 2 44 6 32 8 7 12 71 33 65 43 26 59 56 15 69 62 55 59 69 80 31 95 40 85 83 82 61 19 28 34 98 80 48 35 4 95 70 13 45 54 63 6 88 99 79 22 38 8 67 92 0 17 38 18 
69 8 78 68 16 54 50 59 68 50 12 97 44 42 42 43 12 18 31 57 27 9 51 73 1 52 8 98 31 40 25 65 45 52 88 94 57 82 87 95 33 69 30 37 54 96 89 30 75 25 80 86 70 97 35 73 62 81 63 33 17 61 69 1 17 0 39 83 
26 25 92 25 26 10 1 13 55 99 53 42 34 56 70 47 4 87 68 53 58 9 91 32 98 64 63 53 53 7 78 41 85 33 54 21 61 6 47 35 99 17 90 10 61 35 74 1 51 47 6 11 76 92 72 53 3 2 77 72 53 10 14 35 38 39 0 15 
99 75 50 84 54 42 23 3 98 84 77 25 96 56 2 22 55 62 19 84 31 21 10 13 99 74 32 45 85 8 90 79 74 38 34 53 26 12 14 62 84 79 78 1 1 7 77 80 92 21 34 82 89 92 43 10 23 76 49 1 69 35 67 71 18 83 15 0 
