72
0 38 13 73 10 76 6 80 65 17 2 77 72 7 26 51 21 19 85 12 29 30 15 51 69 88 88 95 97 87 14 10 8 64 62 23 58 2 1 61 82 9 89 14 48 73 31 72 4 71 22 50 58 4 69 25 44 77 27 53 81 42 83 16 65 69 26 99 88 8 27 26 
38 0 23 10 68 24 28 38 58 84 39 9 33 35 11 24 16 88 26 72 93 75 63 47 33 89 24 56 66 78 4 1 78 7 53 86 71 3 77 92 22 76 8 78 73 76 77 44 21 31 37 8 46 69 58 83 97 14 11 24 82 8 25 75 93 21 33 13 66 95 61 25 
13 23 0 83 98 3 93 99 11 55 97 83 87 71 67 72 49 55 16 6 18 43 21 49 23 14 98 54 85 11 97 56 62 57 90 22 97 84 26 15 14 85 44 7 78 57 60 16 25 10 67 72 54 70 37 22 41 78 92 50 48 78 41 79 46 88 17 29 46 68 67 79 
73 10 83 0 47 1 30 64 76 36 54 94 34 3 85 84 49 55 33 29 56 83 32 29 95 75 9 33 9 85 78 51 80 42 65 84 25 21 45 16 31 92 15 20 27 87 8 54 48 61 35 33 20 68 25 84 95 39 48 6 80 64 88 33 43 75 67 89 99 31 18 69 
10 68 98 47 0 65 61 79 18 40 36 82 29 23 39 42 75 78 71 26 49 51 63 45 55 1 87 17 20 10 93 52 11 69 24 15 64 22 47 4 57 89 81 47 55 80 72 15 78 16 26 54 85 59 86 30 45 38 23 92 55 77 13 60 27 77 72 88 40 44 77 39 
76 24 3 1 65 0 92 70 99 34 44 27 57 70 74 53 90 28 44 2 83 95 97 27 85 31 65 23 99 53 4 71 13 40 84 49 62 71 14 37 24 23 67 93 96 54 10 42 58 89 94 77 83 12 37 17 31 85 58 36 42 82 3 86 94 37 47 81 28 73 29 3 
6 28 93 30 61 92 0 14 42 37 41 19 98 39 64 47 90 3 99 29 79 76 59 43 27 22 59 17 93 38 12 23 7 97 15 88 76 36 64 33 92 50 1 23 98 71 37 19 28 29 53 95 51 47 8 86 17 30 12 62 15 31 9 41 49 31 24 67 93 65 13 18 
80 38 99 64 79 70 14 0 34 11 29 76 6 82 6 43 87 53 58 57 79 88 82 11 73 49 20 13 26 78 17 5 89 28 51 69 4 59 13 3 77 97 97 62 16 75 13 19 31 60 6 17 96 97 61 44 32 45 25 63 80 22 20 78 34 5 40 68 35 35 43 79 
65 58 11 76 18 99 42 34 0 83 39 49 82 6 92 9 41 70 6 8 79 38 79 34 28 52 78 31 44 47 10 68 4 68 55 98 64 81 29 38 65 38 94 19 79 71 93 53 11 33 47 64 94 19 37 30 40 29 55 30 56 91 28 61 13 18 72 92 8 84 57 52 
17 84 55 36 40 34 37 11 83 0 33 77 63 52 97 31 23 6 92 96 23 77 23 19 94 30 19 53 32 50 99 84 94 46 52 87 16 72 49 29 84 28 44 20 80 71 89 87 12 66 94 16 52 99 87 46 64 43 23 83 41 45 17 18 89 1 98 83 72 15 37 27 
2 39 97 54 36 44 41 29 39 33 0 33 2 49 89 23 35 95 22 69 68 49 19 98 12 12 53 77 69 46 65 90 41 8 8 34 59 8 35 5 6 62 51 77 46 97 22 93 72 93 26 98 2 14 39 86 28 39 85 34 2 32 39 29 76 32 52 67 68 33 75 33 
77 9 83 94 82 27 19 76 49 77 33 0 98 6 1 38 73 44 25 17 97 97 42 25 22 28 47 36 63 69 63 33 46 89 43 58 26 33 34 7 66 52 32 8 14 4 29 16 30 67 62 84 97 59 83 35 31 58 97 50 47 84 42 21 41 51 5 10 1 91 22 75 
72 33 87 34 29 57 98 6 82 63 2 98 0 22 34 39 38 44 34 96 42 72 70 71 24 87 40 32 38 39 57 88 29 37 67 11 85 1 17 31 4 79 60 54 70 50 75 47 28 34 73 69 40 33 98 8 34 63 15 78 44 62 86 37 13 54 27 83 13 26 2 42 
7 35 71 3 23 70 39 82 6 52 49 6 22 0 56 56 65 16 93 41 61 71 50 51 33 91 21 53 39 66 81 58 53 90 20 95 65 43 48 22 98 2 90 39 13 19 78 78 89 91 84 40 99 16 38 97 37 99 2 33 31 8 51 51 33 44 42 70 2 98 52 31 
26 11 67 85 39 74 64 6 92 97 89 1 34 56 0 83 50 82 83 96 72 22 19 47 45 92 10 5 78 64 24 96 60 65 83 32 2 85 79 69 55 26 84 28 57 93 9 56 77 47 50 12 9 62 75 24 89 90 83 83 6 43 47 22 52 74 43 14 19 24 46 96 
51 24 72 84 42 53 47 43 9 31 23 38 39 56 83 0 53 34 55 15 58 62 41 73 66 23 3 87 2 73 52 72 88 78 63 49 1 43 40 4 58 44 54 44 75 99 98 76 60 67 75 92 6 27 68 32 12 4 55 2 14 60 57 82 9 39 5 71 77 74 6 80 
21 16 49 49 75 90 90 87 41 23 35 73 38 65 50 53 0 85 60 32 91 8 67 33 47 76 83 45 65 38 48 74 91 85 16 66 53 70 67 90 29 20 18 6 80 11 30 18 82 47 8 18 87 62 65 8 30 56 29 44 99 56 6 51 93 64 53 35 99 84 78 38 
19 88 55 55 78 28 3 53 70 6 95 44 44 16 82 34 85 0 90 55 5 44 12 30 77 90 33 51 52 43 24 90 44 89 96 29 65 87 59 89 52 23 11 32 10 7 31 68 19 13 74 75 92 66 86 54 43 7 10 37 88 60 9 54 88 19 22 68 15 21 86 10 
85 26 16 33 71 44 99 58 6 92 22 25 34 93 83 55 60 90 0 43 67 21 17 59 78 43 36 76 29 86 35 45 93 83 9 31 65 78 19 39 12 57 53 84 77 69 26 70 32 60 63 30 67 33 72 61 94 73 28 98 94 69 39 61 98 10 68 79 64 21 36 56 
12 72 6 29 26 2 29 57 8 96 69 17 96 41 96 15 32 55 43 0 29 46 93 57 52 5 80 76 32 77 53 39 84 81 75 71 27 58 31 65 39 19 96 42 96 58 49 43 53 23 65 71 62 61 97 28 1 27 51 21 27 66 78 19 61 83 60 63 39 24 69 70 
29 93 18 56 49 83 79 79 79 23 68 97 42 61 72 58 91 5 67 29 0 62 88 67 20 37 18 22 78 27 33 9 9 21 69 83 55 86 94 75 90 24 95 91 14 12 43 11 89 25 48 69 44 92 14 7 3 68 94 5 29 36 83 78 47 79 7 92 81 21 24 64 
30 75 43 83 51 95 76 88 38 77 49 97 72 71 22 62 8 44 21 46 62 0 72 7 22 65 51 91 10 93 68 86 34 72 9 52 34 62 8 60 42 28 52 41 72 46 95 10 89 47 59 22 55 1 20 20 86 28 98 22 95 19 68 36 96 30 23 57 11 43 73 32 
15 63 21 32 63 97 59 82 79 23 19 42 70 50 19 41 67 12 17 93 88 72 0 13 83 8 88 9 62 24 35 95 4 56 69 16 25 95 63 27 99 48 88 36 17 88 91 79 88 58 25 56 50 53 25 16 68 74 47 21 67 95 13 26 1 98 99 78 12 91 25 55 
51 47 49 29 45 27 43 11 34 19 98 25 71 51 47 73 33 30 59 57 67 7 13 0 48 78 41 60 96 80 90 32 57 34 39 93 21 15 10 68 82 80 4 48 71 43 6 21 58 60 55 78 25 59 80 37 81 59 52 64 74 84 89 83 56 79 71 28 24 54 70 69 
69 33 23 95 55 85 27 73 28 94 12 22 24 33 45 66 47 77 78 52 20 22 83 48 0 24 47 40 67 78 27 25 18 88 2 46 59 22 18 57 34 44 76 99 3 97 91 84 27 27 53 56 8 63 32 80 93 77 47 88 71 70 56 93 99 88 86 75 16 15 57 88 
88 89 14 75 1 31 22 49 52 30 12 28 87 91 92 23 76 90 43 5 37 65 8 78 24 0 2 85 76 77 91 19 63 46 66 53 29 88 39 21 98 52 60 95 65 15 98 53 45 17 65 31 83 11 46 89 79 60 98 43 65 6 91 77 56 43 21 89 69 19 93 50 
88 24 98 9 87 65 59 20 78 19 53 47 40 21 10 3 83 33 36 80 18 51 88 41 47 2 0 84 16 18 62 8 65 56 3 91 5 17 78 69 31 53 85 37 99 60 32 36 33 51 52 6 34 1 10 32 36 89 61 39 12 45 44 8 63 57 97 94 53 25 44 52 
95 56 54 33 17 23 17 13 31 53 77 36 32 53 5 87 45 51 76 76 22 91 9 60 40 85 84 0 11 95 50 19 11 62 40 7 8 80 13 1 4 52 16 68 82 60 67 16 62 65 20 45 88 62 22 1 64 95 85 2 85 61 77 23 15 25 47 33 81 71 55 25 
97 66 85 9 20 99 93 26 44 32 69 63 38 39 78 2 65 52 29 32 78 10 62 96 67 76 16 11 0 78 90 36 58 32 40 15 94 49 14 20 16 98 42 36 26 52 35 23 34 62 79 8 33 4 68 96 58 97 47 90 22 93 85 59 65 41 79 79 63 63 48 28 
87 78 11 85 10 53 38 78 47 50 46 69 39 66 64 73 38 43 86 77 27 93 24 80 78 77 18 95 78 0 72 43 15 94 52 19 79 11 36 50 94 80 90 5 6 87 30 54 81 73 30 39 79 55 43 65 69 45 85 74 51 81 51 36 73 16 40 3 36 98 80 16 
14 4 97 78 93 4 12 17 10 99 65 63 57 81 24 52 48 24 35 53 33 68 35 90 27 91 62 50 90 72 0 16 95 67 35 84 94 19 75 19 26 18 50 38 21 41 53 24 19 80 52 33 38 31 41 51 74 69 81 16 64 65 92 21 55 24 7 25 1 49 81 29 
10 1 56 51 52 71 23 5 68 84 90 33 88 58 96 72 74 90 45 39 9 86 95 32 25 19 8 19 36 43 16 0 89 2 74 22 1 77 33 41 82 84 31 88 54 34 83 23 4 35 50 89 71 38 34 13 38 80 66 7 80 93 4 33 86 45 30 47 68 67 29 58 
8 78 62 80 11 13 7 89 4 94 41 46 29 53 60 88 91 44 93 84 9 34 4 57 18 63 65 11 58 15 95 89 0 85 44 95 94 21 53 32 26 64 53 60 18 23 55 14 31 24 51 22 72 4 24 13 78 8 53 31 27 9 97 85 82 74 40 57 61 26 66 96 
64 7 57 42 69 40 97 28 68 46 8 89 37 90 65 78 85 89 83 81 21 72 56 34 88 46 56 62 32 94 67 2 85 0 28 19 87 2 35 3 18 86 12 94 54 60 83 12 84 4 84 1 94 86 52 92 33 87 85 82 6 12 70 10 47 75 94 33 39 43 64 24 
62 53 90 65 24 84 15 51 55 52 8 43 67 20 83 63 16 96 9 75 69 9 69 39 2 66 3 40 40 52 35 74 44 28 0 41 64 64 32 19 41 6 93 80 83 75 41 26 69 50 83 87 47 14 22 81 82 95 50 52 15 31 11 86 5 8 55 60 85 99 42 36 
23 86 22 84 15 49 88 69 98 87 34 58 11 95 32 49 66 29 31 71 83 52 16 93 46 53 91 7 15 19 84 22 95 19 41 0 57 14 12 53 67 22 82 95 35 62 92 86 61 93 99 92 75 9 76 82 28 26 87 37 15 4 93 85 73 44 9 56 18 61 33 99 
58 71 97 25 64 62 76 4 64 16 59 26 85 65 2 1 53 65 65 27 55 34 25 21 59 29 5 8 94 79 94 1 94 87 64 57 0 84 28 96 53 51 81 92 80 27 38 25 57 41 53 39 20 45 21 64 22 66 69 93 19 69 17 79 60 57 45 36 40 62 33 68 
2 3 84 21 22 71 36 59 81 72 8 33 1 43 85 43 70 87 78 58 86 62 95 15 22 88 17 80 49 11 19 77 21 2 64 14 84 0 54 63 76 9 35 34 93 26 68 2 99 9 90 28 30 90 78 11 62 17 80 75 77 98 1 31 4 82 65 39 68 31 22 27 
1 77 26 45 47 14 64 13 29 49 35 34 17 48 79 40 67 59 19 31 94 8 63 10 18 39 78 13 14 36 75 33 53 35 32 12 28 54 0 96 11 70 34 37 10 1 56 70 11 4 40 78 38 17 26 47 8 44 1 57 15 56 56 53 79 98 54 61 1 15 61 67 
61 92 15 16 4 37 33 3 38 29 5 7 31 22 69 4 90 89 39 65 75 60 27 68 57 21 69 1 20 50 19 41 32 3 19 53 96 63 96 0 96 40 72 8 17 67 62 70 51 59 80 15 78 13 12 80 96 35 7 70 86 45 71 73 13 47 83 8 30 61 83 74 
82 22 14 31 57 24 92 77 65 84 6 66 4 98 55 58 29 52 12 39 90 42 99 82 34 98 31 4 16 94 26 82 26 18 41 67 53 76 11 96 0 47 87 85 98 48 89 74 77 88 46 37 88 40 38 7 44 59 2 84 30 49 56 46 9 35 30 1 80 20 5 72 
9 76 85 92 89 23 50 97 38 28 62 52 79 2 26 44 20 23 57 19 24 28 48 80 44 52 53 52 98 80 18 84 64 86 6 22 51 9 70 40 47 0 2 9 27 41 90 33 71 97 8 39 82 30 4 75 51 92 17 50 43 71 9 32 26 35 55 98 97 71 6 64 
89 8 44 15 81 67 1 97 94 44 51 32 60 90 84 54 18 11 53 96 95 52 88 4 76 60 85 16 42 90 50 31 53 12 93 82 81 35 34 72 87 2 0 95 25 47 21 23 1 70 23 28 26 65 46 39 58 53 53 33 70 80 6 34 65 54 54 54 13 81 97 34 
14 78 7 20 47 93 23 62 19 20 77 8 54 39 28 44 6 32 84 42 91 41 36 48 99 95 37 68 36 5 38 88 60 94 80 95 92 34 37 8 85 9 95 0 52 56 81 55 13 86 11 82 79 72 85 30 13 64 8 71 83 64 65 45 70 76 89 35 15 60 89 34 
48 73 78 27 55 96 98 16 79 80 46 14 70 13 57 75 80 10 77 96 14 72 17 71 3 65 99 82 26 6 21 54 18 54 83 35 80 93 10 17 98 27 25 52 0 25 4 42 31 23 54 97 92 92 83 98 37 7 39 99 32 63 48 63 35 72 43 21 91 51 23 3 
73 76 57 87 80 54 71 75 71 71 97 4 50 19 93 99 11 7 69 58 12 46 88 43 97 15 60 60 52 87 41 34 23 60 75 62 27 26 1 67 48 41 47 56 25 0 64 1 93 6 73 53 10 95 98 12 99 41 92 77 88 62 3 23 83 94 99 48 30 96 99 81 
31 77 60 8 72 10 37 13 93 89 22 29 75 78 9 98 30 31 26 49 43 95 91 6 91 98 32 67 35 30 53 83 55 83 41 92 38 68 56 62 89 90 21 81 4 64 0 2 76 2 53 93 65 76 79 63 77 49 37 50 15 74 22 33 72 1 47 25 81 38 17 53 
72 44 16 54 15 42 19 19 53 87 93 16 47 78 56 76 18 68 70 43 11 10 79 21 84 53 36 16 23 54 24 23 14 12 26 86 25 2 70 70 74 33 23 55 42 1 2 0 69 93 91 8 61 10 35 64 67 69 14 67 92 1 35 71 17 38 18 39 83 15 38 63 
4 21 25 48 78 58 28 31 11 12 72 30 28 89 77 60 82 19 32 53 89 89 88 58 27 45 33 62 34 81 19 4 31 84 69 61 57 99 11 51 77 71 1 13 31 93 76 69 0 1 34 50 78 32 58 59 74 77 29 77 54 59 32 95 14 39 92 88 60 47 63 87 
71 31 10 61 16 89 29 60 33 66 93 67 34 91 47 67 47 13 60 23 25 47 58 60 27 17 51 65 62 73 80 35 24 4 50 93 41 9 4 59 88 97 70 86 23 6 2 93 1 0 62 40 72 3 60 26 58 33 31 53 92 42 79 58 46 86 26 74 75 7 3 31 
22 37 67 35 26 94 53 6 47 94 26 62 73 84 50 75 8 74 63 65 48 59 25 55 53 65 52 20 79 30 52 50 51 84 83 99 53 90 40 80 46 8 23 11 54 73 53 91 34 62 0 78 79 92 97 43 19 84 90 89 57 43 5 12 25 23 7 5 80 29 54 31 
50 8 72 33 54 77 95 17 64 16 98 84 69 40 12 92 18 75 30 71 69 22 56 78 56 31 6 45 8 39 33 89 22 1 87 92 39 28 78 15 37 39 28 82 97 53 93 8 50 40 78 0 22 28 6 36 73 83 49 52 95 25 77 41 86 29 41 48 24 29 85 90 
58 46 54 20 85 83 51 96 94 52 2 97 40 99 9 6 87 92 67 62 44 55 50 25 8 83 34 88 33 79 38 71 72 94 47 75 20 30 38 78 88 82 26 79 92 10 65 61 78 72 79 22 0 38 6 24 69 21 14 57 30 29 92 55 29 64 82 61 70 84 73 80 
4 69 70 68 59 12 47 97 19 99 14 59 33 16 62 27 62 66 33 61 92 1 53 59 63 11 1 62 4 55 31 38 4 86 14 9 45 90 17 13 40 30 65 72 92 95 76 10 32 3 92 28 38 0 49 53 93 93 97 58 95 40 91 79 62 58 6 77 26 80 94 38 
69 58 37 25 86 37 8 61 37 87 39 83 98 38 75 68 65 86 72 97 14 20 25 80 32 46 10 22 68 43 41 34 24 52 22 76 21 78 26 12 38 4 46 85 83 98 79 35 58 60 97 6 6 49 0 45 61 16 93 42 64 8 3 47 76 53 67 26 38 4 26 85 
25 83 22 84 30 17 86 44 30 46 86 35 8 97 24 32 8 54 61 28 7 20 16 37 80 89 32 1 96 65 51 13 13 92 81 82 64 11 47 80 7 75 39 30 98 12 63 64 59 26 43 36 24 53 45 0 65 1 53 82 47 85 18 55 36 79 61 51 47 24 66 1 
44 97 41 95 45 31 17 32 40 64 28 31 34 37 89 12 30 43 94 1 3 86 68 81 93 79 36 64 58 69 74 38 78 33 82 28 22 62 8 96 44 51 58 13 37 99 77 67 74 58 19 73 69 93 61 65 0 33 13 91 76 26 56 70 6 15 88 3 92 65 99 88 
77 14 78 39 38 85 30 45 29 43 39 58 63 99 90 4 56 7 73 27 68 28 74 59 77 60 89 95 97 45 69 80 8 87 95 26 66 17 44 35 59 92 53 64 7 41 49 69 77 33 84 83 21 93 16 1 33 0 59 25 46 15 78 87 33 92 73 39 84 21 25 72 
27 11 92 48 23 58 12 25 55 23 85 97 15 2 83 55 29 10 28 51 94 98 47 52 47 98 61 85 47 85 81 66 53 85 50 87 69 80 1 7 2 17 53 8 39 92 37 14 29 31 90 49 14 97 93 53 13 59 0 28 38 96 83 17 55 97 53 74 6 67 81 95 
53 24 50 6 92 36 62 63 30 83 34 50 78 33 83 2 44 37 98 21 5 22 21 64 88 43 39 2 90 74 16 7 31 82 52 37 93 75 57 70 84 50 33 71 99 77 50 67 77 53 89 52 57 58 42 82 91 25 28 0 51 3 90 33 8 90 86 37 67 74 12 36 
81 82 48 80 55 42 15 80 56 41 2 47 44 31 6 14 99 88 94 27 29 95 67 74 71 65 12 85 22 51 64 80 27 6 15 15 19 77 15 86 30 43 70 83 32 88 15 92 54 92 57 95 30 95 64 47 76 46 38 51 0 43 40 53 94 85 21 74 8 53 70 58 
42 8 78 64 77 82 31 22 91 45 32 84 62 8 43 60 56 60 69 66 36 19 95 84 70 6 45 61 93 81 65 93 9 12 31 4 69 98 56 45 49 71 80 64 63 62 74 1 59 42 43 25 29 40 8 85 26 15 96 3 43 0 63 90 84 17 29 46 83 82 69 68 
83 25 41 88 13 3 9 20 28 17 39 42 86 51 47 57 6 9 39 78 83 68 13 89 56 91 44 77 85 51 92 4 97 70 11 93 17 1 56 71 56 9 6 65 48 3 22 35 32 79 5 77 92 91 3 18 56 78 83 90 40 63 0 62 84 70 39 75 64 73 13 35 
16 75 79 33 60 86 41 78 61 18 29 21 37 51 22 82 51 54 61 19 78 36 26 83 93 77 8 23 59 36 21 33 85 10 86 85 79 31 53 73 46 32 34 45 63 23 33 71 95 58 12 41 55 79 47 55 70 87 17 33 53 90 62 0 25 84 35 23 90 41 88 76 
65 93 46 43 27 94 49 34 13 89 76 41 13 33 52 9 93 88 98 61 47 96 1 56 99 56 63 15 65 73 55 86 82 47 5 73 60 4 79 13 9 26 65 70 35 83 72 17 14 46 25 86 29 62 76 36 6 33 55 8 94 84 84 25 0 78 39 76 22 16 56 69 
69 21 88 75 77 37 31 5 18 1 32 51 54 44 74 39 64 19 10 83 79 30 98 79 88 43 57 25 41 16 24 45 74 75 8 44 57 82 98 47 35 35 54 76 72 94 1 38 39 86 23 29 64 58 53 79 15 92 97 90 85 17 70 84 78 0 83 69 12 37 58 28 
26 33 17 67 72 47 24 40 72 98 52 5 27 42 43 5 53 22 68 60 7 23 99 71 86 21 97 47 79 40 7 30 40 94 55 9 45 65 54 83 30 55 54 89 43 99 47 18 92 26 7 41 82 6 67 61 88 73 53 86 21 29 39 35 39 83 0 80 2 13 2 9 
99 13 29 89 88 81 67 68 92 83 67 10 83 70 14 71 35 68 79 63 92 57 78 28 75 89 94 33 79 3 25 47 57 33 60 56 36 39 61 8 1 98 54 35 21 48 25 39 88 74 5 48 61 77 26 51 3 39 74 37 74 46 75 23 76 69 80 0 90 64 91 16 
88 66 46 99 40 28 93 35 8 72 68 1 13 2 19 77 99 15 64 39 81 11 12 24 16 69 53 81 63 36 1 68 61 39 85 18 40 68 1 30 80 97 13 15 91 30 81 83 60 75 80 24 70 26 38 47 92 84 6 67 8 83 64 90 22 12 2 90 0 86 81 85 
8 95 68 31 44 73 65 35 84 15 33 91 26 98 24 74 84 21 21 24 21 43 91 54 15 19 25 71 63 98 49 67 26 43 99 61 62 31 15 61 20 71 81 60 51 96 38 15 47 7 29 29 84 80 4 24 65 21 67 74 53 82 73 41 16 37 13 64 86 0 28 94 
27 61 67 18 77 29 13 43 57 37 75 22 2 52 46 6 78 86 36 69 24 73 25 70 57 93 44 55 48 80 81 29 66 64 42 33 33 22 61 83 5 6 97 89 23 99 17 38 63 3 54 85 73 94 26 66 99 25 81 12 70 69 13 88 56 58 2 91 81 28 0 8 
26 25 79 69 39 3 18 79 52 27 33 75 42 31 96 80 38 10 56 70 64 32 55 69 88 50 52 25 28 16 29 58 96 24 36 99 68 27 67 74 72 64 34 34 3 81 53 63 87 31 31 90 80 38 85 1 88 72 95 36 58 68 35 76 69 28 9 16 85 94 8 0 
