74
0 38 13 73 10 76 6 80 65 17 2 77 72 7 26 51 21 19 85 12 29 30 15 51 69 88 88 95 97 87 14 10 8 64 62 23 58 2 1 61 82 9 89 14 48 73 31 72 4 71 22 50 58 4 69 25 44 77 27 53 81 42 83 16 65 69 26 99 88 8 27 26 23 10 
38 0 68 24 28 38 58 84 39 9 33 35 11 24 16 88 26 72 93 75 63 47 33 89 24 56 66 78 4 1 78 7 53 86 71 3 77 92 22 76 8 78 73 76 77 44 21 31 37 8 46 69 58 83 97 14 11 24 82 8 25 75 93 21 33 13 66 95 61 25 83 98 3 93 
13 68 0 99 11 55 97 83 87 71 67 72 49 55 16 6 18 43 21 49 23 14 98 54 85 11 97 56 62 57 90 22 97 84 26 15 14 85 44 7 78 57 60 16 25 10 67 72 54 70 37 22 41 78 92 50 48 78 41 79 46 88 17 29 46 68 67 79 47 1 30 64 76 36 
73 24 99 0 54 94 34 3 85 84 49 55 33 29 56 83 32 29 95 75 9 33 9 85 78 51 80 42 65 84 25 21 45 16 31 92 15 20 27 87 8 54 48 61 35 33 20 68 25 84 95 39 48 6 80 64 88 33 43 75 67 89 99 31 18 69 65 61 79 18 40 36 82 29 
10 28 11 54 0 23 39 42 75 78 71 26 49 51 63 45 55 1 87 17 20 10 93 52 11 69 24 15 64 22 47 4 57 89 81 47 55 80 72 15 78 16 26 54 85 59 86 30 45 38 23 92 55 77 13 60 27 77 72 88 40 44 77 39 92 70 99 34 44 27 57 70 74 53 
76 38 55 94 23 0 90 28 44 2 83 95 97 27 85 31 65 23 99 53 4 71 13 40 84 49 62 71 14 37 24 23 67 93 96 54 10 42 58 89 94 77 83 12 37 17 31 85 58 36 42 82 3 86 94 37 47 81 28 73 29 3 14 42 37 41 19 98 39 64 47 90 3 99 
6 58 97 34 39 90 0 29 79 76 59 43 27 22 59 17 93 38 12 23 7 97 15 88 76 36 64 33 92 50 1 23 98 71 37 19 28 29 53 95 51 47 8 86 17 30 12 62 15 31 9 41 49 31 24 67 93 65 13 18 34 11 29 76 6 82 6 43 87 53 58 57 79 88 
80 84 83 3 42 28 29 0 82 11 73 49 20 13 26 78 17 5 89 28 51 69 4 59 13 3 77 97 97 62 16 75 13 19 31 60 6 17 96 97 61 44 32 45 25 63 80 22 20 78 34 5 40 68 35 35 43 79 83 39 49 82 6 92 9 41 70 6 8 79 38 79 34 28 
65 39 87 85 75 44 79 82 0 52 78 31 44 47 10 68 4 68 55 98 64 81 29 38 65 38 94 19 79 71 93 53 11 33 47 64 94 19 37 30 40 29 55 30 56 91 28 61 13 18 72 92 8 84 57 52 33 77 63 52 97 31 23 6 92 96 23 77 23 19 94 30 19 53 
17 9 71 84 78 2 76 11 52 0 32 50 99 84 94 46 52 87 16 72 49 29 84 28 44 20 80 71 89 87 12 66 94 16 52 99 87 46 64 43 23 83 41 45 17 18 89 1 98 83 72 15 37 27 33 2 49 89 23 35 95 22 69 68 49 19 98 12 12 53 77 69 46 65 
2 33 67 49 71 83 59 73 78 32 0 90 41 8 8 34 59 8 35 5 6 62 51 77 46 97 22 93 72 93 26 98 2 14 39 86 28 39 85 34 2 32 39 29 76 32 52 67 68 33 75 33 98 6 1 38 73 44 25 17 97 97 42 25 22 28 47 36 63 69 63 33 46 89 
77 35 72 55 26 95 43 49 31 50 90 0 43 58 26 33 34 7 66 52 32 8 14 4 29 16 30 67 62 84 97 59 83 35 31 58 97 50 47 84 42 21 41 51 5 10 1 91 22 75 22 34 39 38 44 34 96 42 72 70 71 24 87 40 32 38 39 57 88 29 37 67 11 85 
72 11 49 33 49 97 27 20 44 99 41 43 0 1 17 31 4 79 60 54 70 50 75 47 28 34 73 69 40 33 98 8 34 63 15 78 44 62 86 37 13 54 27 83 13 26 2 42 56 56 65 16 93 41 61 71 50 51 33 91 21 53 39 66 81 58 53 90 20 95 65 43 48 22 
7 24 55 29 51 27 22 13 47 84 8 58 1 0 98 2 90 39 13 19 78 78 89 91 84 40 99 16 38 97 37 99 2 33 31 8 51 51 33 44 42 70 2 98 52 31 83 50 82 83 96 72 22 19 47 45 92 10 5 78 64 24 96 60 65 83 32 2 85 79 69 55 26 84 
26 16 16 56 63 85 59 26 10 94 8 26 17 98 0 28 57 93 9 56 77 47 50 12 9 62 75 24 89 90 83 83 6 43 47 22 52 74 43 14 19 24 46 96 53 34 55 15 58 62 41 73 66 23 3 87 2 73 52 72 88 78 63 49 1 43 40 4 58 44 54 44 75 99 
51 88 6 83 45 31 17 78 68 46 34 33 31 2 28 0 98 76 60 67 75 92 6 27 68 32 12 4 55 2 14 60 57 82 9 39 5 71 77 74 6 80 85 60 32 91 8 67 33 47 76 83 45 65 38 48 74 91 85 16 66 53 70 67 90 29 20 18 6 80 11 30 18 82 
21 26 18 32 55 65 93 17 4 52 59 34 4 90 57 98 0 47 8 18 87 62 65 8 30 56 29 44 99 56 6 51 93 64 53 35 99 84 78 38 90 55 5 44 12 30 77 90 33 51 52 43 24 90 44 89 96 29 65 87 59 89 52 23 11 32 10 7 31 68 19 13 74 75 
19 72 43 29 1 23 38 5 68 87 8 7 79 39 93 76 47 0 92 66 86 54 43 7 10 37 88 60 9 54 88 19 22 68 15 21 86 10 43 67 21 17 59 78 43 36 76 29 86 35 45 93 83 9 31 65 78 19 39 12 57 53 84 77 69 26 70 32 60 63 30 67 33 72 
85 93 21 95 87 99 12 89 55 16 35 66 60 13 9 60 8 92 0 61 94 73 28 98 94 69 39 61 98 10 68 79 64 21 36 56 29 46 93 57 52 5 80 76 32 77 53 39 84 81 75 71 27 58 31 65 39 19 96 42 96 58 49 43 53 23 65 71 62 61 97 28 1 27 
12 75 49 75 17 53 23 28 98 72 5 52 54 19 56 67 18 66 61 0 51 21 27 66 78 19 61 83 60 63 39 24 69 70 62 88 67 20 37 18 22 78 27 33 9 9 21 69 83 55 86 94 75 90 24 95 91 14 12 43 11 89 25 48 69 44 92 14 7 3 68 94 5 29 
29 63 23 9 20 4 7 51 64 49 6 32 70 78 77 75 87 86 94 51 0 36 83 78 47 79 7 92 81 21 24 64 72 7 22 65 51 91 10 93 68 86 34 72 9 52 34 62 8 60 42 28 52 41 72 46 95 10 89 47 59 22 55 1 20 20 86 28 98 22 95 19 68 36 
30 47 14 33 10 71 97 69 81 29 62 8 50 78 47 92 62 54 73 21 36 0 96 30 23 57 11 43 73 32 13 83 8 88 9 62 24 35 95 4 56 69 16 25 95 63 27 99 48 88 36 17 88 91 79 88 58 25 56 50 53 25 16 68 74 47 21 67 95 13 26 1 98 99 
15 33 98 9 93 13 15 4 29 84 51 14 75 89 50 6 65 43 28 27 83 96 0 78 12 91 25 55 48 78 41 60 96 80 90 32 57 34 39 93 21 15 10 68 82 80 4 48 71 43 6 21 58 60 55 78 25 59 80 37 81 59 52 64 74 84 89 83 56 79 71 28 24 54 
51 89 54 85 52 40 88 59 38 28 77 4 47 91 12 27 8 7 98 66 78 30 78 0 70 69 24 47 40 67 78 27 25 18 88 2 46 59 22 18 57 34 44 76 99 3 97 91 84 27 27 53 56 8 63 32 80 93 77 47 88 71 70 56 93 99 88 86 75 16 15 57 88 2 
69 24 85 78 11 84 76 13 65 44 46 29 28 84 9 68 30 10 94 78 47 23 12 70 0 85 76 77 91 19 63 46 66 53 29 88 39 21 98 52 60 95 65 15 98 53 45 17 65 31 83 11 46 89 79 60 98 43 65 6 91 77 56 43 21 89 69 19 93 50 84 16 18 62 
88 56 11 51 69 49 36 3 38 20 97 16 34 40 62 32 56 37 69 19 79 57 91 69 85 0 8 65 56 3 91 5 17 78 69 31 53 85 37 99 60 32 36 33 51 52 6 34 1 10 32 36 89 61 39 12 45 44 8 63 57 97 94 53 25 44 52 11 95 50 19 11 62 40 
88 66 97 80 24 62 64 77 94 80 22 30 73 99 75 12 29 88 39 61 7 11 25 24 76 8 0 7 8 80 13 1 4 52 16 68 82 60 67 16 62 65 20 45 88 62 22 1 64 95 85 2 85 61 77 23 15 25 47 33 81 71 55 25 78 90 36 58 32 40 15 94 49 14 
95 78 56 42 15 71 33 97 19 71 93 67 69 16 24 4 44 60 61 83 92 43 55 47 77 65 7 0 20 16 98 42 36 26 52 35 23 34 62 79 8 33 4 68 96 58 97 47 90 22 93 85 59 65 41 79 79 63 63 48 28 72 43 15 94 52 19 79 11 36 50 94 80 90 
97 4 62 65 64 14 92 97 79 89 72 62 40 38 89 55 99 9 98 60 81 73 48 40 91 56 8 20 0 5 6 87 30 54 81 73 30 39 79 55 43 65 69 45 85 74 51 81 51 36 73 16 40 3 36 98 80 16 16 95 67 35 84 94 19 75 19 26 18 50 38 21 41 53 
87 1 57 84 22 37 50 62 71 87 93 84 33 97 90 2 56 54 10 63 21 32 78 67 19 3 80 16 5 0 24 19 80 52 33 38 31 41 51 74 69 81 16 64 65 92 21 55 24 7 25 1 49 81 29 89 2 74 22 1 77 33 41 82 84 31 88 54 34 83 23 4 35 50 
14 78 90 25 47 24 1 16 93 12 26 97 98 37 83 14 6 88 68 39 24 13 41 78 63 91 13 98 6 24 0 89 71 38 34 13 38 80 66 7 80 93 4 33 86 45 30 47 68 67 29 58 85 44 95 94 21 53 32 26 64 53 60 18 23 55 14 31 24 51 22 72 4 24 
10 7 22 21 4 23 23 75 53 66 98 59 8 99 83 60 51 19 79 24 64 83 60 27 46 5 1 42 87 19 89 0 13 78 8 53 31 27 9 97 85 82 74 40 57 61 26 66 96 28 19 87 2 35 3 18 86 12 94 54 60 83 12 84 4 84 1 94 86 52 92 33 87 85 
8 53 97 45 57 67 98 13 11 94 2 83 34 2 6 57 93 22 64 69 72 8 96 25 66 17 4 36 30 80 71 13 0 82 6 12 70 10 47 75 94 33 39 43 64 24 41 64 64 32 19 41 6 93 80 83 75 41 26 69 50 83 87 47 14 22 81 82 95 50 52 15 31 11 
64 86 84 16 89 93 71 19 33 16 14 35 63 33 43 82 64 68 21 70 7 88 80 18 53 78 52 26 54 52 38 78 82 0 86 5 8 55 60 85 99 42 36 57 14 12 53 67 22 82 95 35 62 92 86 61 93 99 92 75 9 76 82 28 26 87 37 15 4 93 85 73 44 9 
62 71 26 31 81 96 37 31 47 52 39 31 15 31 47 9 53 15 36 62 22 9 90 88 29 69 16 52 81 33 34 8 6 86 0 56 18 61 33 99 84 28 96 53 51 81 92 80 27 38 25 57 41 53 39 20 45 21 64 22 66 69 93 19 69 17 79 60 57 45 36 40 62 33 
23 3 15 92 47 54 19 60 64 99 86 58 78 8 22 39 35 21 56 88 65 62 32 2 88 31 68 35 73 38 13 53 12 5 56 0 68 54 63 76 9 35 34 93 26 68 2 99 9 90 28 30 90 78 11 62 17 80 75 77 98 1 31 4 82 65 39 68 31 22 27 96 11 70 
58 77 14 15 55 10 28 6 94 87 28 97 44 51 52 5 99 86 29 67 51 24 57 46 39 53 82 23 30 31 38 31 70 8 18 68 0 34 37 10 1 56 70 11 4 40 78 38 17 26 47 8 44 1 57 15 56 56 53 79 98 54 61 1 15 61 67 96 40 72 8 17 67 62 
2 92 85 20 80 42 29 17 19 46 39 50 62 51 74 71 84 10 46 20 91 35 34 59 21 85 60 34 39 41 80 27 10 55 61 54 34 0 70 51 59 80 15 78 13 12 80 96 35 7 70 86 45 71 73 13 47 83 8 30 61 83 74 47 87 85 98 48 89 74 77 88 46 37 
1 22 44 27 72 58 53 96 37 64 85 47 86 33 43 77 78 43 93 37 10 95 39 22 98 37 67 62 79 51 66 9 47 60 33 63 37 70 0 88 40 38 7 44 59 2 84 30 49 56 46 9 35 30 1 80 20 5 72 2 9 27 41 90 33 71 97 8 39 82 30 4 75 51 
61 76 7 87 15 89 95 97 30 43 34 84 37 44 14 74 38 67 57 18 93 4 93 18 52 99 16 79 55 74 7 97 75 85 99 76 10 51 88 0 92 17 50 43 71 9 32 26 35 55 98 97 71 6 64 95 25 47 21 23 1 70 23 28 26 65 46 39 58 53 53 33 70 80 
82 8 78 8 78 94 51 61 40 23 2 42 13 42 19 6 90 21 52 22 68 56 21 57 60 60 62 8 43 69 80 85 94 99 84 9 1 59 40 92 0 6 34 65 54 54 54 13 81 97 34 52 56 81 55 13 86 11 82 79 72 85 30 13 64 8 71 83 64 65 45 70 76 89 
9 78 57 54 16 77 47 44 29 83 32 21 54 70 24 80 55 17 5 78 86 69 15 34 95 32 65 33 65 81 93 82 33 42 28 35 56 80 38 17 6 0 35 15 60 89 34 25 4 42 31 23 54 97 92 92 83 98 37 7 39 99 32 63 48 63 35 72 43 21 91 51 23 3 
89 73 60 48 26 83 8 32 55 41 39 41 27 2 46 85 5 59 80 27 34 16 10 44 65 36 20 4 69 16 4 74 39 36 96 34 70 15 7 50 34 35 0 64 1 93 6 73 53 10 95 98 12 99 41 92 77 88 62 3 23 83 94 99 48 30 96 99 81 2 76 2 53 93 
14 76 16 61 54 12 86 45 30 45 29 51 83 98 96 60 44 78 76 33 72 25 68 76 15 33 45 68 45 64 33 40 43 57 53 93 11 78 44 43 65 15 64 0 65 76 79 63 77 49 37 50 15 74 22 33 72 1 47 25 81 38 17 53 69 93 91 8 61 10 35 64 67 69 
48 77 25 35 85 37 17 25 56 17 76 5 13 52 53 32 12 43 32 9 9 95 82 99 98 51 88 96 85 65 86 57 64 14 51 26 4 13 59 71 54 60 1 65 0 14 67 92 1 35 71 17 38 18 39 83 15 38 63 1 34 50 78 32 58 59 74 77 29 77 54 59 32 95 
73 44 10 33 59 17 30 63 91 18 32 10 26 31 34 91 30 36 77 9 52 63 80 3 53 52 62 58 74 92 45 61 24 12 81 68 40 12 2 9 54 89 93 76 14 0 14 39 92 88 60 47 63 87 62 40 72 3 60 26 58 33 31 53 92 42 79 58 46 86 26 74 75 7 
31 21 67 20 86 31 12 80 28 89 52 1 2 83 55 8 77 76 53 21 34 27 4 97 45 6 22 97 51 21 30 26 41 53 92 2 78 80 84 32 54 34 6 79 67 14 0 3 31 78 79 92 97 43 19 84 90 89 57 43 5 12 25 23 7 5 80 29 54 31 22 28 6 36 
72 31 72 68 30 85 62 22 61 1 67 91 42 50 15 67 90 29 39 69 62 99 48 91 17 34 1 47 81 55 47 66 64 67 80 99 38 96 30 26 13 25 73 63 92 39 3 0 73 83 49 52 95 25 77 41 86 29 41 48 24 29 85 90 38 6 24 69 21 14 57 30 29 92 
4 37 54 25 45 58 15 20 13 98 68 22 56 82 58 33 33 86 84 83 8 48 71 84 65 1 64 90 51 24 68 96 64 22 27 9 17 35 49 35 81 4 53 77 1 92 31 73 0 55 29 64 82 61 70 84 73 80 49 53 93 93 97 58 95 40 91 79 62 58 6 77 26 80 
71 8 70 84 38 36 31 78 18 83 33 75 56 83 62 47 51 35 81 55 60 88 43 27 31 10 95 22 36 7 67 28 32 82 38 90 26 7 56 55 97 42 10 49 35 88 78 83 55 0 94 38 45 61 16 93 42 64 8 3 47 76 53 67 26 38 4 26 85 65 1 53 82 47 
22 46 37 95 23 42 9 34 72 72 75 22 65 96 41 76 52 45 75 86 42 36 6 27 83 32 85 93 73 25 29 19 19 95 25 28 47 70 46 98 34 31 95 37 71 60 79 49 29 94 0 85 18 55 36 79 61 51 47 24 66 1 33 13 91 76 26 56 70 6 15 88 3 92 
50 69 22 39 92 82 41 5 92 15 33 34 16 72 73 83 43 93 71 94 28 17 21 53 11 36 2 85 16 1 58 87 41 35 57 30 8 86 9 97 52 23 98 50 17 47 92 52 64 38 85 0 65 99 88 59 25 46 15 78 87 33 92 73 39 84 21 25 72 28 38 96 83 17 
58 58 41 48 55 3 49 40 8 37 98 39 93 22 66 45 24 83 27 75 52 88 58 56 46 89 85 59 40 49 85 2 6 62 41 90 44 45 35 71 56 54 12 15 38 63 97 95 82 45 18 65 0 55 97 53 74 6 67 81 95 51 3 90 33 8 90 86 37 67 74 12 36 43 
4 83 78 6 77 86 31 68 84 27 6 38 41 19 23 65 90 9 58 90 41 91 60 8 89 61 61 65 3 81 44 35 93 92 53 78 1 71 30 6 81 97 99 74 18 87 43 25 61 61 55 99 55 0 40 53 94 85 21 74 8 53 70 58 63 90 84 17 29 46 83 82 69 68 
69 97 92 80 13 94 24 35 57 33 1 44 61 47 3 38 44 31 31 24 72 79 55 63 79 39 77 41 36 29 95 3 80 86 39 11 57 73 1 64 55 92 41 22 39 62 19 77 70 16 36 88 97 40 0 62 84 70 39 75 64 73 13 35 25 84 35 23 90 41 88 76 78 39 
25 14 50 64 60 37 67 35 52 2 38 34 71 45 87 48 89 65 65 95 46 88 78 32 60 12 23 79 98 89 94 18 83 61 20 62 15 13 80 95 13 92 92 33 83 40 84 41 84 93 79 59 53 53 62 0 76 22 16 56 69 83 69 12 37 58 28 80 2 13 2 9 90 64 
44 11 48 88 27 47 93 43 33 49 73 96 50 92 2 74 96 78 39 91 95 58 25 80 98 45 15 79 80 2 21 86 75 93 45 17 56 47 20 25 86 83 77 72 15 72 90 86 73 42 61 25 74 94 84 76 0 91 16 86 81 85 28 94 8 15 76 13 62 21 38 63 67 34 
77 24 78 33 77 81 65 79 77 89 44 42 51 10 73 91 29 19 19 14 10 25 59 93 43 44 25 63 16 74 53 12 41 99 21 80 56 83 5 47 11 98 88 1 38 3 89 29 80 64 51 46 6 85 70 22 91 0 58 75 73 6 1 3 5 65 58 36 31 5 76 81 15 3 
27 82 41 43 72 28 13 83 63 23 25 72 33 5 52 85 65 39 96 12 89 56 80 77 65 8 47 63 16 22 32 94 26 92 64 75 53 8 72 21 82 37 62 47 63 60 57 41 49 8 47 15 67 21 39 16 16 58 0 53 55 16 97 89 1 60 63 2 92 68 82 42 84 45 
53 8 79 75 88 73 18 39 52 35 17 70 91 78 72 16 87 12 42 43 47 50 37 47 6 63 33 48 95 1 26 54 69 75 22 77 79 30 2 23 79 7 3 25 1 26 43 48 53 3 24 78 81 74 75 56 86 75 53 0 98 7 88 57 50 48 73 60 94 83 81 99 93 39 
81 25 46 67 40 29 34 49 97 95 97 71 21 64 88 66 59 57 96 11 59 53 81 88 91 57 81 28 67 77 64 60 50 9 66 98 98 61 9 1 72 39 23 81 34 58 5 24 93 47 66 87 95 8 64 69 81 73 55 98 0 11 88 66 96 89 60 74 96 92 35 51 52 83 
42 75 88 89 44 3 11 82 31 22 97 24 53 24 78 53 89 53 58 89 22 25 59 71 77 97 71 72 35 33 53 83 83 76 69 1 54 83 27 70 85 99 83 38 50 33 12 29 93 76 1 33 51 53 73 83 85 6 16 7 11 0 83 52 92 25 56 69 66 38 58 98 88 45 
83 93 17 99 77 14 29 6 23 69 42 87 39 96 63 70 52 84 49 25 55 16 52 70 56 94 55 43 84 41 60 12 87 82 93 31 61 74 41 23 30 32 94 17 78 31 25 85 97 53 33 92 3 70 13 69 28 1 97 88 88 83 0 58 42 33 28 56 64 81 92 77 57 27 
16 21 29 31 39 42 76 92 6 68 25 40 66 60 49 67 23 77 43 48 1 68 64 56 43 53 25 15 94 82 18 84 47 28 19 4 1 47 90 28 13 63 99 53 32 53 23 90 58 67 13 73 90 58 35 12 94 3 89 57 66 52 58 0 63 54 93 23 39 21 59 44 20 46 
65 33 46 18 92 37 6 9 92 49 22 32 81 65 1 90 11 69 53 69 20 74 74 93 21 25 78 94 19 84 23 4 14 26 69 82 15 87 33 26 64 48 48 69 58 92 7 38 95 26 91 39 33 63 25 37 8 5 1 50 96 92 42 63 0 76 38 85 35 88 59 2 41 86 
69 13 68 69 70 41 82 41 96 19 28 38 58 83 43 29 32 26 23 44 20 47 84 99 89 44 90 52 75 31 55 84 22 87 17 65 61 85 71 65 8 63 30 93 59 42 5 6 40 38 76 84 8 90 84 58 15 65 60 48 89 25 33 54 76 0 38 59 8 25 25 84 42 95 
26 66 67 65 99 19 6 70 23 98 47 39 53 32 40 20 10 70 65 92 86 21 89 88 69 52 36 19 19 88 14 1 81 37 79 39 67 98 97 46 71 35 96 91 74 79 80 24 91 4 26 21 90 84 35 28 76 58 63 73 60 56 28 93 38 38 0 28 33 15 26 14 79 37 
99 95 79 61 34 98 43 6 77 12 36 57 90 2 4 18 7 32 71 14 28 67 83 86 19 11 58 79 26 54 31 94 82 15 60 68 96 48 8 39 83 72 99 8 77 58 29 69 79 26 56 25 86 17 23 80 13 36 2 60 74 69 56 23 85 59 28 0 25 4 57 94 32 29 
88 61 47 79 44 39 87 8 23 12 63 88 20 85 58 6 31 60 62 7 98 95 56 75 93 95 32 11 18 34 24 86 95 4 57 31 40 89 39 58 64 43 81 61 29 46 54 21 62 85 70 72 37 29 90 2 62 31 92 94 96 66 64 39 35 8 33 25 0 77 3 61 60 73 
8 25 1 18 27 64 53 79 19 53 69 29 95 79 44 80 68 63 61 3 22 13 79 16 50 50 40 36 50 83 51 52 50 93 45 22 72 74 82 53 65 21 2 10 77 86 31 14 58 65 6 28 67 46 41 13 21 5 68 83 92 38 81 21 88 25 15 4 77 0 41 16 38 8 
27 83 30 40 57 47 58 38 94 77 63 37 65 69 54 11 19 30 97 68 95 26 71 15 84 19 15 50 38 23 22 92 52 85 36 27 8 77 30 53 45 91 76 35 54 26 22 57 6 1 15 38 74 83 88 2 38 76 82 81 35 58 92 59 59 25 26 57 3 41 0 83 39 48 
26 98 64 36 70 90 57 79 30 69 33 67 43 55 44 30 13 67 28 94 19 1 28 57 16 11 94 94 21 4 72 33 15 73 40 96 17 88 4 33 70 51 2 64 59 74 28 30 77 53 88 96 12 82 76 9 63 81 42 99 51 98 77 44 2 84 14 94 61 16 83 0 61 61 
23 3 76 82 74 3 79 34 19 46 46 11 48 26 75 18 74 33 1 5 68 98 24 88 18 62 49 80 41 35 4 87 31 44 62 11 67 46 75 70 76 23 53 67 32 75 6 29 26 82 3 83 36 69 78 90 67 15 84 93 52 88 57 20 41 42 79 32 60 38 39 61 0 49 
10 93 36 29 53 99 88 28 53 65 89 85 22 84 99 82 75 72 27 29 36 99 54 2 62 40 14 90 53 50 24 85 11 9 33 70 62 37 51 80 89 3 93 69 95 7 36 92 80 47 92 17 43 68 39 64 34 3 45 39 83 45 27 46 86 95 37 29 73 8 48 61 49 0 
