75
0 38 13 73 10 76 6 80 65 17 2 77 72 7 26 51 21 19 85 12 29 30 15 51 69 88 88 95 97 87 14 10 8 64 62 23 58 2 1 61 82 9 89 14 48 73 31 72 4 71 22 50 58 4 69 25 44 77 27 53 81 42 83 16 65 69 26 99 88 8 27 26 23 10 68 
38 0 24 28 38 58 84 39 9 33 35 11 24 16 88 26 72 93 75 63 47 33 89 24 56 66 78 4 1 78 7 53 86 71 3 77 92 22 76 8 78 73 76 77 44 21 31 37 8 46 69 58 83 97 14 11 24 82 8 25 75 93 21 33 13 66 95 61 25 83 98 3 93 99 11 
13 24 0 55 97 83 87 71 67 72 49 55 16 6 18 43 21 49 23 14 98 54 85 11 97 56 62 57 90 22 97 84 26 15 14 85 44 7 78 57 60 16 25 10 67 72 54 70 37 22 41 78 92 50 48 78 41 79 46 88 17 29 46 68 67 79 47 1 30 64 76 36 54 94 34 
73 28 55 0 3 85 84 49 55 33 29 56 83 32 29 95 75 9 33 9 85 78 51 80 42 65 84 25 21 45 16 31 92 15 20 27 87 8 54 48 61 35 33 20 68 25 84 95 39 48 6 80 64 88 33 43 75 67 89 99 31 18 69 65 61 79 18 40 36 82 29 23 39 42 75 
10 38 97 3 0 78 71 26 49 51 63 45 55 1 87 17 20 10 93 52 11 69 24 15 64 22 47 4 57 89 81 47 55 80 72 15 78 16 26 54 85 59 86 30 45 38 23 92 55 77 13 60 27 77 72 88 40 44 77 39 92 70 99 34 44 27 57 70 74 53 90 28 44 2 83 
76 58 83 85 78 0 95 97 27 85 31 65 23 99 53 4 71 13 40 84 49 62 71 14 37 24 23 67 93 96 54 10 42 58 89 94 77 83 12 37 17 31 85 58 36 42 82 3 86 94 37 47 81 28 73 29 3 14 42 37 41 19 98 39 64 47 90 3 99 29 79 76 59 43 27 
6 84 87 84 71 95 0 22 59 17 93 38 12 23 7 97 15 88 76 36 64 33 92 50 1 23 98 71 37 19 28 29 53 95 51 47 8 86 17 30 12 62 15 31 9 41 49 31 24 67 93 65 13 18 34 11 29 76 6 82 6 43 87 53 58 57 79 88 82 11 73 49 20 13 26 
80 39 71 49 26 97 22 0 78 17 5 89 28 51 69 4 59 13 3 77 97 97 62 16 75 13 19 31 60 6 17 96 97 61 44 32 45 25 63 80 22 20 78 34 5 40 68 35 35 43 79 83 39 49 82 6 92 9 41 70 6 8 79 38 79 34 28 52 78 31 44 47 10 68 4 
65 9 67 55 49 27 59 78 0 68 55 98 64 81 29 38 65 38 94 19 79 71 93 53 11 33 47 64 94 19 37 30 40 29 55 30 56 91 28 61 13 18 72 92 8 84 57 52 33 77 63 52 97 31 23 6 92 96 23 77 23 19 94 30 19 53 32 50 99 84 94 46 52 87 16 
17 33 72 33 51 85 17 17 68 0 72 49 29 84 28 44 20 80 71 89 87 12 66 94 16 52 99 87 46 64 43 23 83 41 45 17 18 89 1 98 83 72 15 37 27 33 2 49 89 23 35 95 22 69 68 49 19 98 12 12 53 77 69 46 65 90 41 8 8 34 59 8 35 5 6 
2 35 49 29 63 31 93 5 55 72 0 62 51 77 46 97 22 93 72 93 26 98 2 14 39 86 28 39 85 34 2 32 39 29 76 32 52 67 68 33 75 33 98 6 1 38 73 44 25 17 97 97 42 25 22 28 47 36 63 69 63 33 46 89 43 58 26 33 34 7 66 52 32 8 14 
77 11 55 56 45 65 38 89 98 49 62 0 4 29 16 30 67 62 84 97 59 83 35 31 58 97 50 47 84 42 21 41 51 5 10 1 91 22 75 22 34 39 38 44 34 96 42 72 70 71 24 87 40 32 38 39 57 88 29 37 67 11 85 1 17 31 4 79 60 54 70 50 75 47 28 
72 24 16 83 55 23 12 28 64 29 51 4 0 34 73 69 40 33 98 8 34 63 15 78 44 62 86 37 13 54 27 83 13 26 2 42 56 56 65 16 93 41 61 71 50 51 33 91 21 53 39 66 81 58 53 90 20 95 65 43 48 22 98 2 90 39 13 19 78 78 89 91 84 40 99 
7 16 6 32 1 99 23 51 81 84 77 29 34 0 16 38 97 37 99 2 33 31 8 51 51 33 44 42 70 2 98 52 31 83 50 82 83 96 72 22 19 47 45 92 10 5 78 64 24 96 60 65 83 32 2 85 79 69 55 26 84 28 57 93 9 56 77 47 50 12 9 62 75 24 89 
26 88 18 29 87 53 7 69 29 28 46 16 73 16 0 90 83 83 6 43 47 22 52 74 43 14 19 24 46 96 53 34 55 15 58 62 41 73 66 23 3 87 2 73 52 72 88 78 63 49 1 43 40 4 58 44 54 44 75 99 98 76 60 67 75 92 6 27 68 32 12 4 55 2 14 
51 26 43 95 17 4 97 4 38 44 97 30 69 38 90 0 60 57 82 9 39 5 71 77 74 6 80 85 60 32 91 8 67 33 47 76 83 45 65 38 48 74 91 85 16 66 53 70 67 90 29 20 18 6 80 11 30 18 82 47 8 18 87 62 65 8 30 56 29 44 99 56 6 51 93 
21 72 21 75 20 71 15 59 65 20 22 67 40 97 83 60 0 64 53 35 99 84 78 38 90 55 5 44 12 30 77 90 33 51 52 43 24 90 44 89 96 29 65 87 59 89 52 23 11 32 10 7 31 68 19 13 74 75 92 66 86 54 43 7 10 37 88 60 9 54 88 19 22 68 15 
19 93 49 9 10 13 88 13 38 80 93 62 33 37 83 57 64 0 21 86 10 43 67 21 17 59 78 43 36 76 29 86 35 45 93 83 9 31 65 78 19 39 12 57 53 84 77 69 26 70 32 60 63 30 67 33 72 61 94 73 28 98 94 69 39 61 98 10 68 79 64 21 36 56 29 
85 75 23 33 93 40 76 3 94 71 72 84 98 99 6 82 53 21 0 46 93 57 52 5 80 76 32 77 53 39 84 81 75 71 27 58 31 65 39 19 96 42 96 58 49 43 53 23 65 71 62 61 97 28 1 27 51 21 27 66 78 19 61 83 60 63 39 24 69 70 62 88 67 20 37 
12 63 14 9 52 84 36 77 19 89 93 97 8 2 43 9 35 86 46 0 18 22 78 27 33 9 9 21 69 83 55 86 94 75 90 24 95 91 14 12 43 11 89 25 48 69 44 92 14 7 3 68 94 5 29 36 83 78 47 79 7 92 81 21 24 64 72 7 22 65 51 91 10 93 68 
29 47 98 85 11 49 64 97 79 87 26 59 34 33 47 39 99 10 93 18 0 86 34 72 9 52 34 62 8 60 42 28 52 41 72 46 95 10 89 47 59 22 55 1 20 20 86 28 98 22 95 19 68 36 96 30 23 57 11 43 73 32 13 83 8 88 9 62 24 35 95 4 56 69 16 
30 33 54 78 69 62 33 97 71 12 98 83 63 31 22 5 84 43 57 22 86 0 25 95 63 27 99 48 88 36 17 88 91 79 88 58 25 56 50 53 25 16 68 74 47 21 67 95 13 26 1 98 99 78 12 91 25 55 48 78 41 60 96 80 90 32 57 34 39 93 21 15 10 68 82 
15 89 85 51 24 71 92 62 93 66 2 35 15 8 52 71 78 67 52 78 34 25 0 80 4 48 71 43 6 21 58 60 55 78 25 59 80 37 81 59 52 64 74 84 89 83 56 79 71 28 24 54 70 69 24 47 40 67 78 27 25 18 88 2 46 59 22 18 57 34 44 76 99 3 97 
51 24 11 80 15 14 50 16 53 94 14 31 78 51 74 77 38 21 5 27 72 95 80 0 91 84 27 27 53 56 8 63 32 80 93 77 47 88 71 70 56 93 99 88 86 75 16 15 57 88 2 85 76 77 91 19 63 46 66 53 29 88 39 21 98 52 60 95 65 15 98 53 45 17 65 
69 56 97 42 64 37 1 75 11 16 39 58 44 51 43 74 90 17 80 33 9 63 4 91 0 31 83 11 46 89 79 60 98 43 65 6 91 77 56 43 21 89 69 19 93 50 84 16 18 62 8 65 56 3 91 5 17 78 69 31 53 85 37 99 60 32 36 33 51 52 6 34 1 10 32 
88 66 56 65 22 24 23 13 33 52 86 97 62 33 14 6 55 59 76 9 52 27 48 84 31 0 36 89 61 39 12 45 44 8 63 57 97 94 53 25 44 52 11 95 50 19 11 62 40 7 8 80 13 1 4 52 16 68 82 60 67 16 62 65 20 45 88 62 22 1 64 95 85 2 85 
88 78 62 84 47 23 98 19 47 99 28 50 86 44 19 80 5 78 32 9 34 99 71 27 83 36 0 61 77 23 15 25 47 33 81 71 55 25 78 90 36 58 32 40 15 94 49 14 20 16 98 42 36 26 52 35 23 34 62 79 8 33 4 68 96 58 97 47 90 22 93 85 59 65 41 
95 4 57 25 4 67 71 31 64 87 39 47 37 42 24 85 44 43 77 21 62 48 43 27 11 89 61 0 79 79 63 63 48 28 72 43 15 94 52 19 79 11 36 50 94 80 90 5 6 87 30 54 81 73 30 39 79 55 43 65 69 45 85 74 51 81 51 36 73 16 40 3 36 98 80 
97 1 90 21 57 93 37 60 94 46 85 84 13 70 46 60 12 36 53 69 8 88 6 53 46 61 77 79 0 16 16 95 67 35 84 94 19 75 19 26 18 50 38 21 41 53 24 19 80 52 33 38 31 41 51 74 69 81 16 64 65 92 21 55 24 7 25 1 49 81 29 89 2 74 22 
87 78 22 45 89 96 19 6 19 64 34 42 54 2 96 32 30 76 39 83 60 36 21 56 89 39 23 79 16 0 1 77 33 41 82 84 31 88 54 34 83 23 4 35 50 89 71 38 34 13 38 80 66 7 80 93 4 33 86 45 30 47 68 67 29 58 85 44 95 94 21 53 32 26 64 
14 7 97 16 81 54 28 17 37 43 2 21 27 98 53 91 77 29 84 55 42 17 58 8 79 12 15 63 16 1 0 53 60 18 23 55 14 31 24 51 22 72 4 24 13 78 8 53 31 27 9 97 85 82 74 40 57 61 26 66 96 28 19 87 2 35 3 18 86 12 94 54 60 83 12 
10 53 84 31 47 10 29 96 30 23 32 41 83 52 34 8 90 86 81 86 28 88 60 63 60 45 25 63 95 77 53 0 84 4 84 1 94 86 52 92 33 87 85 82 6 12 70 10 47 75 94 33 39 43 64 24 41 64 64 32 19 41 6 93 80 83 75 41 26 69 50 83 87 47 14 
8 86 26 92 55 42 53 97 40 83 39 51 13 31 55 67 33 35 75 94 52 91 55 32 98 44 47 48 67 33 60 84 0 22 81 82 95 50 52 15 31 11 86 5 8 55 60 85 99 42 36 57 14 12 53 67 22 82 95 35 62 92 86 61 93 99 92 75 9 76 82 28 26 87 37 
64 71 15 15 80 58 95 61 29 41 29 5 26 83 15 33 51 45 71 75 41 79 78 80 43 8 33 28 35 41 18 4 22 0 15 4 93 85 73 44 9 56 18 61 33 99 84 28 96 53 51 81 92 80 27 38 25 57 41 53 39 20 45 21 64 22 66 69 93 19 69 17 79 60 57 
62 3 14 20 72 89 51 44 55 45 76 10 2 50 58 47 52 93 27 90 72 88 25 93 65 63 81 72 84 82 23 84 81 15 0 45 36 40 62 33 68 54 63 76 9 35 34 93 26 68 2 99 9 90 28 30 90 78 11 62 17 80 75 77 98 1 31 4 82 65 39 68 31 22 27 
23 77 85 27 15 94 47 32 30 17 32 1 42 82 62 76 43 83 58 24 46 58 59 77 6 57 71 43 94 84 55 1 82 4 45 0 96 11 70 34 37 10 1 56 70 11 4 40 78 38 17 26 47 8 44 1 57 15 56 56 53 79 98 54 61 1 15 61 67 96 40 72 8 17 67 
58 92 44 87 78 77 8 45 56 18 52 91 56 83 41 83 24 9 31 95 95 25 80 47 91 97 55 15 19 31 14 94 95 93 36 96 0 62 70 51 59 80 15 78 13 12 80 96 35 7 70 86 45 71 73 13 47 83 8 30 61 83 74 47 87 85 98 48 89 74 77 88 46 37 88 
2 22 7 8 16 83 86 25 91 89 67 22 56 96 73 45 90 31 65 91 10 56 37 88 77 94 25 94 75 88 31 86 50 85 40 11 62 0 40 38 7 44 59 2 84 30 49 56 46 9 35 30 1 80 20 5 72 2 9 27 41 90 33 71 97 8 39 82 30 4 75 51 92 17 50 
1 76 78 54 26 12 17 63 28 1 68 75 65 72 66 65 44 65 39 14 89 50 81 71 56 53 78 52 19 54 24 52 52 73 62 70 70 40 0 43 71 9 32 26 35 55 98 97 71 6 64 95 25 47 21 23 1 70 23 28 26 65 46 39 58 53 53 33 70 80 6 34 65 54 54 
61 8 57 48 54 37 30 80 61 98 33 22 16 22 23 38 89 78 19 12 47 53 59 70 43 25 90 19 26 34 51 92 15 44 33 34 51 38 43 0 54 13 81 97 34 52 56 81 55 13 86 11 82 79 72 85 30 13 64 8 71 83 64 65 45 70 76 89 35 15 60 89 34 25 4 
82 78 60 61 85 17 12 22 13 83 75 34 93 19 3 48 96 19 96 43 59 25 52 56 21 44 36 79 18 83 22 33 31 9 68 37 59 7 71 54 0 42 31 23 54 97 92 92 83 98 37 7 39 99 32 63 48 63 35 72 43 21 91 51 23 3 64 1 93 6 73 53 10 95 98 
9 73 16 35 59 31 62 20 18 72 33 39 41 47 87 74 29 39 42 11 22 16 64 93 89 52 58 11 50 23 72 87 11 56 54 10 80 44 9 13 42 0 12 99 41 92 77 88 62 3 23 83 94 99 48 30 96 99 81 2 76 2 53 93 65 76 79 63 77 49 37 50 15 74 22 
89 76 25 33 86 85 15 78 72 15 98 38 61 45 2 91 65 12 96 89 55 68 74 99 69 11 32 36 38 4 4 85 86 18 63 1 15 59 32 81 31 12 0 33 72 1 47 25 81 38 17 53 69 93 91 8 61 10 35 64 67 69 14 67 92 1 35 71 17 38 18 39 83 15 38 
14 77 10 20 30 58 31 34 92 37 6 44 71 92 73 85 87 57 58 25 1 74 84 88 19 95 40 50 21 35 24 82 5 61 76 56 78 2 26 97 23 99 33 0 63 1 34 50 78 32 58 59 74 77 29 77 54 59 32 95 14 39 92 88 60 47 63 87 62 40 72 3 60 26 58 
48 44 67 68 45 36 9 5 8 27 1 34 50 10 52 16 59 53 49 48 20 47 89 86 93 50 15 94 41 50 13 6 8 33 9 70 13 84 35 34 54 41 72 63 0 33 31 53 92 42 79 58 46 86 26 74 75 7 3 31 78 79 92 97 43 19 84 90 89 57 43 5 12 25 23 
73 21 72 25 38 42 41 40 84 33 38 96 51 5 72 66 89 84 43 69 20 21 83 75 50 19 94 80 53 89 78 12 55 99 35 11 12 30 55 52 97 92 1 1 33 0 7 5 80 29 54 31 22 28 6 36 73 83 49 52 95 25 77 41 86 29 41 48 24 29 85 90 38 6 24 
31 31 54 84 23 82 49 68 57 2 73 42 33 78 88 53 52 77 53 44 86 67 56 16 84 11 49 90 24 71 8 70 60 84 34 4 80 49 98 56 92 77 47 34 31 7 0 69 21 14 57 30 29 92 55 29 64 82 61 70 84 73 80 49 53 93 93 97 58 95 40 91 79 62 58 
72 37 70 95 92 3 31 35 52 49 44 72 91 64 78 70 23 69 23 92 28 95 79 15 16 62 14 5 19 38 53 10 85 28 93 40 96 56 97 81 92 88 25 50 53 5 69 0 6 77 26 80 94 38 45 61 16 93 42 64 8 3 47 76 53 67 26 38 4 26 85 65 1 53 82 
4 8 37 39 55 86 24 35 33 89 25 70 21 24 63 67 11 26 65 14 98 13 71 57 18 40 20 6 80 34 31 47 99 96 26 78 35 46 71 55 83 62 81 78 92 80 21 6 0 47 85 18 55 36 79 61 51 47 24 66 1 33 13 91 76 26 56 70 6 15 88 3 92 65 99 
71 46 22 48 77 94 67 43 77 23 17 71 53 96 49 90 32 70 71 7 22 26 28 88 62 7 16 87 52 13 27 75 42 53 68 38 7 9 6 13 98 3 38 32 42 29 14 77 47 0 88 59 25 46 15 78 87 33 92 73 39 84 21 25 72 28 38 96 83 17 55 97 53 74 6 
22 69 41 6 13 37 93 79 63 35 97 24 39 60 1 29 10 32 62 3 95 1 24 2 8 8 98 30 33 38 9 94 36 51 2 17 70 35 64 86 37 23 17 58 79 54 57 26 85 88 0 67 81 95 51 3 90 33 8 90 86 37 67 74 12 36 43 40 53 94 85 21 74 8 53 
50 58 78 80 60 47 65 83 52 95 97 87 66 65 43 20 7 60 61 68 19 98 54 85 65 80 42 54 38 80 97 33 57 81 99 26 86 30 95 11 7 83 53 59 58 31 30 80 18 59 67 0 70 58 63 90 84 17 29 46 83 82 69 68 62 84 70 39 75 64 73 13 35 25 84 
58 83 92 64 27 81 13 39 97 22 42 40 81 83 40 18 31 63 97 94 68 99 70 76 56 13 36 81 31 66 85 39 14 92 9 47 45 1 25 82 39 94 69 74 46 22 29 94 55 25 81 70 0 35 23 90 41 88 76 78 39 76 22 16 56 69 83 69 12 37 58 28 80 2 13 
4 97 50 88 77 28 18 49 31 69 25 32 58 32 4 6 68 30 28 5 36 78 69 77 3 1 26 73 41 7 82 43 12 80 90 8 71 80 47 79 99 99 93 77 86 28 92 38 36 46 95 58 35 0 2 9 90 64 91 16 86 81 85 28 94 8 15 76 13 62 21 38 63 67 34 
69 14 48 33 72 73 34 82 23 68 22 38 53 2 58 80 19 67 1 29 96 12 24 91 91 4 52 30 51 80 74 64 53 27 28 44 73 20 21 72 32 48 91 29 26 6 55 45 79 15 51 63 23 2 0 58 75 73 6 1 3 5 65 58 36 31 5 76 81 15 3 53 55 16 97 
25 11 78 43 88 29 11 6 6 49 28 39 90 85 44 11 13 33 27 36 30 91 47 19 5 52 35 39 74 93 40 24 67 38 30 1 13 5 23 85 63 30 8 77 74 36 29 61 61 78 3 90 90 9 58 0 89 1 60 63 2 92 68 82 42 84 45 98 7 88 57 50 48 73 60 
44 24 41 75 40 3 29 92 92 19 47 57 20 79 54 30 74 72 51 83 23 25 40 63 17 16 23 79 69 4 57 41 22 25 90 57 47 72 1 30 48 96 61 54 75 73 64 16 51 87 90 84 41 90 75 89 0 94 83 81 99 93 39 11 88 66 96 89 60 74 96 92 35 51 52 
77 82 79 67 44 14 76 9 96 98 36 88 95 69 44 18 75 61 21 78 57 55 67 46 78 68 34 55 81 33 61 64 82 57 78 15 83 2 70 13 63 99 10 59 7 83 82 93 47 33 33 17 88 64 73 1 94 0 83 83 52 92 25 56 69 66 38 58 98 88 45 58 42 33 28 
27 8 46 89 77 42 6 41 23 12 63 29 65 55 75 82 92 94 27 47 11 48 78 66 69 82 62 43 16 86 26 64 95 41 11 56 8 9 23 64 35 81 35 32 3 49 61 42 24 92 8 29 76 91 6 60 83 83 0 56 64 81 92 77 57 27 63 54 93 23 39 21 59 44 20 
53 25 88 99 39 37 82 70 77 12 69 37 43 26 99 47 66 73 66 79 43 78 27 53 31 60 79 65 64 45 66 32 35 53 62 56 30 27 28 8 72 2 64 95 31 52 70 64 66 73 90 46 78 16 1 63 81 83 56 0 46 76 38 85 35 88 59 2 41 86 38 59 8 25 25 
81 75 17 31 92 41 6 6 23 53 63 67 48 84 98 8 86 28 78 7 73 41 25 29 53 67 8 69 65 30 96 19 62 39 17 53 61 41 26 71 43 76 67 14 78 95 84 8 1 39 86 83 39 86 3 2 99 52 64 46 0 84 42 95 28 33 15 26 14 79 37 25 4 57 94 
42 93 29 18 70 19 43 8 19 77 33 11 22 28 76 18 54 98 19 92 32 60 18 88 85 16 33 45 92 47 28 41 92 20 80 79 83 90 65 83 21 2 69 39 79 25 73 3 33 84 37 82 76 81 5 92 93 92 81 76 84 0 32 29 77 3 61 60 73 41 16 38 8 83 39 
83 21 46 69 99 98 87 79 94 69 46 85 98 57 60 87 43 94 61 81 13 96 88 39 37 62 4 85 21 68 19 6 86 45 75 98 74 33 46 64 91 53 14 92 92 77 80 47 13 21 67 69 22 85 65 68 39 25 92 38 42 32 0 48 61 61 49 83 9 86 69 40 64 55 14 
16 33 68 65 34 39 53 38 30 46 89 1 2 93 67 62 7 69 83 21 83 80 2 21 99 65 68 74 55 67 87 93 61 21 77 54 47 71 39 65 51 93 67 88 97 41 49 76 91 25 74 68 16 28 58 82 11 56 77 85 95 29 48 0 62 41 74 75 69 25 26 34 19 79 47 
65 13 67 61 44 64 58 79 19 65 43 17 90 9 75 65 10 39 60 24 8 90 46 98 60 20 96 51 24 29 2 80 93 64 98 61 87 97 58 45 23 65 92 60 43 86 53 53 76 72 12 62 56 94 36 42 88 69 57 35 28 77 61 62 0 79 8 78 9 39 50 15 18 46 58 
69 66 79 79 27 47 57 34 53 90 58 31 39 56 92 8 37 61 63 64 88 32 59 52 32 45 58 81 7 58 35 83 99 22 1 1 85 8 53 70 3 76 1 47 19 29 93 67 26 28 36 84 69 8 31 84 66 66 27 88 33 3 61 41 79 0 78 88 27 32 59 24 38 43 94 
26 95 47 18 57 90 79 28 32 41 26 4 13 77 6 30 88 98 39 72 9 57 22 60 36 88 97 51 25 85 3 75 92 66 31 15 98 39 53 76 64 79 35 63 84 41 93 26 56 38 43 70 83 15 5 45 96 38 63 59 15 61 49 74 8 78 0 90 82 97 27 47 19 25 40 
99 61 1 40 70 3 88 52 50 8 33 79 19 47 27 56 60 10 24 7 62 34 18 95 33 62 47 36 1 44 18 41 75 69 4 61 48 82 33 89 1 63 71 87 90 48 97 38 70 96 40 39 69 76 76 98 89 58 54 2 26 60 83 75 78 88 90 0 76 40 7 69 40 47 22 
88 25 30 36 74 99 82 78 99 8 34 60 78 50 68 29 9 68 69 22 24 39 57 65 51 22 90 73 49 95 86 26 9 93 82 67 89 30 70 35 93 77 17 62 89 24 58 4 6 83 53 75 12 13 81 7 60 98 93 41 14 73 9 69 9 27 82 76 0 68 74 25 72 33 13 
8 83 64 82 53 29 11 31 84 34 7 54 78 12 32 44 54 79 70 65 35 93 34 15 52 1 22 16 81 94 12 69 76 19 65 96 74 4 80 15 6 49 38 40 57 29 95 26 15 17 94 64 37 62 15 88 74 88 23 86 79 41 86 25 39 32 97 40 68 0 87 66 8 3 97 
27 98 76 29 90 79 73 44 94 59 66 70 89 9 12 99 88 64 62 51 95 21 44 98 6 64 93 40 29 21 94 50 82 69 39 40 77 75 6 60 73 37 18 72 43 85 40 85 88 55 85 73 58 21 3 57 96 45 39 38 37 16 69 26 50 59 27 7 74 87 0 21 4 86 95 
26 3 36 23 28 76 49 47 46 8 52 50 91 62 4 56 19 21 88 91 4 15 76 53 34 95 85 3 89 53 54 83 28 17 68 72 88 51 34 89 53 50 39 3 5 90 91 65 3 97 21 13 28 38 53 50 92 58 21 59 25 38 40 34 15 24 47 69 25 66 21 0 36 18 18 
23 93 54 39 44 59 20 10 52 35 32 75 84 75 55 6 22 36 67 10 56 10 99 45 1 85 59 36 2 32 60 87 26 79 31 8 46 92 65 34 10 15 83 60 12 38 79 1 92 53 74 35 80 63 55 48 35 42 59 8 4 8 64 19 18 38 19 40 72 8 4 36 0 56 44 
10 99 94 42 2 43 13 68 87 5 8 47 40 24 2 51 68 56 20 93 69 68 3 17 10 2 65 98 74 26 83 47 87 60 22 17 37 17 54 25 95 74 15 26 25 6 62 53 65 74 8 25 2 67 16 73 51 33 44 25 57 83 55 79 46 43 25 47 33 3 86 18 56 0 53 
68 11 34 75 83 27 26 4 16 6 14 28 99 89 14 93 15 29 37 68 16 82 97 65 32 85 41 80 22 64 12 14 37 57 27 67 88 50 54 4 98 22 38 58 23 24 58 82 99 6 53 84 13 34 97 60 52 28 20 25 94 39 14 47 58 94 40 22 13 97 95 18 44 53 0 
