76
0 38 13 73 10 76 6 80 65 17 2 77 72 7 26 51 21 19 85 12 29 30 15 51 69 88 88 95 97 87 14 10 8 64 62 23 58 2 1 61 82 9 89 14 48 73 31 72 4 71 22 50 58 4 69 25 44 77 27 53 81 42 83 16 65 69 26 99 88 8 27 26 23 10 68 24 
38 0 28 38 58 84 39 9 33 35 11 24 16 88 26 72 93 75 63 47 33 89 24 56 66 78 4 1 78 7 53 86 71 3 77 92 22 76 8 78 73 76 77 44 21 31 37 8 46 69 58 83 97 14 11 24 82 8 25 75 93 21 33 13 66 95 61 25 83 98 3 93 99 11 55 97 
13 28 0 83 87 71 67 72 49 55 16 6 18 43 21 49 23 14 98 54 85 11 97 56 62 57 90 22 97 84 26 15 14 85 44 7 78 57 60 16 25 10 67 72 54 70 37 22 41 78 92 50 48 78 41 79 46 88 17 29 46 68 67 79 47 1 30 64 76 36 54 94 34 3 85 84 
73 38 83 0 49 55 33 29 56 83 32 29 95 75 9 33 9 85 78 51 80 42 65 84 25 21 45 16 31 92 15 20 27 87 8 54 48 61 35 33 20 68 25 84 95 39 48 6 80 64 88 33 43 75 67 89 99 31 18 69 65 61 79 18 40 36 82 29 23 39 42 75 78 71 26 49 
10 58 87 49 0 51 63 45 55 1 87 17 20 10 93 52 11 69 24 15 64 22 47 4 57 89 81 47 55 80 72 15 78 16 26 54 85 59 86 30 45 38 23 92 55 77 13 60 27 77 72 88 40 44 77 39 92 70 99 34 44 27 57 70 74 53 90 28 44 2 83 95 97 27 85 31 
76 84 71 55 51 0 65 23 99 53 4 71 13 40 84 49 62 71 14 37 24 23 67 93 96 54 10 42 58 89 94 77 83 12 37 17 31 85 58 36 42 82 3 86 94 37 47 81 28 73 29 3 14 42 37 41 19 98 39 64 47 90 3 99 29 79 76 59 43 27 22 59 17 93 38 12 
6 39 67 33 63 65 0 23 7 97 15 88 76 36 64 33 92 50 1 23 98 71 37 19 28 29 53 95 51 47 8 86 17 30 12 62 15 31 9 41 49 31 24 67 93 65 13 18 34 11 29 76 6 82 6 43 87 53 58 57 79 88 82 11 73 49 20 13 26 78 17 5 89 28 51 69 
80 9 72 29 45 23 23 0 4 59 13 3 77 97 97 62 16 75 13 19 31 60 6 17 96 97 61 44 32 45 25 63 80 22 20 78 34 5 40 68 35 35 43 79 83 39 49 82 6 92 9 41 70 6 8 79 38 79 34 28 52 78 31 44 47 10 68 4 68 55 98 64 81 29 38 65 
65 33 49 56 55 99 7 4 0 38 94 19 79 71 93 53 11 33 47 64 94 19 37 30 40 29 55 30 56 91 28 61 13 18 72 92 8 84 57 52 33 77 63 52 97 31 23 6 92 96 23 77 23 19 94 30 19 53 32 50 99 84 94 46 52 87 16 72 49 29 84 28 44 20 80 71 
17 35 55 83 1 53 97 59 38 0 89 87 12 66 94 16 52 99 87 46 64 43 23 83 41 45 17 18 89 1 98 83 72 15 37 27 33 2 49 89 23 35 95 22 69 68 49 19 98 12 12 53 77 69 46 65 90 41 8 8 34 59 8 35 5 6 62 51 77 46 97 22 93 72 93 26 
2 11 16 32 87 4 15 13 94 89 0 98 2 14 39 86 28 39 85 34 2 32 39 29 76 32 52 67 68 33 75 33 98 6 1 38 73 44 25 17 97 97 42 25 22 28 47 36 63 69 63 33 46 89 43 58 26 33 34 7 66 52 32 8 14 4 29 16 30 67 62 84 97 59 83 35 
77 24 6 29 17 71 88 3 19 87 98 0 31 58 97 50 47 84 42 21 41 51 5 10 1 91 22 75 22 34 39 38 44 34 96 42 72 70 71 24 87 40 32 38 39 57 88 29 37 67 11 85 1 17 31 4 79 60 54 70 50 75 47 28 34 73 69 40 33 98 8 34 63 15 78 44 
72 16 18 95 20 13 76 77 79 12 2 31 0 62 86 37 13 54 27 83 13 26 2 42 56 56 65 16 93 41 61 71 50 51 33 91 21 53 39 66 81 58 53 90 20 95 65 43 48 22 98 2 90 39 13 19 78 78 89 91 84 40 99 16 38 97 37 99 2 33 31 8 51 51 33 44 
7 88 43 75 10 40 36 97 71 66 14 58 62 0 42 70 2 98 52 31 83 50 82 83 96 72 22 19 47 45 92 10 5 78 64 24 96 60 65 83 32 2 85 79 69 55 26 84 28 57 93 9 56 77 47 50 12 9 62 75 24 89 90 83 83 6 43 47 22 52 74 43 14 19 24 46 
26 26 21 9 93 84 64 97 93 94 39 97 86 42 0 96 53 34 55 15 58 62 41 73 66 23 3 87 2 73 52 72 88 78 63 49 1 43 40 4 58 44 54 44 75 99 98 76 60 67 75 92 6 27 68 32 12 4 55 2 14 60 57 82 9 39 5 71 77 74 6 80 85 60 32 91 
51 72 49 33 52 49 33 62 53 16 86 50 37 70 96 0 8 67 33 47 76 83 45 65 38 48 74 91 85 16 66 53 70 67 90 29 20 18 6 80 11 30 18 82 47 8 18 87 62 65 8 30 56 29 44 99 56 6 51 93 64 53 35 99 84 78 38 90 55 5 44 12 30 77 90 33 
21 93 23 9 11 62 92 16 11 52 28 47 13 2 53 8 0 51 52 43 24 90 44 89 96 29 65 87 59 89 52 23 11 32 10 7 31 68 19 13 74 75 92 66 86 54 43 7 10 37 88 60 9 54 88 19 22 68 15 21 86 10 43 67 21 17 59 78 43 36 76 29 86 35 45 93 
19 75 14 85 69 71 50 75 33 99 39 84 54 98 34 67 51 0 83 9 31 65 78 19 39 12 57 53 84 77 69 26 70 32 60 63 30 67 33 72 61 94 73 28 98 94 69 39 61 98 10 68 79 64 21 36 56 29 46 93 57 52 5 80 76 32 77 53 39 84 81 75 71 27 58 31 
85 63 98 78 24 14 1 13 47 87 85 42 27 52 55 33 52 83 0 65 39 19 96 42 96 58 49 43 53 23 65 71 62 61 97 28 1 27 51 21 27 66 78 19 61 83 60 63 39 24 69 70 62 88 67 20 37 18 22 78 27 33 9 9 21 69 83 55 86 94 75 90 24 95 91 14 
12 47 54 51 15 37 23 19 64 46 34 21 83 31 15 47 43 9 65 0 12 43 11 89 25 48 69 44 92 14 7 3 68 94 5 29 36 83 78 47 79 7 92 81 21 24 64 72 7 22 65 51 91 10 93 68 86 34 72 9 52 34 62 8 60 42 28 52 41 72 46 95 10 89 47 59 
29 33 85 80 64 24 98 31 94 64 2 41 13 83 58 76 24 31 39 12 0 22 55 1 20 20 86 28 98 22 95 19 68 36 96 30 23 57 11 43 73 32 13 83 8 88 9 62 24 35 95 4 56 69 16 25 95 63 27 99 48 88 36 17 88 91 79 88 58 25 56 50 53 25 16 68 
30 89 11 42 22 23 71 60 19 43 32 51 26 50 62 83 90 65 19 43 22 0 74 47 21 67 95 13 26 1 98 99 78 12 91 25 55 48 78 41 60 96 80 90 32 57 34 39 93 21 15 10 68 82 80 4 48 71 43 6 21 58 60 55 78 25 59 80 37 81 59 52 64 74 84 89 
15 24 97 65 47 67 37 6 37 23 39 5 2 82 41 45 44 78 96 11 55 74 0 83 56 79 71 28 24 54 70 69 24 47 40 67 78 27 25 18 88 2 46 59 22 18 57 34 44 76 99 3 97 91 84 27 27 53 56 8 63 32 80 93 77 47 88 71 70 56 93 99 88 86 75 16 
51 56 56 84 4 93 19 17 30 83 29 10 42 83 73 65 89 19 42 89 1 47 83 0 15 57 88 2 85 76 77 91 19 63 46 66 53 29 88 39 21 98 52 60 95 65 15 98 53 45 17 65 31 83 11 46 89 79 60 98 43 65 6 91 77 56 43 21 89 69 19 93 50 84 16 18 
69 66 62 25 57 96 28 96 40 41 76 1 56 96 66 38 96 39 96 25 20 21 56 15 0 62 8 65 56 3 91 5 17 78 69 31 53 85 37 99 60 32 36 33 51 52 6 34 1 10 32 36 89 61 39 12 45 44 8 63 57 97 94 53 25 44 52 11 95 50 19 11 62 40 7 8 
88 78 57 21 89 54 29 97 29 45 32 91 56 72 23 48 29 12 58 48 20 67 79 57 62 0 80 13 1 4 52 16 68 82 60 67 16 62 65 20 45 88 62 22 1 64 95 85 2 85 61 77 23 15 25 47 33 81 71 55 25 78 90 36 58 32 40 15 94 49 14 20 16 98 42 36 
88 4 90 45 81 10 53 61 55 17 52 22 65 22 3 74 65 57 49 69 86 95 71 88 8 80 0 26 52 35 23 34 62 79 8 33 4 68 96 58 97 47 90 22 93 85 59 65 41 79 79 63 63 48 28 72 43 15 94 52 19 79 11 36 50 94 80 90 5 6 87 30 54 81 73 30 
95 1 22 16 47 42 95 44 30 18 67 75 16 19 87 91 87 53 43 44 28 13 28 2 65 13 26 0 39 79 55 43 65 69 45 85 74 51 81 51 36 73 16 40 3 36 98 80 16 16 95 67 35 84 94 19 75 19 26 18 50 38 21 41 53 24 19 80 52 33 38 31 41 51 74 69 
97 78 97 31 55 58 51 32 56 89 68 22 93 47 2 85 59 84 53 92 98 26 24 85 56 1 52 39 0 81 16 64 65 92 21 55 24 7 25 1 49 81 29 89 2 74 22 1 77 33 41 82 84 31 88 54 34 83 23 4 35 50 89 71 38 34 13 38 80 66 7 80 93 4 33 86 
87 7 84 92 80 89 47 45 91 1 33 34 41 45 73 16 89 77 23 14 22 1 54 76 3 4 35 79 81 0 45 30 47 68 67 29 58 85 44 95 94 21 53 32 26 64 53 60 18 23 55 14 31 24 51 22 72 4 24 13 78 8 53 31 27 9 97 85 82 74 40 57 61 26 66 96 
14 53 26 15 72 94 8 25 28 98 75 39 61 92 52 66 52 69 65 7 95 98 70 77 91 52 23 55 16 45 0 28 19 87 2 35 3 18 86 12 94 54 60 83 12 84 4 84 1 94 86 52 92 33 87 85 82 6 12 70 10 47 75 94 33 39 43 64 24 41 64 64 32 19 41 6 
10 86 15 20 15 77 86 63 61 83 33 38 71 10 72 53 23 26 71 3 19 99 69 91 5 16 34 43 64 30 28 0 93 80 83 75 41 26 69 50 83 87 47 14 22 81 82 95 50 52 15 31 11 86 5 8 55 60 85 99 42 36 57 14 12 53 67 22 82 95 35 62 92 86 61 93 
8 71 14 27 78 83 17 80 13 72 98 44 50 5 88 70 11 70 62 68 68 78 24 19 17 68 62 65 65 47 19 93 0 99 92 75 9 76 82 28 26 87 37 15 4 93 85 73 44 9 56 18 61 33 99 84 28 96 53 51 81 92 80 27 38 25 57 41 53 39 20 45 21 64 22 66 
64 3 85 87 16 12 30 22 18 15 6 34 51 78 78 67 32 32 61 94 36 12 47 63 78 82 79 69 92 68 87 80 99 0 69 93 19 69 17 79 60 57 45 36 40 62 33 68 54 63 76 9 35 34 93 26 68 2 99 9 90 28 30 90 78 11 62 17 80 75 77 98 1 31 4 82 
62 77 44 8 26 37 12 20 72 37 1 96 33 64 63 90 10 60 97 5 96 91 40 46 69 60 8 45 21 67 2 83 92 69 0 65 39 68 31 22 27 96 11 70 34 37 10 1 56 70 11 4 40 78 38 17 26 47 8 44 1 57 15 56 56 53 79 98 54 61 1 15 61 67 96 40 
23 92 7 54 54 17 62 78 92 27 38 42 91 24 49 29 7 63 28 29 30 25 67 66 31 67 33 85 55 29 35 75 75 93 65 0 72 8 17 67 62 70 51 59 80 15 78 13 12 80 96 35 7 70 86 45 71 73 13 47 83 8 30 61 83 74 47 87 85 98 48 89 74 77 88 46 
58 22 78 48 85 31 15 34 8 33 73 72 21 96 1 20 31 30 1 36 23 55 78 53 53 16 4 74 24 58 3 41 9 19 39 72 0 37 88 40 38 7 44 59 2 84 30 49 56 46 9 35 30 1 80 20 5 72 2 9 27 41 90 33 71 97 8 39 82 30 4 75 51 92 17 50 
2 76 57 61 59 85 31 5 84 2 44 70 53 60 43 18 68 67 27 83 57 48 27 29 85 62 68 51 7 85 18 26 76 69 68 8 37 0 43 71 9 32 26 35 55 98 97 71 6 64 95 25 47 21 23 1 70 23 28 26 65 46 39 58 53 53 33 70 80 6 34 65 54 54 54 13 
1 8 60 35 86 58 9 40 57 49 25 71 39 65 40 6 19 33 51 78 11 78 25 88 37 65 96 81 25 44 86 69 82 17 31 17 88 43 0 81 97 34 52 56 81 55 13 86 11 82 79 72 85 30 13 64 8 71 83 64 65 45 70 76 89 35 15 60 89 34 25 4 42 31 23 54 
61 78 16 33 30 36 41 68 52 89 17 24 66 83 4 80 13 72 21 47 43 41 18 39 99 20 58 51 1 95 12 50 28 79 22 67 40 71 81 0 97 92 92 83 98 37 7 39 99 32 63 48 63 35 72 43 21 91 51 23 3 64 1 93 6 73 53 10 95 98 12 99 41 92 77 88 
82 73 25 20 45 42 49 35 33 23 97 87 81 32 58 11 74 61 27 79 73 60 88 21 60 45 97 36 49 94 94 83 26 60 27 62 38 9 97 97 0 62 3 23 83 94 99 48 30 96 99 81 2 76 2 53 93 65 76 79 63 77 49 37 50 15 74 22 33 72 1 47 25 81 38 17 
9 76 10 68 38 82 31 35 77 35 97 40 58 2 44 30 75 94 66 7 32 96 2 98 32 88 47 73 81 21 54 87 87 57 96 70 7 32 34 92 62 0 53 69 93 91 8 61 10 35 64 67 69 14 67 92 1 35 71 17 38 18 39 83 15 38 63 1 34 50 78 32 58 59 74 77 
89 77 67 25 23 3 24 43 63 95 42 32 53 85 54 18 92 73 78 92 13 80 46 52 36 62 90 16 29 53 60 47 37 45 11 51 44 26 52 92 3 53 0 29 77 54 59 32 95 14 39 92 88 60 47 63 87 62 40 72 3 60 26 58 33 31 53 92 42 79 58 46 86 26 74 75 
14 44 72 84 92 86 67 79 52 22 25 38 90 79 44 82 66 28 19 81 83 90 59 60 33 22 22 40 89 32 83 14 15 36 70 59 59 35 56 83 23 69 29 0 7 3 31 78 79 92 97 43 19 84 90 89 57 43 5 12 25 23 7 5 80 29 54 31 22 28 6 36 73 83 49 52 
48 21 54 95 55 94 93 83 97 69 22 39 20 69 75 47 86 98 61 21 8 32 22 95 51 1 93 3 2 26 12 22 4 40 34 80 2 55 81 98 83 93 77 7 0 95 25 77 41 86 29 41 48 24 29 85 90 38 6 24 69 21 14 57 30 29 92 55 29 64 82 61 70 84 73 80 
73 31 70 39 77 37 65 39 31 68 28 57 95 55 99 8 54 94 83 24 88 57 18 65 52 64 85 36 74 64 84 81 93 62 37 15 84 98 55 37 94 91 54 3 95 0 49 53 93 93 97 58 95 40 91 79 62 58 6 77 26 80 94 38 45 61 16 93 42 64 8 3 47 76 53 67 
31 37 37 48 13 47 13 49 23 49 47 88 65 26 98 18 43 69 60 64 9 34 57 15 6 95 59 98 22 53 4 82 85 33 10 78 30 97 13 7 99 8 59 31 25 49 0 26 38 4 26 85 65 1 53 82 47 85 18 55 36 79 61 51 47 24 66 1 33 13 91 76 26 56 70 6 
72 8 22 6 60 81 18 82 6 19 36 29 43 84 76 87 7 39 63 72 62 39 34 98 34 85 65 80 1 60 84 95 73 68 1 13 49 71 86 39 48 61 32 78 77 53 26 0 15 88 3 92 65 99 88 59 25 46 15 78 87 33 92 73 39 84 21 25 72 28 38 96 83 17 55 97 
4 46 41 80 27 28 34 6 92 98 63 37 48 28 60 62 10 61 39 7 24 93 44 53 1 2 41 16 77 18 1 50 44 54 56 12 56 6 11 99 30 10 95 79 41 93 38 15 0 53 74 6 67 81 95 51 3 90 33 8 90 86 37 67 74 12 36 43 40 53 94 85 21 74 8 53 
71 69 78 64 77 73 11 92 96 12 69 67 22 57 67 65 37 98 24 22 35 21 76 45 10 85 79 16 33 23 94 52 9 63 70 80 46 64 82 32 96 35 14 92 86 93 4 88 53 0 70 58 63 90 84 17 29 46 83 82 69 68 62 84 70 39 75 64 73 13 35 25 84 35 23 90 
22 58 92 88 72 29 29 9 23 12 63 11 98 93 75 8 88 10 69 65 95 15 99 17 32 61 79 95 41 55 86 15 56 76 11 96 9 95 79 63 99 64 39 97 29 97 26 3 74 70 0 41 88 76 78 39 76 22 16 56 69 83 69 12 37 58 28 80 2 13 2 9 90 64 91 16 
50 83 50 33 88 3 76 41 77 53 33 85 2 9 92 30 60 68 70 51 4 10 3 65 36 77 63 67 82 14 52 31 18 9 4 35 35 25 72 48 81 67 92 43 41 58 85 92 6 58 41 0 86 81 85 28 94 8 15 76 13 62 21 38 63 67 34 58 75 73 6 1 3 5 65 58 
58 97 48 43 40 14 6 70 23 77 46 1 90 56 6 56 9 79 62 91 56 68 97 31 89 23 63 35 84 31 92 11 61 35 40 7 30 47 85 63 2 69 88 19 48 95 65 65 67 63 88 86 0 36 31 5 76 81 15 3 53 55 16 97 89 1 60 63 2 92 68 82 42 84 45 98 
4 14 78 75 44 42 82 6 19 69 89 17 39 77 27 29 54 64 88 10 69 82 91 83 61 15 48 84 31 24 33 86 33 34 78 70 1 21 30 35 76 14 60 84 24 40 1 99 81 90 76 81 36 0 7 88 57 50 48 73 60 94 83 81 99 93 39 11 88 66 96 89 60 74 96 92 
69 11 41 67 77 37 6 8 94 46 43 31 13 47 68 44 88 21 67 93 16 80 84 11 39 25 28 94 88 51 87 5 99 93 38 86 80 23 13 72 2 67 47 90 29 91 53 88 95 84 78 85 31 7 0 35 51 52 83 83 52 92 25 56 69 66 38 58 98 88 45 58 42 33 28 56 
25 24 79 89 39 41 43 79 30 65 58 4 19 50 32 99 19 36 20 68 25 4 27 46 12 47 72 19 54 22 85 8 84 26 17 45 20 1 64 43 53 92 63 89 85 79 82 59 51 17 39 28 5 88 35 0 64 81 92 77 57 27 63 54 93 23 39 21 59 44 20 46 76 38 85 35 
44 82 46 99 92 19 87 38 19 90 26 79 78 12 12 56 22 56 37 86 95 48 27 89 45 33 43 75 34 72 82 55 28 68 26 71 5 70 8 21 93 1 87 57 90 62 47 25 3 29 76 94 76 57 51 64 0 88 59 2 41 86 38 59 8 25 25 84 42 95 28 33 15 26 14 79 
77 8 88 31 70 98 53 79 53 41 33 60 78 9 4 6 68 29 18 34 63 71 53 79 44 81 15 19 83 4 6 60 96 2 47 73 72 23 71 91 65 35 62 43 38 58 85 46 90 46 22 8 81 50 52 81 88 0 37 25 4 57 94 32 29 77 3 61 60 73 41 16 38 8 83 39 
27 25 17 18 99 39 58 34 32 8 34 54 89 62 55 51 15 46 22 72 27 43 56 60 8 71 94 26 23 24 12 85 53 99 8 13 2 28 83 51 76 71 40 5 6 6 18 15 33 83 16 15 15 48 83 92 59 37 0 48 61 61 49 83 9 86 69 40 64 55 14 62 41 74 75 69 
53 75 29 69 34 64 57 28 50 8 7 70 91 75 2 93 21 93 78 9 99 6 8 98 63 55 52 18 4 13 70 99 51 9 44 47 9 26 64 23 79 17 72 12 24 77 55 78 8 82 56 76 3 73 83 77 2 25 48 0 25 26 34 19 79 47 79 8 78 9 39 50 15 18 46 58 
81 93 46 65 44 47 79 52 99 34 66 50 84 24 14 64 86 57 27 52 48 21 63 43 57 25 19 50 35 78 10 42 81 90 1 83 27 65 65 3 63 38 3 25 69 26 36 87 90 69 69 13 53 60 52 57 41 4 61 25 0 78 88 27 32 59 24 38 43 94 90 82 97 27 47 19 
42 21 68 61 27 90 88 78 84 59 52 75 40 89 60 53 10 52 33 34 88 58 32 65 97 78 79 38 50 8 47 36 92 28 57 8 41 46 45 64 77 18 60 23 21 80 79 33 86 68 83 62 55 94 92 27 86 57 61 26 78 0 25 40 76 40 7 69 40 47 22 68 74 25 72 33 
83 33 67 79 57 3 82 31 94 8 32 47 99 90 57 35 43 5 9 62 36 60 80 6 94 90 11 21 89 53 75 57 80 30 15 30 90 39 70 1 49 39 26 7 14 94 61 92 37 62 69 21 16 83 25 63 38 94 49 34 88 25 0 13 87 66 8 3 97 21 4 86 95 36 18 18 
16 13 79 18 70 99 11 44 46 35 8 28 16 83 82 99 67 80 9 8 17 55 93 91 53 36 36 41 71 31 94 14 27 90 56 61 33 58 76 93 37 83 58 5 57 38 51 73 67 84 12 38 97 81 56 54 59 32 83 19 27 40 13 0 56 44 53 96 26 90 30 52 68 48 21 72 
65 66 47 40 74 29 73 47 52 5 14 34 38 83 9 84 21 76 21 60 88 78 77 77 25 58 50 53 38 27 33 12 38 78 56 83 71 53 89 6 50 15 33 80 30 45 47 39 74 70 37 63 89 99 69 93 8 29 9 79 32 76 87 56 0 80 9 24 61 57 10 47 61 66 63 22 
69 95 1 36 53 79 49 10 87 6 4 73 97 6 39 78 17 32 69 42 91 25 47 56 44 32 94 24 34 9 39 53 25 11 53 74 97 53 35 73 15 38 31 29 29 61 24 84 12 39 58 67 1 93 66 23 25 77 86 47 59 40 66 44 80 0 14 23 28 26 18 33 94 15 86 53 
26 61 30 82 90 76 20 68 16 62 29 69 37 43 5 38 59 77 83 28 79 59 88 43 52 40 80 19 13 97 43 67 57 62 79 47 8 33 15 53 74 63 53 54 92 16 66 21 36 75 28 34 60 39 38 39 25 3 69 79 24 7 8 53 9 14 0 26 61 84 69 90 25 58 64 13 
99 25 64 29 28 59 13 4 72 51 16 40 99 47 71 90 78 53 55 52 88 80 71 21 11 15 90 80 38 85 64 22 41 17 98 87 39 70 60 10 22 1 92 31 55 93 1 25 43 64 80 58 63 11 58 21 84 61 40 8 38 69 3 96 24 23 26 0 19 27 78 26 1 23 15 75 
88 83 76 23 44 43 26 68 49 77 30 33 2 22 77 55 43 39 86 41 58 37 70 89 95 94 5 52 80 82 24 82 53 80 54 85 82 80 89 95 33 34 42 22 29 42 33 72 40 73 2 75 2 88 98 59 42 60 64 78 43 40 97 26 61 28 61 19 0 40 76 20 10 72 54 67 
8 98 36 39 2 27 78 55 29 46 67 98 33 52 74 5 36 84 94 72 25 81 56 69 50 49 6 33 66 74 41 95 39 75 61 98 30 6 34 98 72 50 79 28 64 64 13 28 53 13 13 73 92 66 88 44 95 73 55 9 94 47 21 90 57 26 84 27 40 0 28 89 3 72 86 20 
27 3 54 42 83 22 17 98 84 97 62 8 31 74 6 44 76 81 75 46 56 59 93 19 19 14 87 38 7 40 64 35 20 77 1 48 4 34 25 12 1 78 58 6 82 8 91 38 94 35 2 6 68 96 45 20 28 41 14 39 90 22 4 30 10 18 69 78 76 28 0 15 14 98 83 23 
26 93 94 75 95 59 5 64 28 22 84 34 8 43 80 12 29 75 90 95 50 52 99 93 11 20 30 31 80 57 64 62 45 98 15 89 75 65 4 99 47 32 46 36 61 3 76 96 85 25 9 1 82 89 58 46 33 16 62 50 82 68 86 52 47 33 90 26 20 89 15 0 62 82 12 29 
23 99 34 78 97 17 89 81 44 93 97 63 51 14 85 30 86 71 24 10 53 64 88 50 62 16 54 41 93 61 32 92 21 1 61 74 51 54 42 41 25 58 86 73 70 47 26 83 21 84 90 3 42 60 42 76 15 38 41 15 97 74 95 68 61 94 25 1 10 3 14 62 0 45 3 4 
10 11 3 71 27 93 28 29 20 72 59 15 51 19 60 77 35 27 95 89 25 74 86 84 40 98 81 51 4 26 19 86 64 31 67 77 92 54 31 92 81 59 26 83 84 76 56 17 74 35 64 5 84 74 33 38 26 8 74 18 27 25 36 48 66 15 58 23 72 72 98 82 45 0 11 32 
68 55 85 26 85 38 51 38 80 93 83 78 33 24 32 90 45 58 91 47 16 84 75 16 7 42 73 74 33 66 41 61 22 4 96 88 17 54 23 77 38 74 74 49 73 53 70 55 8 23 91 65 45 96 28 85 14 83 75 46 47 72 18 21 63 86 64 15 54 86 83 12 3 11 0 92 
24 97 84 49 31 12 69 65 71 26 35 44 44 46 91 33 93 31 14 59 68 89 16 18 8 36 30 69 86 96 6 93 66 82 40 46 50 13 54 88 17 77 75 52 80 67 6 97 53 90 16 58 98 92 56 35 79 39 69 58 19 33 18 72 22 53 13 75 67 20 23 29 4 32 92 0 
