78
0 38 13 73 10 76 6 80 65 17 2 77 72 7 26 51 21 19 85 12 29 30 15 51 69 88 88 95 97 87 14 10 8 64 62 23 58 2 1 61 82 9 89 14 48 73 31 72 4 71 22 50 58 4 69 25 44 77 27 53 81 42 83 16 65 69 26 99 88 8 27 26 23 10 68 24 28 38 
38 0 58 84 39 9 33 35 11 24 16 88 26 72 93 75 63 47 33 89 24 56 66 78 4 1 78 7 53 86 71 3 77 92 22 76 8 78 73 76 77 44 21 31 37 8 46 69 58 83 97 14 11 24 82 8 25 75 93 21 33 13 66 95 61 25 83 98 3 93 99 11 55 97 83 87 71 67 
13 58 0 72 49 55 16 6 18 43 21 49 23 14 98 54 85 11 97 56 62 57 90 22 97 84 26 15 14 85 44 7 78 57 60 16 25 10 67 72 54 70 37 22 41 78 92 50 48 78 41 79 46 88 17 29 46 68 67 79 47 1 30 64 76 36 54 94 34 3 85 84 49 55 33 29 56 83 
73 84 72 0 32 29 95 75 9 33 9 85 78 51 80 42 65 84 25 21 45 16 31 92 15 20 27 87 8 54 48 61 35 33 20 68 25 84 95 39 48 6 80 64 88 33 43 75 67 89 99 31 18 69 65 61 79 18 40 36 82 29 23 39 42 75 78 71 26 49 51 63 45 55 1 87 17 20 
10 39 49 32 0 10 93 52 11 69 24 15 64 22 47 4 57 89 81 47 55 80 72 15 78 16 26 54 85 59 86 30 45 38 23 92 55 77 13 60 27 77 72 88 40 44 77 39 92 70 99 34 44 27 57 70 74 53 90 28 44 2 83 95 97 27 85 31 65 23 99 53 4 71 13 40 84 49 
76 9 55 29 10 0 62 71 14 37 24 23 67 93 96 54 10 42 58 89 94 77 83 12 37 17 31 85 58 36 42 82 3 86 94 37 47 81 28 73 29 3 14 42 37 41 19 98 39 64 47 90 3 99 29 79 76 59 43 27 22 59 17 93 38 12 23 7 97 15 88 76 36 64 33 92 50 1 
6 33 16 95 93 62 0 23 98 71 37 19 28 29 53 95 51 47 8 86 17 30 12 62 15 31 9 41 49 31 24 67 93 65 13 18 34 11 29 76 6 82 6 43 87 53 58 57 79 88 82 11 73 49 20 13 26 78 17 5 89 28 51 69 4 59 13 3 77 97 97 62 16 75 13 19 31 60 
80 35 6 75 52 71 23 0 6 17 96 97 61 44 32 45 25 63 80 22 20 78 34 5 40 68 35 35 43 79 83 39 49 82 6 92 9 41 70 6 8 79 38 79 34 28 52 78 31 44 47 10 68 4 68 55 98 64 81 29 38 65 38 94 19 79 71 93 53 11 33 47 64 94 19 37 30 40 
65 11 18 9 11 14 98 6 0 29 55 30 56 91 28 61 13 18 72 92 8 84 57 52 33 77 63 52 97 31 23 6 92 96 23 77 23 19 94 30 19 53 32 50 99 84 94 46 52 87 16 72 49 29 84 28 44 20 80 71 89 87 12 66 94 16 52 99 87 46 64 43 23 83 41 45 17 18 
17 24 43 33 69 37 71 17 29 0 89 1 98 83 72 15 37 27 33 2 49 89 23 35 95 22 69 68 49 19 98 12 12 53 77 69 46 65 90 41 8 8 34 59 8 35 5 6 62 51 77 46 97 22 93 72 93 26 98 2 14 39 86 28 39 85 34 2 32 39 29 76 32 52 67 68 33 75 
2 16 21 9 24 24 37 96 55 89 0 33 98 6 1 38 73 44 25 17 97 97 42 25 22 28 47 36 63 69 63 33 46 89 43 58 26 33 34 7 66 52 32 8 14 4 29 16 30 67 62 84 97 59 83 35 31 58 97 50 47 84 42 21 41 51 5 10 1 91 22 75 22 34 39 38 44 34 
77 88 49 85 15 23 19 97 30 1 33 0 96 42 72 70 71 24 87 40 32 38 39 57 88 29 37 67 11 85 1 17 31 4 79 60 54 70 50 75 47 28 34 73 69 40 33 98 8 34 63 15 78 44 62 86 37 13 54 27 83 13 26 2 42 56 56 65 16 93 41 61 71 50 51 33 91 21 
72 26 23 78 64 67 28 61 56 98 98 96 0 53 39 66 81 58 53 90 20 95 65 43 48 22 98 2 90 39 13 19 78 78 89 91 84 40 99 16 38 97 37 99 2 33 31 8 51 51 33 44 42 70 2 98 52 31 83 50 82 83 96 72 22 19 47 45 92 10 5 78 64 24 96 60 65 83 
7 72 14 51 22 93 29 44 91 83 6 42 53 0 32 2 85 79 69 55 26 84 28 57 93 9 56 77 47 50 12 9 62 75 24 89 90 83 83 6 43 47 22 52 74 43 14 19 24 46 96 53 34 55 15 58 62 41 73 66 23 3 87 2 73 52 72 88 78 63 49 1 43 40 4 58 44 54 
26 93 98 80 47 96 53 32 28 72 1 72 39 32 0 44 75 99 98 76 60 67 75 92 6 27 68 32 12 4 55 2 14 60 57 82 9 39 5 71 77 74 6 80 85 60 32 91 8 67 33 47 76 83 45 65 38 48 74 91 85 16 66 53 70 67 90 29 20 18 6 80 11 30 18 82 47 8 
51 75 54 42 4 54 95 45 61 15 38 70 66 2 44 0 18 87 62 65 8 30 56 29 44 99 56 6 51 93 64 53 35 99 84 78 38 90 55 5 44 12 30 77 90 33 51 52 43 24 90 44 89 96 29 65 87 59 89 52 23 11 32 10 7 31 68 19 13 74 75 92 66 86 54 43 7 10 
21 63 85 65 57 10 51 25 13 37 73 71 81 85 75 18 0 37 88 60 9 54 88 19 22 68 15 21 86 10 43 67 21 17 59 78 43 36 76 29 86 35 45 93 83 9 31 65 78 19 39 12 57 53 84 77 69 26 70 32 60 63 30 67 33 72 61 94 73 28 98 94 69 39 61 98 10 68 
19 47 11 84 89 42 47 63 18 27 44 24 58 79 99 87 37 0 79 64 21 36 56 29 46 93 57 52 5 80 76 32 77 53 39 84 81 75 71 27 58 31 65 39 19 96 42 96 58 49 43 53 23 65 71 62 61 97 28 1 27 51 21 27 66 78 19 61 83 60 63 39 24 69 70 62 88 67 
85 33 97 25 81 58 8 80 72 33 25 87 53 69 98 62 88 79 0 20 37 18 22 78 27 33 9 9 21 69 83 55 86 94 75 90 24 95 91 14 12 43 11 89 25 48 69 44 92 14 7 3 68 94 5 29 36 83 78 47 79 7 92 81 21 24 64 72 7 22 65 51 91 10 93 68 86 34 
12 89 56 21 47 89 86 22 92 2 17 40 90 55 76 65 60 64 20 0 72 9 52 34 62 8 60 42 28 52 41 72 46 95 10 89 47 59 22 55 1 20 20 86 28 98 22 95 19 68 36 96 30 23 57 11 43 73 32 13 83 8 88 9 62 24 35 95 4 56 69 16 25 95 63 27 99 48 
29 24 62 45 55 94 17 20 8 49 97 32 20 26 60 8 9 21 37 72 0 88 36 17 88 91 79 88 58 25 56 50 53 25 16 68 74 47 21 67 95 13 26 1 98 99 78 12 91 25 55 48 78 41 60 96 80 90 32 57 34 39 93 21 15 10 68 82 80 4 48 71 43 6 21 58 60 55 
30 56 57 16 80 77 30 78 84 89 97 38 95 84 67 30 54 36 18 9 88 0 78 25 59 80 37 81 59 52 64 74 84 89 83 56 79 71 28 24 54 70 69 24 47 40 67 78 27 25 18 88 2 46 59 22 18 57 34 44 76 99 3 97 91 84 27 27 53 56 8 63 32 80 93 77 47 88 
15 66 90 31 72 83 12 34 57 23 42 39 65 28 75 56 88 56 22 52 36 78 0 71 70 56 93 99 88 86 75 16 15 57 88 2 85 76 77 91 19 63 46 66 53 29 88 39 21 98 52 60 95 65 15 98 53 45 17 65 31 83 11 46 89 79 60 98 43 65 6 91 77 56 43 21 89 69 
51 78 22 92 15 12 62 5 52 35 25 57 43 57 92 29 19 29 78 34 17 25 71 0 19 93 50 84 16 18 62 8 65 56 3 91 5 17 78 69 31 53 85 37 99 60 32 36 33 51 52 6 34 1 10 32 36 89 61 39 12 45 44 8 63 57 97 94 53 25 44 52 11 95 50 19 11 62 
69 4 97 15 78 37 15 40 33 95 22 88 48 93 6 44 22 46 27 62 88 59 70 19 0 40 7 8 80 13 1 4 52 16 68 82 60 67 16 62 65 20 45 88 62 22 1 64 95 85 2 85 61 77 23 15 25 47 33 81 71 55 25 78 90 36 58 32 40 15 94 49 14 20 16 98 42 36 
88 1 84 20 16 17 31 68 77 22 28 29 22 9 27 99 68 93 33 8 91 80 56 93 40 0 26 52 35 23 34 62 79 8 33 4 68 96 58 97 47 90 22 93 85 59 65 41 79 79 63 63 48 28 72 43 15 94 52 19 79 11 36 50 94 80 90 5 6 87 30 54 81 73 30 39 79 55 
88 78 26 27 26 31 9 35 63 69 47 37 98 56 68 56 15 57 9 60 79 37 93 50 7 26 0 43 65 69 45 85 74 51 81 51 36 73 16 40 3 36 98 80 16 16 95 67 35 84 94 19 75 19 26 18 50 38 21 41 53 24 19 80 52 33 38 31 41 51 74 69 81 16 64 65 92 21 
95 7 15 87 54 85 41 35 52 68 36 67 2 77 32 6 21 52 9 42 88 81 99 84 8 52 43 0 55 24 7 25 1 49 81 29 89 2 74 22 1 77 33 41 82 84 31 88 54 34 83 23 4 35 50 89 71 38 34 13 38 80 66 7 80 93 4 33 86 45 30 47 68 67 29 58 85 44 
97 53 14 8 85 58 49 43 97 49 63 11 90 47 12 51 86 5 21 28 58 59 88 16 80 35 65 55 0 95 94 21 53 32 26 64 53 60 18 23 55 14 31 24 51 22 72 4 24 13 78 8 53 31 27 9 97 85 82 74 40 57 61 26 66 96 28 19 87 2 35 3 18 86 12 94 54 60 
87 86 85 54 59 36 31 79 31 19 69 85 39 50 4 93 10 80 69 52 25 52 86 18 13 23 69 24 95 0 83 12 84 4 84 1 94 86 52 92 33 87 85 82 6 12 70 10 47 75 94 33 39 43 64 24 41 64 64 32 19 41 6 93 80 83 75 41 26 69 50 83 87 47 14 22 81 82 
14 71 44 48 86 42 24 83 23 98 63 1 13 12 55 64 43 76 83 41 56 64 75 62 1 34 45 7 94 83 0 95 50 52 15 31 11 86 5 8 55 60 85 99 42 36 57 14 12 53 67 22 82 95 35 62 92 86 61 93 99 92 75 9 76 82 28 26 87 37 15 4 93 85 73 44 9 56 
10 3 7 61 30 82 67 39 6 12 33 17 19 9 2 53 67 32 55 72 50 74 16 8 4 62 85 25 21 12 95 0 18 61 33 99 84 28 96 53 51 81 92 80 27 38 25 57 41 53 39 20 45 21 64 22 66 69 93 19 69 17 79 60 57 45 36 40 62 33 68 54 63 76 9 35 34 93 
8 77 78 35 45 3 93 49 92 12 46 31 78 62 14 35 21 77 86 46 53 84 15 65 52 79 74 1 53 84 50 18 0 26 68 2 99 9 90 28 30 90 78 11 62 17 80 75 77 98 1 31 4 82 65 39 68 31 22 27 96 11 70 34 37 10 1 56 70 11 4 40 78 38 17 26 47 8 
64 92 57 33 38 86 65 82 96 53 89 4 78 75 60 99 17 53 94 95 25 89 57 56 16 8 51 49 32 4 52 61 26 0 44 1 57 15 56 56 53 79 98 54 61 1 15 61 67 96 40 72 8 17 67 62 70 51 59 80 15 78 13 12 80 96 35 7 70 86 45 71 73 13 47 83 8 30 
62 22 60 20 23 94 13 6 23 77 43 79 89 24 57 84 59 39 75 10 16 83 88 3 68 33 81 81 26 84 15 33 68 44 0 61 83 74 47 87 85 98 48 89 74 77 88 46 37 88 40 38 7 44 59 2 84 30 49 56 46 9 35 30 1 80 20 5 72 2 9 27 41 90 33 71 97 8 
23 76 16 68 92 37 18 92 77 69 58 60 91 89 82 78 78 84 90 89 68 56 2 91 82 4 51 29 64 1 31 99 2 1 61 0 39 82 30 4 75 51 92 17 50 43 71 9 32 26 35 55 98 97 71 6 64 95 25 47 21 23 1 70 23 28 26 65 46 39 58 53 53 33 70 80 6 34 
58 8 25 25 55 47 34 9 23 46 26 54 84 90 9 38 43 81 24 47 74 79 85 5 60 68 36 89 53 94 11 84 99 57 83 39 0 65 54 54 54 13 81 97 34 52 56 81 55 13 86 11 82 79 72 85 30 13 64 8 71 83 64 65 45 70 76 89 35 15 60 89 34 25 4 42 31 23 
2 78 10 84 77 81 11 41 19 65 33 70 40 83 39 90 36 75 95 59 47 71 76 17 67 96 73 2 60 86 86 28 9 15 74 82 65 0 54 97 92 92 83 98 37 7 39 99 32 63 48 63 35 72 43 21 91 51 23 3 64 1 93 6 73 53 10 95 98 12 99 41 92 77 88 62 3 23 
1 73 67 95 13 28 29 70 94 90 34 50 99 83 5 55 76 71 91 22 21 28 77 78 16 58 16 74 18 52 5 96 90 56 47 30 54 54 0 83 94 99 48 30 96 99 81 2 76 2 53 93 65 76 79 63 77 49 37 50 15 74 22 33 72 1 47 25 81 38 17 53 69 93 91 8 61 10 
61 76 72 39 60 73 76 6 30 41 7 75 16 6 71 5 29 27 14 55 67 24 91 69 62 97 40 22 23 92 8 53 28 56 87 4 54 97 83 0 35 64 67 69 14 67 92 1 35 71 17 38 18 39 83 15 38 63 1 34 50 78 32 58 59 74 77 29 77 54 59 32 95 14 39 92 88 60 
82 77 54 48 27 29 6 8 19 8 66 47 38 43 77 44 86 58 12 1 95 54 19 31 65 47 3 1 55 33 55 51 30 53 85 75 54 92 94 35 0 47 63 87 62 40 72 3 60 26 58 33 31 53 92 42 79 58 46 86 26 74 75 7 3 31 78 79 92 97 43 19 84 90 89 57 43 5 
9 44 70 6 77 3 82 79 53 8 52 28 97 47 74 12 35 31 43 20 13 70 63 53 20 90 36 77 14 87 60 81 90 79 98 51 13 92 99 64 47 0 12 25 23 7 5 80 29 54 31 22 28 6 36 73 83 49 52 95 25 77 41 86 29 41 48 24 29 85 90 38 6 24 69 21 14 57 
89 21 37 80 72 14 6 38 32 34 32 34 37 22 6 30 45 65 11 20 26 69 46 85 45 22 98 33 31 85 85 92 78 98 48 92 81 83 48 67 63 12 0 30 29 92 55 29 64 82 61 70 84 73 80 49 53 93 93 97 58 95 40 91 79 62 58 6 77 26 80 94 38 45 61 16 93 42 
14 31 22 64 88 42 43 79 50 59 8 73 99 52 80 77 93 39 89 86 1 24 66 37 88 93 80 41 24 82 99 80 11 54 89 17 97 98 30 69 87 25 30 0 64 8 3 47 76 53 67 26 38 4 26 85 65 1 53 82 47 85 18 55 36 79 61 51 47 24 66 1 33 13 91 76 26 56 
48 37 41 88 40 37 87 34 99 8 14 69 2 74 85 90 83 19 25 28 98 47 53 99 62 85 16 82 51 6 42 27 62 61 74 50 34 37 96 14 62 23 29 64 0 70 6 15 88 3 92 65 99 88 59 25 46 15 78 87 33 92 73 39 84 21 25 72 28 38 96 83 17 55 97 53 74 6 
73 8 78 33 44 41 53 28 84 35 4 40 33 43 60 33 9 96 48 98 99 40 29 60 22 59 16 84 22 12 36 38 17 1 77 43 52 7 99 67 40 7 92 8 70 0 67 81 95 51 3 90 33 8 90 86 37 67 74 12 36 43 40 53 94 85 21 74 8 53 70 58 63 90 84 17 29 46 
31 46 92 43 77 19 58 52 94 5 29 33 31 14 32 51 31 42 69 22 78 67 88 32 1 65 95 31 72 70 57 25 80 15 88 71 56 39 81 92 72 5 55 3 6 67 0 83 82 69 68 62 84 70 39 75 64 73 13 35 25 84 35 23 90 41 88 76 78 39 76 22 16 56 69 83 69 12 
72 69 50 75 39 98 57 78 46 6 16 98 8 19 91 52 65 96 44 95 12 78 39 36 64 41 67 88 4 10 14 57 75 61 46 9 81 99 2 1 3 80 29 47 15 81 83 0 37 58 28 80 2 13 2 9 90 64 91 16 86 81 85 28 94 8 15 76 13 62 21 38 63 67 34 58 75 73 
4 58 48 67 92 39 79 31 52 62 30 8 51 24 8 43 78 58 92 19 91 27 21 33 95 79 35 54 24 47 12 41 77 67 37 32 55 32 76 35 60 29 64 76 88 95 82 37 0 6 1 3 5 65 58 36 31 5 76 81 15 3 53 55 16 97 89 1 60 63 2 92 68 82 42 84 45 98 
71 83 78 89 70 64 88 44 87 51 67 34 51 46 67 24 19 49 14 68 25 25 98 51 85 79 84 34 13 75 53 53 98 96 88 26 13 63 2 71 26 54 82 53 3 51 69 58 6 0 7 88 57 50 48 73 60 94 83 81 99 93 39 11 88 66 96 89 60 74 96 92 35 51 52 83 83 52 
22 97 41 99 99 47 82 47 16 77 62 63 33 96 33 90 39 43 7 36 55 18 52 52 2 63 94 83 78 94 67 39 1 40 40 35 86 48 53 17 58 31 61 67 92 3 68 28 1 7 0 92 25 56 69 66 38 58 98 88 45 58 42 33 28 56 64 81 92 77 57 27 63 54 93 23 39 21 
50 14 79 31 34 90 11 10 72 46 84 15 44 53 47 44 12 53 3 96 48 88 60 6 85 63 19 23 8 33 22 20 31 72 38 55 11 63 93 38 33 22 70 26 65 90 62 80 3 88 92 0 59 44 20 46 76 38 85 35 88 59 2 41 86 38 59 8 25 25 84 42 95 28 33 15 26 14 
58 11 46 18 44 3 73 68 49 97 97 78 42 34 76 89 57 23 68 30 78 2 95 34 61 48 75 4 53 39 82 45 4 8 7 98 82 35 65 18 31 28 84 38 99 33 84 2 5 57 25 59 0 79 37 25 4 57 94 32 29 77 3 61 60 73 41 16 38 8 83 39 48 61 61 49 83 9 
4 24 88 69 27 99 49 4 29 22 59 44 70 55 83 96 53 65 94 23 41 46 65 1 77 28 19 35 31 43 95 21 82 17 44 97 79 72 76 39 53 6 73 4 88 8 70 13 65 50 56 44 79 0 86 69 40 64 55 14 62 41 74 75 69 25 26 34 19 79 47 79 8 78 9 39 50 15 
69 82 17 65 57 29 20 68 84 93 83 62 2 15 45 29 84 71 5 57 60 59 15 10 23 72 26 50 27 64 35 64 65 67 59 71 72 43 79 83 92 36 80 26 59 90 39 2 58 48 69 20 37 86 0 18 46 58 78 88 27 32 59 24 38 43 94 90 82 97 27 47 19 25 40 76 40 7 
25 8 29 61 70 79 13 55 28 72 35 86 98 58 65 65 77 62 29 11 96 22 98 32 15 43 18 89 9 24 62 22 39 62 2 6 85 21 63 15 42 73 49 85 25 86 75 9 36 73 66 46 25 69 18 0 69 40 47 22 68 74 25 72 33 13 87 66 8 3 97 21 4 86 95 36 18 18 
44 25 46 79 74 76 26 98 44 93 31 37 52 62 38 87 69 61 36 43 80 18 53 36 25 15 50 71 97 41 92 66 68 70 84 64 30 91 77 38 79 83 53 65 46 37 64 90 31 60 38 76 4 40 46 69 0 56 44 53 96 26 90 30 52 68 48 21 72 80 9 24 61 57 10 47 61 66 
77 75 68 18 53 59 78 64 20 26 58 13 31 41 48 59 26 97 83 73 90 57 45 89 47 94 38 38 85 64 86 69 31 51 30 95 13 51 49 63 58 49 93 1 15 67 73 64 5 94 58 38 57 64 58 40 56 0 63 22 14 23 28 26 18 33 94 15 86 53 26 61 84 69 90 25 58 64 
27 93 67 40 90 43 17 81 80 98 97 54 83 73 74 89 70 28 78 32 32 34 17 61 33 52 21 34 82 64 61 93 22 59 49 25 64 23 37 1 46 52 93 53 78 74 13 91 76 83 98 85 94 55 78 47 44 63 0 13 19 27 78 26 1 23 15 75 40 76 20 10 72 54 67 28 89 3 
53 21 79 36 28 27 5 29 71 2 50 27 50 66 91 52 32 1 47 13 57 44 65 39 81 19 41 13 74 32 93 19 27 80 56 47 8 3 50 34 86 95 97 82 87 12 35 16 81 81 88 35 32 14 88 22 53 22 13 0 72 86 20 15 14 98 83 23 62 82 12 29 45 3 4 11 32 92 
81 33 47 82 44 22 89 38 89 14 47 83 82 23 85 23 60 27 79 83 34 76 31 12 71 79 53 38 40 19 99 69 96 15 46 21 71 64 15 50 26 25 58 47 33 36 25 86 15 99 45 88 29 62 27 68 96 14 19 72 0 97 30 56 30 34 42 66 50 26 86 49 54 49 1 39 8 22 
42 13 1 29 2 59 28 65 87 39 84 13 83 3 16 11 63 51 7 8 39 99 83 45 55 11 24 80 57 41 92 17 11 78 9 23 83 1 74 78 74 77 95 85 92 43 84 81 3 93 58 59 77 41 32 74 26 23 27 86 97 0 6 16 78 81 64 98 31 33 73 45 41 68 25 79 68 51 
83 66 30 23 83 17 51 38 12 86 42 26 96 87 66 32 30 21 92 88 93 3 11 44 25 36 19 66 61 6 75 79 70 13 35 1 64 93 22 32 75 41 40 18 73 40 35 85 53 39 42 2 3 74 59 25 90 28 78 20 30 6 0 49 36 53 32 2 65 32 19 67 16 44 40 21 2 1 
16 95 64 39 95 93 69 94 66 28 21 2 72 2 53 10 67 27 81 9 21 97 46 8 78 50 80 7 26 93 9 60 34 12 30 70 65 6 33 58 7 86 91 55 39 53 23 28 55 11 33 41 61 75 24 72 30 26 26 15 56 16 49 0 46 83 30 27 8 53 4 22 84 80 63 70 68 9 
65 61 76 42 97 38 4 19 94 39 41 42 22 73 70 7 33 66 21 62 15 91 89 63 90 94 52 80 66 80 76 57 37 80 1 23 45 73 72 59 3 29 79 36 84 94 90 94 16 88 28 86 60 69 38 33 52 18 1 14 30 78 36 46 0 73 44 96 90 77 73 59 69 59 82 64 93 53 
69 25 36 75 27 12 59 79 16 85 51 56 19 52 67 31 72 78 24 24 10 84 79 57 36 80 33 93 96 83 82 45 10 96 80 28 70 53 1 74 31 41 62 79 21 85 41 8 97 66 56 38 73 25 43 13 68 33 23 98 34 81 53 83 73 0 38 48 52 24 71 1 24 23 88 60 9 3 
26 83 54 78 85 23 13 71 52 34 5 56 47 72 90 68 61 19 64 35 68 27 60 97 58 90 38 4 28 75 28 36 1 35 20 26 76 10 47 77 78 48 58 61 25 21 88 15 89 96 64 59 41 26 94 87 48 94 15 83 42 64 32 30 44 38 0 19 4 15 80 68 35 82 65 45 43 35 
99 98 94 71 31 7 3 93 99 2 10 65 45 88 29 19 94 61 72 95 82 27 98 94 32 5 31 33 19 41 26 40 56 7 5 65 89 95 25 29 79 24 6 51 72 74 76 76 1 89 81 8 16 34 90 66 21 15 75 23 66 98 2 27 96 48 19 0 79 45 61 68 43 23 42 69 42 40 
88 3 34 26 65 97 77 53 87 32 1 16 92 78 20 13 73 83 7 4 80 53 43 53 40 6 41 86 87 26 87 62 70 70 72 46 35 98 81 77 92 29 77 47 28 8 78 13 60 60 92 25 38 19 82 8 72 86 40 62 50 31 65 8 90 52 4 79 0 81 43 68 99 14 26 39 76 6 
8 93 3 49 23 15 97 11 46 39 91 93 10 63 18 74 28 60 22 56 4 56 65 25 15 87 51 45 2 69 37 33 11 86 2 39 15 12 38 54 97 85 26 24 38 53 39 62 63 74 77 25 8 79 97 3 80 53 76 82 26 33 32 53 77 24 15 45 81 0 93 23 40 74 15 48 72 2 
27 99 85 51 99 88 97 33 64 29 22 41 5 49 6 75 98 63 65 69 48 8 6 44 94 30 74 30 35 50 15 68 4 45 9 58 60 99 17 59 43 90 80 66 96 70 76 21 2 96 57 84 83 47 27 97 9 26 20 12 86 73 19 4 73 71 80 61 43 93 0 34 71 61 20 16 98 99 
26 11 84 63 53 76 62 47 43 76 75 61 78 1 80 92 94 39 51 16 71 63 91 52 49 54 69 47 3 83 4 54 40 71 27 53 89 41 53 32 19 38 94 1 83 58 22 38 92 92 27 42 39 79 47 21 24 61 10 29 49 45 67 22 59 1 68 68 68 23 34 0 54 70 21 36 39 50 
23 55 49 45 4 36 16 64 23 32 22 71 64 43 11 66 69 24 91 25 43 32 77 11 14 81 81 68 18 87 93 63 78 73 41 53 34 92 69 95 84 6 38 33 17 63 16 63 68 35 63 95 48 8 19 4 61 84 72 45 54 41 16 84 69 24 35 43 99 40 71 54 0 82 59 13 76 54 
10 97 55 55 71 64 75 94 83 52 34 50 24 40 30 86 39 69 10 95 6 80 56 95 20 73 16 67 86 47 85 76 38 13 90 33 25 77 93 14 90 24 45 13 55 90 56 67 82 51 54 28 61 78 25 86 57 69 54 3 49 68 44 80 59 23 82 23 14 74 61 70 82 0 25 96 23 34 
68 83 33 1 13 33 13 19 41 67 39 51 96 4 18 54 61 70 93 63 21 93 43 50 16 30 64 29 12 14 73 9 17 47 33 70 4 88 91 39 89 69 61 91 97 84 69 34 42 52 93 33 61 9 40 95 10 90 67 4 1 25 40 63 82 88 65 42 26 15 20 21 59 25 0 25 31 88 
24 87 29 87 40 92 19 37 45 68 38 33 60 58 82 43 98 62 68 27 58 77 21 19 98 39 65 58 94 22 44 35 26 83 71 80 42 62 8 92 57 21 16 76 53 17 83 58 84 83 23 15 49 39 76 36 47 25 28 11 39 79 21 70 64 60 45 69 39 48 16 36 13 96 25 0 1 88 
28 71 56 17 84 50 31 30 17 33 44 91 65 44 47 7 10 88 86 99 60 47 89 11 42 79 92 85 54 81 9 34 47 8 97 6 31 3 61 88 43 14 93 26 74 29 69 75 45 83 39 26 83 50 40 18 61 58 89 32 8 68 2 68 93 9 43 42 76 72 98 39 76 23 31 1 0 36 
38 67 83 20 49 1 60 40 18 75 34 21 83 54 8 10 68 67 34 48 55 88 69 62 36 55 21 44 60 82 56 93 8 30 8 34 23 23 10 60 5 57 42 56 6 46 12 73 98 52 21 14 9 15 7 18 66 64 3 92 22 51 1 9 53 3 35 40 6 2 99 50 54 34 88 88 36 0 
