80
0 38 13 73 10 76 6 80 65 17 2 77 72 7 26 51 21 19 85 12 29 30 15 51 69 88 88 95 97 87 14 10 8 64 62 23 58 2 1 61 82 9 89 14 48 73 31 72 4 71 22 50 58 4 69 25 44 77 27 53 81 42 83 16 65 69 26 99 88 8 27 26 23 10 68 24 28 38 58 84 
38 0 39 9 33 35 11 24 16 88 26 72 93 75 63 47 33 89 24 56 66 78 4 1 78 7 53 86 71 3 77 92 22 76 8 78 73 76 77 44 21 31 37 8 46 69 58 83 97 14 11 24 82 8 25 75 93 21 33 13 66 95 61 25 83 98 3 93 99 11 55 97 83 87 71 67 72 49 55 16 
13 39 0 6 18 43 21 49 23 14 98 54 85 11 97 56 62 57 90 22 97 84 26 15 14 85 44 7 78 57 60 16 25 10 67 72 54 70 37 22 41 78 92 50 48 78 41 79 46 88 17 29 46 68 67 79 47 1 30 64 76 36 54 94 34 3 85 84 49 55 33 29 56 83 32 29 95 75 9 33 
73 9 6 0 9 85 78 51 80 42 65 84 25 21 45 16 31 92 15 20 27 87 8 54 48 61 35 33 20 68 25 84 95 39 48 6 80 64 88 33 43 75 67 89 99 31 18 69 65 61 79 18 40 36 82 29 23 39 42 75 78 71 26 49 51 63 45 55 1 87 17 20 10 93 52 11 69 24 15 64 
10 33 18 9 0 22 47 4 57 89 81 47 55 80 72 15 78 16 26 54 85 59 86 30 45 38 23 92 55 77 13 60 27 77 72 88 40 44 77 39 92 70 99 34 44 27 57 70 74 53 90 28 44 2 83 95 97 27 85 31 65 23 99 53 4 71 13 40 84 49 62 71 14 37 24 23 67 93 96 54 
76 35 43 85 22 0 10 42 58 89 94 77 83 12 37 17 31 85 58 36 42 82 3 86 94 37 47 81 28 73 29 3 14 42 37 41 19 98 39 64 47 90 3 99 29 79 76 59 43 27 22 59 17 93 38 12 23 7 97 15 88 76 36 64 33 92 50 1 23 98 71 37 19 28 29 53 95 51 47 8 
6 11 21 78 47 10 0 86 17 30 12 62 15 31 9 41 49 31 24 67 93 65 13 18 34 11 29 76 6 82 6 43 87 53 58 57 79 88 82 11 73 49 20 13 26 78 17 5 89 28 51 69 4 59 13 3 77 97 97 62 16 75 13 19 31 60 6 17 96 97 61 44 32 45 25 63 80 22 20 78 
80 24 49 51 4 42 86 0 34 5 40 68 35 35 43 79 83 39 49 82 6 92 9 41 70 6 8 79 38 79 34 28 52 78 31 44 47 10 68 4 68 55 98 64 81 29 38 65 38 94 19 79 71 93 53 11 33 47 64 94 19 37 30 40 29 55 30 56 91 28 61 13 18 72 92 8 84 57 52 33 
65 16 23 80 57 58 17 34 0 77 63 52 97 31 23 6 92 96 23 77 23 19 94 30 19 53 32 50 99 84 94 46 52 87 16 72 49 29 84 28 44 20 80 71 89 87 12 66 94 16 52 99 87 46 64 43 23 83 41 45 17 18 89 1 98 83 72 15 37 27 33 2 49 89 23 35 95 22 69 68 
17 88 14 42 89 89 30 5 77 0 49 19 98 12 12 53 77 69 46 65 90 41 8 8 34 59 8 35 5 6 62 51 77 46 97 22 93 72 93 26 98 2 14 39 86 28 39 85 34 2 32 39 29 76 32 52 67 68 33 75 33 98 6 1 38 73 44 25 17 97 97 42 25 22 28 47 36 63 69 63 
2 26 98 65 81 94 12 40 63 49 0 33 46 89 43 58 26 33 34 7 66 52 32 8 14 4 29 16 30 67 62 84 97 59 83 35 31 58 97 50 47 84 42 21 41 51 5 10 1 91 22 75 22 34 39 38 44 34 96 42 72 70 71 24 87 40 32 38 39 57 88 29 37 67 11 85 1 17 31 4 
77 72 54 84 47 77 62 68 52 19 33 0 79 60 54 70 50 75 47 28 34 73 69 40 33 98 8 34 63 15 78 44 62 86 37 13 54 27 83 13 26 2 42 56 56 65 16 93 41 61 71 50 51 33 91 21 53 39 66 81 58 53 90 20 95 65 43 48 22 98 2 90 39 13 19 78 78 89 91 84 
72 93 85 25 55 83 15 35 97 98 46 79 0 40 99 16 38 97 37 99 2 33 31 8 51 51 33 44 42 70 2 98 52 31 83 50 82 83 96 72 22 19 47 45 92 10 5 78 64 24 96 60 65 83 32 2 85 79 69 55 26 84 28 57 93 9 56 77 47 50 12 9 62 75 24 89 90 83 83 6 
7 75 11 21 80 12 31 35 31 12 89 60 40 0 43 47 22 52 74 43 14 19 24 46 96 53 34 55 15 58 62 41 73 66 23 3 87 2 73 52 72 88 78 63 49 1 43 40 4 58 44 54 44 75 99 98 76 60 67 75 92 6 27 68 32 12 4 55 2 14 60 57 82 9 39 5 71 77 74 6 
26 63 97 45 72 37 9 43 23 12 43 54 99 43 0 80 85 60 32 91 8 67 33 47 76 83 45 65 38 48 74 91 85 16 66 53 70 67 90 29 20 18 6 80 11 30 18 82 47 8 18 87 62 65 8 30 56 29 44 99 56 6 51 93 64 53 35 99 84 78 38 90 55 5 44 12 30 77 90 33 
51 47 56 16 15 17 41 79 6 53 58 70 16 47 80 0 51 52 43 24 90 44 89 96 29 65 87 59 89 52 23 11 32 10 7 31 68 19 13 74 75 92 66 86 54 43 7 10 37 88 60 9 54 88 19 22 68 15 21 86 10 43 67 21 17 59 78 43 36 76 29 86 35 45 93 83 9 31 65 78 
21 33 62 31 78 31 49 83 92 77 26 50 38 22 85 51 0 19 39 12 57 53 84 77 69 26 70 32 60 63 30 67 33 72 61 94 73 28 98 94 69 39 61 98 10 68 79 64 21 36 56 29 46 93 57 52 5 80 76 32 77 53 39 84 81 75 71 27 58 31 65 39 19 96 42 96 58 49 43 53 
19 89 57 92 16 85 31 39 96 69 33 75 97 52 60 52 19 0 23 65 71 62 61 97 28 1 27 51 21 27 66 78 19 61 83 60 63 39 24 69 70 62 88 67 20 37 18 22 78 27 33 9 9 21 69 83 55 86 94 75 90 24 95 91 14 12 43 11 89 25 48 69 44 92 14 7 3 68 94 5 
85 24 90 15 26 58 24 49 23 46 34 47 37 74 32 43 39 23 0 29 36 83 78 47 79 7 92 81 21 24 64 72 7 22 65 51 91 10 93 68 86 34 72 9 52 34 62 8 60 42 28 52 41 72 46 95 10 89 47 59 22 55 1 20 20 86 28 98 22 95 19 68 36 96 30 23 57 11 43 73 
12 56 22 20 54 36 67 82 77 65 7 28 99 43 91 24 12 65 29 0 32 13 83 8 88 9 62 24 35 95 4 56 69 16 25 95 63 27 99 48 88 36 17 88 91 79 88 58 25 56 50 53 25 16 68 74 47 21 67 95 13 26 1 98 99 78 12 91 25 55 48 78 41 60 96 80 90 32 57 34 
29 66 97 27 85 42 93 6 23 90 66 34 2 14 8 90 57 71 36 32 0 39 93 21 15 10 68 82 80 4 48 71 43 6 21 58 60 55 78 25 59 80 37 81 59 52 64 74 84 89 83 56 79 71 28 24 54 70 69 24 47 40 67 78 27 25 18 88 2 46 59 22 18 57 34 44 76 99 3 97 
30 78 84 87 59 82 65 92 19 41 52 73 33 19 67 44 53 62 83 13 39 0 91 84 27 27 53 56 8 63 32 80 93 77 47 88 71 70 56 93 99 88 86 75 16 15 57 88 2 85 76 77 91 19 63 46 66 53 29 88 39 21 98 52 60 95 65 15 98 53 45 17 65 31 83 11 46 89 79 60 
15 4 26 8 86 3 13 9 94 8 32 69 31 24 33 89 84 61 78 83 93 91 0 98 43 65 6 91 77 56 43 21 89 69 19 93 50 84 16 18 62 8 65 56 3 91 5 17 78 69 31 53 85 37 99 60 32 36 33 51 52 6 34 1 10 32 36 89 61 39 12 45 44 8 63 57 97 94 53 25 
51 1 15 54 30 86 18 41 30 8 8 40 8 46 47 96 77 97 47 8 21 84 98 0 44 52 11 95 50 19 11 62 40 7 8 80 13 1 4 52 16 68 82 60 67 16 62 65 20 45 88 62 22 1 64 95 85 2 85 61 77 23 15 25 47 33 81 71 55 25 78 90 36 58 32 40 15 94 49 14 
69 78 14 48 45 94 34 70 19 34 14 33 51 96 76 29 69 28 79 88 15 27 43 44 0 20 16 98 42 36 26 52 35 23 34 62 79 8 33 4 68 96 58 97 47 90 22 93 85 59 65 41 79 79 63 63 48 28 72 43 15 94 52 19 79 11 36 50 94 80 90 5 6 87 30 54 81 73 30 39 
88 7 85 61 38 37 11 6 53 59 4 98 51 53 83 65 26 1 7 9 10 27 65 52 20 0 79 55 43 65 69 45 85 74 51 81 51 36 73 16 40 3 36 98 80 16 16 95 67 35 84 94 19 75 19 26 18 50 38 21 41 53 24 19 80 52 33 38 31 41 51 74 69 81 16 64 65 92 21 55 
88 53 44 35 23 47 29 8 32 8 29 8 33 34 45 87 70 27 92 62 68 53 6 11 16 79 0 24 7 25 1 49 81 29 89 2 74 22 1 77 33 41 82 84 31 88 54 34 83 23 4 35 50 89 71 38 34 13 38 80 66 7 80 93 4 33 86 45 30 47 68 67 29 58 85 44 95 94 21 53 
95 86 7 33 92 81 76 79 50 35 16 34 44 55 65 59 32 51 81 24 82 56 91 95 98 55 24 0 32 26 64 53 60 18 23 55 14 31 24 51 22 72 4 24 13 78 8 53 31 27 9 97 85 82 74 40 57 61 26 66 96 28 19 87 2 35 3 18 86 12 94 54 60 83 12 84 4 84 1 94 
97 71 78 20 55 28 6 38 99 5 30 63 42 15 38 89 60 21 21 35 80 8 77 50 42 43 7 32 0 86 52 92 33 87 85 82 6 12 70 10 47 75 94 33 39 43 64 24 41 64 64 32 19 41 6 93 80 83 75 41 26 69 50 83 87 47 14 22 81 82 95 50 52 15 31 11 86 5 8 55 
87 3 57 68 77 73 82 79 84 6 67 15 70 58 48 52 63 27 24 95 4 63 56 19 36 65 25 26 86 0 60 85 99 42 36 57 14 12 53 67 22 82 95 35 62 92 86 61 93 99 92 75 9 76 82 28 26 87 37 15 4 93 85 73 44 9 56 18 61 33 99 84 28 96 53 51 81 92 80 27 
14 77 60 25 13 29 6 34 94 62 62 78 2 62 74 23 30 66 64 4 48 32 43 11 26 69 1 64 52 60 0 38 25 57 41 53 39 20 45 21 64 22 66 69 93 19 69 17 79 60 57 45 36 40 62 33 68 54 63 76 9 35 34 93 26 68 2 99 9 90 28 30 90 78 11 62 17 80 75 77 
10 92 16 84 60 3 43 28 46 51 84 44 98 41 91 11 67 78 72 56 71 80 21 62 52 45 49 53 92 85 38 0 98 1 31 4 82 65 39 68 31 22 27 96 11 70 34 37 10 1 56 70 11 4 40 78 38 17 26 47 8 44 1 57 15 56 56 53 79 98 54 61 1 15 61 67 96 40 72 8 
8 22 25 95 27 14 87 52 52 77 97 62 52 73 85 32 33 19 7 69 43 93 89 40 35 85 81 60 33 99 25 98 0 17 67 62 70 51 59 80 15 78 13 12 80 96 35 7 70 86 45 71 73 13 47 83 8 30 61 83 74 47 87 85 98 48 89 74 77 88 46 37 88 40 38 7 44 59 2 84 
64 76 10 39 77 42 53 78 87 46 59 86 31 66 16 10 72 61 22 16 6 77 69 7 23 74 29 18 87 42 57 1 17 0 30 49 56 46 9 35 30 1 80 20 5 72 2 9 27 41 90 33 71 97 8 39 82 30 4 75 51 92 17 50 43 71 9 32 26 35 55 98 97 71 6 64 95 25 47 21 
62 8 67 48 72 37 58 31 16 97 83 37 83 23 66 7 61 83 65 25 21 47 19 8 34 51 89 23 85 36 41 31 67 30 0 23 1 70 23 28 26 65 46 39 58 53 53 33 70 80 6 34 65 54 54 54 13 81 97 34 52 56 81 55 13 86 11 82 79 72 85 30 13 64 8 71 83 64 65 45 
23 78 72 6 88 41 57 44 72 22 35 13 50 3 53 31 94 60 51 95 58 88 93 80 62 81 2 55 82 57 53 4 62 49 23 0 70 76 89 35 15 60 89 34 25 4 42 31 23 54 97 92 92 83 98 37 7 39 99 32 63 48 63 35 72 43 21 91 51 23 3 64 1 93 6 73 53 10 95 98 
58 73 54 80 40 19 79 47 49 93 31 54 82 87 70 68 73 63 91 63 60 71 50 13 79 51 74 14 6 14 39 82 70 56 1 70 0 12 99 41 92 77 88 62 3 23 83 94 99 48 30 96 99 81 2 76 2 53 93 65 76 79 63 77 49 37 50 15 74 22 33 72 1 47 25 81 38 17 53 69 
2 76 70 64 44 98 88 10 29 72 58 27 83 2 67 19 28 39 10 27 55 70 84 1 8 36 22 31 12 12 20 65 51 46 70 76 12 0 93 91 8 61 10 35 64 67 69 14 67 92 1 35 71 17 38 18 39 83 15 38 63 1 34 50 78 32 58 59 74 77 29 77 54 59 32 95 14 39 92 88 
1 77 37 88 77 39 82 68 84 93 97 83 96 73 90 13 98 24 93 99 78 56 16 4 33 73 1 24 70 53 45 39 59 9 23 89 99 93 0 60 47 63 87 62 40 72 3 60 26 58 33 31 53 92 42 79 58 46 86 26 74 75 7 3 31 78 79 92 97 43 19 84 90 89 57 43 5 12 25 23 
61 44 22 33 39 64 11 4 28 26 50 13 72 52 29 74 94 69 68 48 25 93 18 52 4 16 77 51 10 67 21 68 80 35 28 35 41 91 60 0 7 5 80 29 54 31 22 28 6 36 73 83 49 52 95 25 77 41 86 29 41 48 24 29 85 90 38 6 24 69 21 14 57 30 29 92 55 29 64 82 
82 21 41 43 92 47 73 68 44 98 47 26 22 72 20 75 69 70 86 88 59 99 62 16 68 40 33 22 47 22 64 31 15 30 26 15 92 8 47 7 0 61 70 84 73 80 49 53 93 93 97 58 95 40 91 79 62 58 6 77 26 80 94 38 45 61 16 93 42 64 8 3 47 76 53 67 26 38 4 26 
9 31 78 75 70 90 49 55 20 2 84 2 19 88 18 92 39 62 34 36 80 88 8 68 96 3 41 72 75 82 22 22 78 1 65 60 77 61 63 5 61 0 85 65 1 53 82 47 85 18 55 36 79 61 51 47 24 66 1 33 13 91 76 26 56 70 6 15 88 3 92 65 99 88 59 25 46 15 78 87 
89 37 92 67 99 3 20 98 80 14 42 42 47 78 6 66 61 88 72 17 37 86 65 82 58 36 82 4 94 95 66 27 13 80 46 89 88 10 87 80 70 85 0 33 92 73 39 84 21 25 72 28 38 96 83 17 55 97 53 74 6 67 81 95 51 3 90 33 8 90 86 37 67 74 12 36 43 40 53 94 
14 8 50 89 34 99 13 64 71 39 21 56 45 63 80 86 98 67 9 88 81 75 56 60 97 98 84 24 33 35 69 96 12 20 39 34 62 35 62 29 84 65 33 0 85 21 74 8 53 70 58 63 90 84 17 29 46 83 82 69 68 62 84 70 39 75 64 73 13 35 25 84 35 23 90 41 88 76 78 39 
48 46 48 99 44 29 26 81 89 86 41 56 92 49 11 54 10 20 52 91 59 16 3 67 47 80 31 13 39 62 93 11 80 5 58 25 3 64 40 54 73 1 92 85 0 76 22 16 56 69 83 69 12 37 58 28 80 2 13 2 9 90 64 91 16 86 81 85 28 94 8 15 76 13 62 21 38 63 67 34 
73 69 78 31 27 79 78 29 87 28 51 65 10 1 30 43 68 37 34 79 52 15 91 16 90 16 88 78 43 92 19 70 96 72 53 4 23 67 72 31 80 53 73 21 76 0 58 75 73 6 1 3 5 65 58 36 31 5 76 81 15 3 53 55 16 97 89 1 60 63 2 92 68 82 42 84 45 98 7 88 
31 58 41 18 57 76 17 38 12 39 5 16 5 43 18 7 79 18 62 88 64 57 5 62 22 16 54 8 64 86 69 34 35 2 53 42 83 69 3 22 49 82 39 74 22 58 0 57 50 48 73 60 94 83 81 99 93 39 11 88 66 96 89 60 74 96 92 35 51 52 83 83 52 92 25 56 69 66 38 58 
72 83 79 69 70 59 5 65 66 85 10 93 78 40 82 10 64 22 8 58 74 88 17 65 93 95 34 53 24 61 17 37 7 9 33 31 94 14 60 28 53 47 84 8 16 75 57 0 98 88 45 58 42 33 28 56 64 81 92 77 57 27 63 54 93 23 39 21 59 44 20 46 76 38 85 35 88 59 2 41 
4 97 46 65 74 43 89 38 94 34 1 41 64 4 47 37 21 78 60 25 84 2 78 20 85 67 83 31 41 93 79 10 70 27 70 23 99 67 26 6 93 85 21 53 56 73 50 98 0 86 38 59 8 25 25 84 42 95 28 33 15 26 14 79 37 25 4 57 94 32 29 77 3 61 60 73 41 16 38 8 
71 14 88 61 53 27 28 94 16 2 91 61 24 58 8 88 36 27 42 56 89 85 69 45 59 35 23 27 64 99 60 1 86 41 80 54 48 92 58 36 93 18 25 70 69 6 48 88 86 0 83 39 48 61 61 49 83 9 86 69 40 64 55 14 62 41 74 75 69 25 26 34 19 79 47 79 8 78 9 39 
22 11 17 79 90 22 51 19 52 32 22 71 96 44 18 60 56 33 28 50 83 76 31 88 65 84 4 9 64 92 57 56 45 90 6 97 30 1 33 73 97 55 72 58 83 1 73 45 38 83 0 50 15 18 46 58 78 88 27 32 59 24 38 43 94 90 82 97 27 47 19 25 40 76 40 7 69 40 47 22 
50 24 29 18 28 59 69 79 99 39 75 50 60 54 87 9 29 9 52 53 56 77 53 62 41 94 35 97 32 75 45 70 71 33 34 92 96 35 31 83 58 36 28 63 69 3 60 58 59 39 50 0 68 74 25 72 33 13 87 66 8 3 97 21 4 86 95 36 18 18 56 44 53 96 26 90 30 52 68 48 
58 82 46 40 44 17 4 71 87 29 22 51 65 44 62 54 46 9 41 25 79 91 85 22 79 19 50 85 19 9 36 11 73 71 65 92 99 71 53 49 95 79 38 90 12 5 94 42 8 48 15 68 0 21 72 80 9 24 61 57 10 47 61 66 63 22 14 23 28 26 18 33 94 15 86 53 26 61 84 69 
4 8 68 36 2 93 59 93 46 76 34 33 83 75 65 88 93 21 72 16 71 19 37 1 79 75 89 82 41 76 40 4 13 97 54 83 81 17 92 52 40 61 96 84 37 65 83 33 25 61 18 74 21 0 90 25 58 64 13 19 27 78 26 1 23 15 75 40 76 20 10 72 54 67 28 89 3 72 86 20 
69 25 67 82 83 38 13 53 64 32 39 91 32 99 8 19 57 69 46 68 28 63 99 64 63 19 71 74 6 82 62 40 47 8 54 98 2 38 42 95 91 51 83 17 58 58 81 28 25 61 46 25 72 90 0 15 14 98 83 23 62 82 12 29 45 3 4 11 32 92 97 30 56 30 34 42 66 50 26 86 
25 75 79 29 95 12 3 11 43 52 38 21 2 98 30 22 52 83 95 74 24 46 60 95 63 26 38 40 93 28 33 78 83 39 54 37 76 18 79 25 79 47 17 29 28 36 99 56 84 49 58 72 80 25 15 0 49 54 49 1 39 8 22 6 16 78 81 64 98 31 33 73 45 41 68 25 79 68 51 49 
44 93 47 23 97 23 77 33 23 67 44 53 85 76 56 68 5 55 10 47 54 66 32 85 48 18 34 57 80 26 68 38 8 82 13 7 2 39 58 77 62 24 55 46 80 31 93 64 42 83 78 33 9 58 14 49 0 36 53 32 2 65 32 19 67 16 44 40 21 2 1 46 83 30 27 8 53 4 22 84 
77 21 1 39 27 7 97 47 83 68 34 39 79 60 29 15 80 86 89 21 70 53 36 2 28 50 13 61 83 87 54 17 30 30 81 39 53 83 46 41 58 66 97 83 2 5 39 81 95 9 88 13 24 64 98 54 36 0 80 63 70 68 9 73 44 96 90 77 73 59 69 59 82 64 93 53 38 48 52 24 
27 33 30 42 85 97 97 64 41 33 96 66 69 67 44 21 76 94 47 67 69 29 33 85 72 38 38 26 75 37 63 26 61 4 97 99 93 15 86 86 6 1 53 82 13 76 11 92 28 86 27 87 61 13 83 49 53 80 0 71 1 24 23 88 60 9 3 19 4 15 80 68 35 82 65 45 43 35 79 45 
53 13 64 75 31 15 62 94 45 75 42 81 55 75 99 86 32 75 59 95 24 88 51 61 43 21 80 66 41 15 76 47 83 75 34 32 65 38 26 29 77 33 74 69 2 81 88 77 33 69 32 66 57 19 23 1 32 63 71 0 61 68 43 23 42 69 42 40 81 43 68 99 14 26 39 76 6 93 23 40 
81 66 76 78 65 88 16 19 17 33 72 58 26 92 56 10 77 90 22 13 47 39 52 77 15 41 66 96 26 4 9 8 74 51 52 63 76 63 74 41 26 13 6 68 9 15 66 57 15 40 59 8 10 27 62 39 2 70 1 61 0 74 15 48 72 2 34 71 61 20 16 98 99 54 70 21 36 39 50 82 
42 95 36 71 23 76 75 37 18 98 70 53 84 6 6 43 53 24 55 26 40 21 6 23 94 53 7 28 69 93 35 44 47 92 56 48 79 1 75 48 80 91 67 62 90 3 96 27 26 64 24 3 47 78 82 8 65 68 24 68 74 0 59 13 76 54 25 96 23 34 25 31 88 1 88 36 46 64 9 42 
83 61 54 26 99 36 13 30 89 6 71 90 28 27 51 67 39 95 1 1 67 98 34 15 52 24 80 19 50 85 34 1 87 17 81 63 63 34 7 24 94 76 81 84 64 53 89 63 14 55 38 97 61 26 12 22 32 9 23 43 15 59 0 15 63 11 30 31 38 98 40 11 68 55 78 46 74 69 24 82 
16 25 94 49 53 64 19 40 1 1 24 20 57 68 93 21 84 91 20 98 78 52 1 25 19 19 93 87 83 73 93 57 85 50 55 35 77 50 3 29 38 26 95 70 91 55 60 54 79 14 43 21 66 1 29 6 19 73 88 23 48 13 15 0 65 82 82 33 94 15 31 39 97 88 1 38 67 43 62 19 
65 83 34 51 4 33 31 29 98 38 87 95 93 32 64 17 81 14 20 99 27 60 10 47 79 80 4 2 87 44 26 15 98 43 13 72 49 78 31 85 45 56 51 39 16 16 74 93 37 62 94 4 63 23 45 16 67 44 60 42 72 76 63 65 0 1 46 83 95 72 71 97 54 1 43 41 40 25 41 93 
69 98 3 63 71 92 60 55 83 73 40 65 9 12 53 59 75 12 86 78 25 95 32 33 11 52 33 35 47 9 68 56 48 71 86 43 37 32 78 90 61 70 3 75 86 97 96 23 25 41 90 86 22 15 3 78 16 96 9 69 2 54 11 82 1 0 73 32 5 30 36 36 49 31 48 1 80 8 53 10 
26 3 85 45 13 50 6 30 72 44 32 43 56 4 35 78 71 43 28 12 18 65 36 81 36 33 86 3 14 56 2 56 89 9 11 21 50 58 79 38 16 6 90 64 81 89 92 39 4 74 82 95 14 75 4 81 44 90 3 42 34 25 30 82 46 73 0 25 52 86 92 76 15 82 62 41 13 28 45 1 
99 93 84 55 40 1 17 56 15 25 38 48 77 55 99 43 27 11 98 91 88 15 89 71 50 38 45 18 22 18 99 53 74 32 82 91 15 59 92 6 93 15 33 73 85 1 35 21 57 75 97 36 23 40 11 64 40 77 19 40 71 96 31 33 83 32 25 0 55 65 17 91 18 60 91 96 38 73 84 82 
88 99 49 1 84 23 96 91 37 17 39 22 47 2 84 36 58 89 22 25 2 98 61 55 94 31 30 86 81 61 9 79 77 26 79 51 74 74 97 24 42 88 8 13 28 60 51 59 94 69 27 18 28 76 32 98 21 73 4 81 61 23 38 94 95 5 52 55 0 40 44 71 91 24 31 74 64 91 49 45 
8 11 55 87 49 98 97 28 27 97 57 98 50 14 78 76 31 25 95 55 46 53 39 25 80 41 47 12 82 33 90 98 88 35 72 23 22 77 43 69 64 3 90 35 94 63 52 44 32 25 47 18 26 20 92 31 2 59 15 43 20 34 98 15 72 30 86 65 40 0 95 17 60 91 45 86 49 18 52 49 
27 55 33 17 62 71 61 61 33 97 88 2 12 60 38 29 65 48 19 48 59 45 12 78 90 51 68 94 95 99 28 54 46 55 85 3 33 29 19 21 8 92 86 25 8 2 83 20 29 26 19 56 18 10 97 33 1 69 80 68 16 25 40 31 71 36 92 17 44 95 0 7 77 67 87 36 45 79 99 1 
26 97 29 20 71 37 44 13 2 42 29 90 9 57 90 86 39 69 68 78 22 17 45 90 5 74 67 54 50 84 30 61 37 98 30 64 72 77 84 14 3 65 37 84 15 92 83 46 77 34 25 44 33 72 30 73 46 59 68 99 98 31 11 39 97 36 76 91 71 17 7 0 39 19 82 37 49 4 52 49 
23 83 56 10 14 19 32 18 49 25 37 39 62 82 55 35 19 44 36 41 18 65 44 36 6 69 29 60 52 28 90 1 88 97 13 1 1 54 90 57 47 99 67 35 76 68 52 76 3 19 40 53 94 54 56 45 83 82 35 14 99 88 68 97 54 49 15 18 91 60 77 39 0 4 89 58 17 88 64 87 
10 87 83 93 37 28 45 72 89 22 67 13 75 9 5 45 96 92 96 60 57 31 8 58 87 81 58 83 15 96 78 15 40 71 64 93 47 59 89 30 76 88 74 23 13 82 92 38 61 79 76 96 15 67 30 41 30 64 82 26 54 1 55 88 1 31 82 60 24 91 67 19 4 0 22 34 95 32 69 39 
68 71 32 52 24 29 25 92 23 28 11 19 24 39 44 93 42 14 30 96 34 83 63 32 30 16 85 12 31 53 11 61 38 6 8 6 25 32 57 29 53 59 12 90 62 42 25 85 60 47 40 26 86 28 34 68 27 93 65 39 70 88 78 1 43 48 62 91 31 45 87 82 89 22 0 72 70 54 13 97 
24 67 29 11 23 53 63 8 35 47 85 78 89 5 12 83 96 7 23 80 44 11 57 40 54 64 44 84 11 51 62 67 7 64 71 73 81 95 43 92 67 25 36 41 21 84 56 35 73 79 7 90 53 89 42 25 8 53 45 76 21 36 46 38 41 1 41 96 74 86 36 37 58 34 72 0 47 41 18 94 
28 72 95 69 67 95 80 84 95 36 1 78 90 71 30 9 58 3 57 90 76 46 97 15 81 65 95 4 86 81 17 96 44 95 83 53 38 14 5 55 26 46 43 88 38 45 69 88 41 8 69 30 26 3 66 79 53 38 43 6 36 46 74 67 40 80 13 38 64 49 45 49 17 95 70 47 0 79 62 36 
38 49 75 24 93 51 22 57 22 63 17 89 83 77 77 31 49 68 11 32 99 89 94 94 73 92 94 84 5 92 80 40 59 25 64 10 17 39 12 29 38 15 40 76 63 98 66 59 16 78 40 52 61 72 50 68 4 48 35 93 39 64 69 43 25 8 28 73 91 18 79 4 88 32 54 41 79 0 59 32 
58 55 9 15 96 47 20 52 69 69 31 91 83 74 90 65 43 94 43 57 3 79 53 49 30 21 21 1 8 80 75 72 2 47 65 95 53 92 25 64 4 78 53 78 67 7 38 2 38 9 47 68 84 86 26 51 22 52 79 23 50 9 24 62 41 53 45 84 49 52 99 52 64 69 13 18 62 59 0 31 
84 16 33 64 54 8 78 33 68 63 4 84 6 6 33 78 53 5 73 34 97 60 25 14 39 55 53 94 55 27 77 8 84 21 45 98 69 88 23 82 26 87 94 39 34 88 58 41 8 39 22 48 69 20 86 49 84 24 45 40 82 42 82 19 93 10 1 82 45 49 1 49 87 39 97 94 36 32 31 0 
