82
0 38 13 73 10 76 6 80 65 17 2 77 72 7 26 51 21 19 85 12 29 30 15 51 69 88 88 95 97 87 14 10 8 64 62 23 58 2 1 61 82 9 89 14 48 73 31 72 4 71 22 50 58 4 69 25 44 77 27 53 81 42 83 16 65 69 26 99 88 8 27 26 23 10 68 24 28 38 58 84 39 9 
38 0 33 35 11 24 16 88 26 72 93 75 63 47 33 89 24 56 66 78 4 1 78 7 53 86 71 3 77 92 22 76 8 78 73 76 77 44 21 31 37 8 46 69 58 83 97 14 11 24 82 8 25 75 93 21 33 13 66 95 61 25 83 98 3 93 99 11 55 97 83 87 71 67 72 49 55 16 6 18 43 21 
13 33 0 49 23 14 98 54 85 11 97 56 62 57 90 22 97 84 26 15 14 85 44 7 78 57 60 16 25 10 67 72 54 70 37 22 41 78 92 50 48 78 41 79 46 88 17 29 46 68 67 79 47 1 30 64 76 36 54 94 34 3 85 84 49 55 33 29 56 83 32 29 95 75 9 33 9 85 78 51 80 42 
73 35 49 0 65 84 25 21 45 16 31 92 15 20 27 87 8 54 48 61 35 33 20 68 25 84 95 39 48 6 80 64 88 33 43 75 67 89 99 31 18 69 65 61 79 18 40 36 82 29 23 39 42 75 78 71 26 49 51 63 45 55 1 87 17 20 10 93 52 11 69 24 15 64 22 47 4 57 89 81 47 55 
10 11 23 65 0 80 72 15 78 16 26 54 85 59 86 30 45 38 23 92 55 77 13 60 27 77 72 88 40 44 77 39 92 70 99 34 44 27 57 70 74 53 90 28 44 2 83 95 97 27 85 31 65 23 99 53 4 71 13 40 84 49 62 71 14 37 24 23 67 93 96 54 10 42 58 89 94 77 83 12 37 17 
76 24 14 84 80 0 31 85 58 36 42 82 3 86 94 37 47 81 28 73 29 3 14 42 37 41 19 98 39 64 47 90 3 99 29 79 76 59 43 27 22 59 17 93 38 12 23 7 97 15 88 76 36 64 33 92 50 1 23 98 71 37 19 28 29 53 95 51 47 8 86 17 30 12 62 15 31 9 41 49 31 24 
6 16 98 25 72 31 0 67 93 65 13 18 34 11 29 76 6 82 6 43 87 53 58 57 79 88 82 11 73 49 20 13 26 78 17 5 89 28 51 69 4 59 13 3 77 97 97 62 16 75 13 19 31 60 6 17 96 97 61 44 32 45 25 63 80 22 20 78 34 5 40 68 35 35 43 79 83 39 49 82 6 92 
80 88 54 21 15 85 67 0 9 41 70 6 8 79 38 79 34 28 52 78 31 44 47 10 68 4 68 55 98 64 81 29 38 65 38 94 19 79 71 93 53 11 33 47 64 94 19 37 30 40 29 55 30 56 91 28 61 13 18 72 92 8 84 57 52 33 77 63 52 97 31 23 6 92 96 23 77 23 19 94 30 19 
65 26 85 45 78 58 93 9 0 53 32 50 99 84 94 46 52 87 16 72 49 29 84 28 44 20 80 71 89 87 12 66 94 16 52 99 87 46 64 43 23 83 41 45 17 18 89 1 98 83 72 15 37 27 33 2 49 89 23 35 95 22 69 68 49 19 98 12 12 53 77 69 46 65 90 41 8 8 34 59 8 35 
17 72 11 16 16 36 65 41 53 0 5 6 62 51 77 46 97 22 93 72 93 26 98 2 14 39 86 28 39 85 34 2 32 39 29 76 32 52 67 68 33 75 33 98 6 1 38 73 44 25 17 97 97 42 25 22 28 47 36 63 69 63 33 46 89 43 58 26 33 34 7 66 52 32 8 14 4 29 16 30 67 62 
2 93 97 31 26 42 13 70 32 5 0 84 97 59 83 35 31 58 97 50 47 84 42 21 41 51 5 10 1 91 22 75 22 34 39 38 44 34 96 42 72 70 71 24 87 40 32 38 39 57 88 29 37 67 11 85 1 17 31 4 79 60 54 70 50 75 47 28 34 73 69 40 33 98 8 34 63 15 78 44 62 86 
77 75 56 92 54 82 18 6 50 6 84 0 37 13 54 27 83 13 26 2 42 56 56 65 16 93 41 61 71 50 51 33 91 21 53 39 66 81 58 53 90 20 95 65 43 48 22 98 2 90 39 13 19 78 78 89 91 84 40 99 16 38 97 37 99 2 33 31 8 51 51 33 44 42 70 2 98 52 31 83 50 82 
72 63 62 15 85 3 34 8 99 62 97 37 0 83 96 72 22 19 47 45 92 10 5 78 64 24 96 60 65 83 32 2 85 79 69 55 26 84 28 57 93 9 56 77 47 50 12 9 62 75 24 89 90 83 83 6 43 47 22 52 74 43 14 19 24 46 96 53 34 55 15 58 62 41 73 66 23 3 87 2 73 52 
7 47 57 20 59 86 11 79 84 51 59 13 83 0 72 88 78 63 49 1 43 40 4 58 44 54 44 75 99 98 76 60 67 75 92 6 27 68 32 12 4 55 2 14 60 57 82 9 39 5 71 77 74 6 80 85 60 32 91 8 67 33 47 76 83 45 65 38 48 74 91 85 16 66 53 70 67 90 29 20 18 6 
26 33 90 27 86 94 29 38 94 77 83 54 96 72 0 80 11 30 18 82 47 8 18 87 62 65 8 30 56 29 44 99 56 6 51 93 64 53 35 99 84 78 38 90 55 5 44 12 30 77 90 33 51 52 43 24 90 44 89 96 29 65 87 59 89 52 23 11 32 10 7 31 68 19 13 74 75 92 66 86 54 43 
51 89 22 87 30 37 76 79 46 46 35 27 72 88 80 0 7 10 37 88 60 9 54 88 19 22 68 15 21 86 10 43 67 21 17 59 78 43 36 76 29 86 35 45 93 83 9 31 65 78 19 39 12 57 53 84 77 69 26 70 32 60 63 30 67 33 72 61 94 73 28 98 94 69 39 61 98 10 68 79 64 21 
21 24 97 8 45 47 6 34 52 97 31 83 22 78 11 7 0 36 56 29 46 93 57 52 5 80 76 32 77 53 39 84 81 75 71 27 58 31 65 39 19 96 42 96 58 49 43 53 23 65 71 62 61 97 28 1 27 51 21 27 66 78 19 61 83 60 63 39 24 69 70 62 88 67 20 37 18 22 78 27 33 9 
19 56 84 54 38 81 82 28 87 22 58 13 19 63 30 10 36 0 9 21 69 83 55 86 94 75 90 24 95 91 14 12 43 11 89 25 48 69 44 92 14 7 3 68 94 5 29 36 83 78 47 79 7 92 81 21 24 64 72 7 22 65 51 91 10 93 68 86 34 72 9 52 34 62 8 60 42 28 52 41 72 46 
85 66 26 48 23 28 6 52 16 93 97 26 47 49 18 37 56 9 0 95 10 89 47 59 22 55 1 20 20 86 28 98 22 95 19 68 36 96 30 23 57 11 43 73 32 13 83 8 88 9 62 24 35 95 4 56 69 16 25 95 63 27 99 48 88 36 17 88 91 79 88 58 25 56 50 53 25 16 68 74 47 21 
12 78 15 61 92 73 43 78 72 72 50 2 45 1 82 88 29 21 95 0 67 95 13 26 1 98 99 78 12 91 25 55 48 78 41 60 96 80 90 32 57 34 39 93 21 15 10 68 82 80 4 48 71 43 6 21 58 60 55 78 25 59 80 37 81 59 52 64 74 84 89 83 56 79 71 28 24 54 70 69 24 47 
29 4 14 35 55 29 87 31 49 93 47 42 92 43 47 60 46 69 10 67 0 40 67 78 27 25 18 88 2 46 59 22 18 57 34 44 76 99 3 97 91 84 27 27 53 56 8 63 32 80 93 77 47 88 71 70 56 93 99 88 86 75 16 15 57 88 2 85 76 77 91 19 63 46 66 53 29 88 39 21 98 52 
30 1 85 33 77 3 53 44 29 26 84 56 10 40 8 9 93 83 89 95 40 0 60 95 65 15 98 53 45 17 65 31 83 11 46 89 79 60 98 43 65 6 91 77 56 43 21 89 69 19 93 50 84 16 18 62 8 65 56 3 91 5 17 78 69 31 53 85 37 99 60 32 36 33 51 52 6 34 1 10 32 36 
15 78 44 20 13 14 58 47 84 98 42 56 5 4 18 54 57 55 47 13 67 60 0 89 61 39 12 45 44 8 63 57 97 94 53 25 44 52 11 95 50 19 11 62 40 7 8 80 13 1 4 52 16 68 82 60 67 16 62 65 20 45 88 62 22 1 64 95 85 2 85 61 77 23 15 25 47 33 81 71 55 25 
51 7 7 68 60 42 57 10 28 2 21 65 78 58 87 88 52 86 59 26 78 95 89 0 78 90 36 58 32 40 15 94 49 14 20 16 98 42 36 26 52 35 23 34 62 79 8 33 4 68 96 58 97 47 90 22 93 85 59 65 41 79 79 63 63 48 28 72 43 15 94 52 19 79 11 36 50 94 80 90 5 6 
69 53 78 25 27 37 79 68 44 14 41 16 64 44 62 19 5 94 22 1 27 65 61 78 0 87 30 54 81 73 30 39 79 55 43 65 69 45 85 74 51 81 51 36 73 16 40 3 36 98 80 16 16 95 67 35 84 94 19 75 19 26 18 50 38 21 41 53 24 19 80 52 33 38 31 41 51 74 69 81 16 64 
88 86 57 84 77 41 88 4 20 39 51 93 24 54 65 22 80 75 55 98 25 15 39 90 87 0 65 92 21 55 24 7 25 1 49 81 29 89 2 74 22 1 77 33 41 82 84 31 88 54 34 83 23 4 35 50 89 71 38 34 13 38 80 66 7 80 93 4 33 86 45 30 47 68 67 29 58 85 44 95 94 21 
88 71 60 95 72 19 82 68 80 86 5 41 96 44 8 68 76 90 1 99 18 98 12 36 30 65 0 53 32 26 64 53 60 18 23 55 14 31 24 51 22 72 4 24 13 78 8 53 31 27 9 97 85 82 74 40 57 61 26 66 96 28 19 87 2 35 3 18 86 12 94 54 60 83 12 84 4 84 1 94 86 52 
95 3 16 39 88 98 11 55 71 28 10 61 60 75 30 15 32 24 20 78 88 53 45 58 54 92 53 0 92 33 87 85 82 6 12 70 10 47 75 94 33 39 43 64 24 41 64 64 32 19 41 6 93 80 83 75 41 26 69 50 83 87 47 14 22 81 82 95 50 52 15 31 11 86 5 8 55 60 85 99 42 36 
97 77 25 48 40 39 73 98 89 39 1 71 65 99 56 21 77 95 20 12 2 45 44 32 81 21 32 92 0 57 14 12 53 67 22 82 95 35 62 92 86 61 93 99 92 75 9 76 82 28 26 87 37 15 4 93 85 73 44 9 56 18 61 33 99 84 28 96 53 51 81 92 80 27 38 25 57 41 53 39 20 45 
87 92 10 6 44 64 49 64 87 85 91 50 83 98 29 86 53 91 86 91 46 17 8 40 73 55 26 33 57 0 21 64 22 66 69 93 19 69 17 79 60 57 45 36 40 62 33 68 54 63 76 9 35 34 93 26 68 2 99 9 90 28 30 90 78 11 62 17 80 75 77 98 1 31 4 82 65 39 68 31 22 27 
14 22 67 80 77 47 20 81 12 34 22 51 32 76 44 10 39 14 28 25 59 65 63 15 30 24 64 87 14 21 0 96 11 70 34 37 10 1 56 70 11 4 40 78 38 17 26 47 8 44 1 57 15 56 56 53 79 98 54 61 1 15 61 67 96 40 72 8 17 67 62 70 51 59 80 15 78 13 12 80 96 35 
10 76 72 64 39 90 13 29 66 2 75 33 2 60 99 43 84 12 98 55 22 31 57 94 39 7 53 85 12 64 96 0 7 70 86 45 71 73 13 47 83 8 30 61 83 74 47 87 85 98 48 89 74 77 88 46 37 88 40 38 7 44 59 2 84 30 49 56 46 9 35 30 1 80 20 5 72 2 9 27 41 90 
8 8 54 88 92 3 26 38 94 32 22 91 85 67 56 67 81 43 22 48 18 83 97 49 79 25 60 82 53 22 11 7 0 33 71 97 8 39 82 30 4 75 51 92 17 50 43 71 9 32 26 35 55 98 97 71 6 64 95 25 47 21 23 1 70 23 28 26 65 46 39 58 53 53 33 70 80 6 34 65 54 54 
64 78 70 33 70 99 78 65 16 39 34 21 79 75 6 21 75 11 95 78 57 11 94 14 55 1 18 6 67 66 70 70 33 0 54 13 81 97 34 52 56 81 55 13 86 11 82 79 72 85 30 13 64 8 71 83 64 65 45 70 76 89 35 15 60 89 34 25 4 42 31 23 54 97 92 92 83 98 37 7 39 99 
62 73 37 43 99 29 17 38 52 29 39 53 69 92 51 17 71 89 19 41 34 46 53 20 43 49 23 12 22 69 34 86 71 54 0 32 63 48 63 35 72 43 21 91 51 23 3 64 1 93 6 73 53 10 95 98 12 99 41 92 77 88 62 3 23 83 94 99 48 30 96 99 81 2 76 2 53 93 65 76 79 63 
23 76 22 75 34 79 5 94 99 76 38 39 55 6 93 59 27 25 68 60 44 89 25 16 65 81 55 70 82 93 37 45 97 13 32 0 77 49 37 50 15 74 22 33 72 1 47 25 81 38 17 53 69 93 91 8 61 10 35 64 67 69 14 67 92 1 35 71 17 38 18 39 83 15 38 63 1 34 50 78 32 58 
58 77 41 67 44 76 89 19 87 32 44 66 26 27 64 78 58 48 36 96 76 79 44 98 69 29 14 10 95 19 10 71 8 81 63 77 0 59 74 77 29 77 54 59 32 95 14 39 92 88 60 47 63 87 62 40 72 3 60 26 58 33 31 53 92 42 79 58 46 86 26 74 75 7 3 31 78 79 92 97 43 19 
2 44 78 89 27 59 28 79 46 52 34 81 84 68 53 43 31 69 96 80 99 60 52 42 45 89 31 47 35 69 1 73 39 97 48 49 59 0 84 90 89 57 43 5 12 25 23 7 5 80 29 54 31 22 28 6 36 73 83 49 52 95 25 77 41 86 29 41 48 24 29 85 90 38 6 24 69 21 14 57 30 29 
1 21 92 99 57 43 51 71 64 67 96 58 28 32 35 36 65 44 30 90 3 98 11 36 85 2 24 75 62 17 56 13 82 34 63 37 74 84 0 92 55 29 64 82 61 70 84 73 80 49 53 93 93 97 58 95 40 91 79 62 58 6 77 26 80 94 38 45 61 16 93 42 64 8 3 47 76 53 67 26 38 4 
61 31 50 31 70 27 69 93 43 68 42 53 57 12 99 76 39 92 23 32 97 43 95 26 74 74 51 94 92 79 70 47 30 52 35 50 77 90 92 0 26 85 65 1 53 82 47 85 18 55 36 79 61 51 47 24 66 1 33 13 91 76 26 56 70 6 15 88 3 92 65 99 88 59 25 46 15 78 87 33 92 73 
82 37 48 18 74 22 4 53 23 33 72 90 93 4 84 29 19 14 57 57 91 65 50 52 51 22 22 33 86 60 11 83 4 56 72 15 29 89 55 26 0 39 84 21 25 72 28 38 96 83 17 55 97 53 74 6 67 81 95 51 3 90 33 8 90 86 37 67 74 12 36 43 40 53 94 85 21 74 8 53 70 58 
9 8 78 69 53 59 59 11 83 75 70 20 9 55 78 86 96 7 11 34 84 6 19 35 81 1 72 39 61 57 4 8 75 81 43 74 77 57 29 85 39 0 63 90 84 17 29 46 83 82 69 68 62 84 70 39 75 64 73 13 35 25 84 35 23 90 41 88 76 78 39 76 22 16 56 69 83 69 12 37 58 28 
89 46 41 65 90 17 13 33 41 33 71 95 56 2 38 35 42 3 43 39 27 91 11 23 51 77 4 43 93 45 40 30 51 55 21 22 54 43 64 65 84 63 0 80 2 13 2 9 90 64 91 16 86 81 85 28 94 8 15 76 13 62 21 38 63 67 34 58 75 73 6 1 3 5 65 58 36 31 5 76 81 15 
14 69 79 61 28 93 3 47 45 98 24 65 77 14 90 45 96 68 73 93 27 77 62 34 36 33 24 64 99 36 78 61 92 13 91 33 59 5 82 1 21 90 80 0 3 53 55 16 97 89 1 60 63 2 92 68 82 42 84 45 98 7 88 57 50 48 73 60 94 83 81 99 93 39 11 88 66 96 89 60 74 96 
48 58 46 79 44 38 77 64 17 6 87 43 47 60 55 93 58 94 32 21 53 56 40 62 73 41 13 24 92 40 38 83 17 86 51 72 32 12 61 53 25 84 2 3 0 92 35 51 52 83 83 52 92 25 56 69 66 38 58 98 88 45 58 42 33 28 56 64 81 92 77 57 27 63 54 93 23 39 21 59 44 20 
73 83 88 18 2 12 97 94 18 1 40 48 50 57 5 83 49 5 13 15 56 43 7 79 16 82 78 41 75 62 17 74 50 11 23 1 95 25 70 82 72 17 13 53 92 0 46 76 38 85 35 88 59 2 41 86 38 59 8 25 25 84 42 95 28 33 15 26 14 79 37 25 4 57 94 32 29 77 3 61 60 73 
31 97 17 40 83 23 97 19 89 38 32 22 12 82 44 9 43 29 83 10 8 21 8 8 40 84 8 64 9 33 26 47 43 82 3 47 14 23 84 47 28 29 2 55 35 46 0 41 16 38 8 83 39 48 61 61 49 83 9 86 69 40 64 55 14 62 41 74 75 69 25 26 34 19 79 47 79 8 78 9 39 50 
72 14 29 36 95 7 62 37 1 73 38 98 9 9 12 31 53 36 8 68 63 89 80 33 3 31 53 64 76 68 47 87 71 79 64 25 39 7 73 85 38 46 9 16 51 76 41 0 15 18 46 58 78 88 27 32 59 24 38 43 94 90 82 97 27 47 19 25 40 76 40 7 69 40 47 22 68 74 25 72 33 13 
4 11 46 82 97 97 16 30 98 44 39 2 62 39 30 65 23 83 88 82 32 69 13 4 36 88 31 32 82 54 8 85 9 72 1 81 92 5 80 18 96 83 90 97 52 38 16 15 0 87 66 8 3 97 21 4 86 95 36 18 18 56 44 53 96 26 90 30 52 68 48 21 72 80 9 24 61 57 10 47 61 66 
71 24 68 29 27 15 75 40 83 25 57 90 75 5 77 78 65 78 9 80 80 19 1 68 98 54 27 19 28 63 44 98 32 85 93 38 88 80 49 55 83 82 64 89 83 85 38 18 87 0 63 22 14 23 28 26 18 33 94 15 86 53 26 61 84 69 90 25 58 64 13 19 27 78 26 1 23 15 75 40 76 20 
22 82 67 23 85 88 13 29 72 17 88 39 24 71 90 19 71 47 62 4 93 93 4 96 80 34 9 41 26 76 1 48 26 30 6 17 60 29 53 36 17 69 91 1 83 35 8 46 66 63 0 10 72 54 67 28 89 3 72 86 20 15 14 98 83 23 62 82 12 29 45 3 4 11 32 92 97 30 56 30 34 42 
50 8 79 39 31 76 19 55 15 97 29 13 89 77 33 39 62 79 24 48 77 50 52 58 16 83 97 6 87 9 57 89 35 13 73 53 47 54 93 79 55 68 16 60 52 88 83 58 8 22 10 0 66 50 26 86 49 54 49 1 39 8 22 6 16 78 81 64 98 31 33 73 45 41 68 25 79 68 51 49 36 53 
58 25 47 42 65 36 31 30 37 97 37 19 90 74 51 12 61 7 35 71 47 84 16 97 16 23 85 93 37 35 15 74 55 64 53 69 63 31 93 61 97 62 86 63 92 59 39 78 3 14 72 66 0 32 2 65 32 19 67 16 44 40 21 2 1 46 83 30 27 8 53 4 22 84 80 63 70 68 9 73 44 96 
4 75 1 75 23 64 60 56 27 42 67 78 83 6 52 57 97 92 95 43 88 16 68 47 95 4 82 80 15 34 56 77 98 8 10 93 87 22 97 51 53 84 81 2 25 2 48 88 97 23 54 50 32 0 90 77 73 59 69 59 82 64 93 53 38 48 52 24 71 1 24 23 88 60 9 3 19 4 15 80 68 35 
69 93 30 78 99 33 6 91 33 25 11 78 83 80 43 53 28 81 4 6 71 18 82 90 67 35 74 83 4 93 56 88 97 71 95 91 62 28 58 47 74 70 85 92 56 41 61 27 21 28 67 26 2 90 0 82 65 45 43 35 79 45 61 68 43 23 42 69 42 40 81 43 68 99 14 26 39 76 6 93 23 40 
25 21 64 71 53 92 17 28 2 22 85 89 6 85 24 84 1 21 56 21 70 62 60 22 35 50 40 75 93 26 53 46 71 83 98 8 40 6 95 24 6 39 28 68 69 86 61 32 4 26 28 86 65 77 82 0 74 15 48 72 2 34 71 61 20 16 98 99 54 70 21 36 39 50 82 59 13 76 54 25 96 23 
44 33 76 26 4 50 96 61 49 28 1 91 43 60 90 77 27 24 69 58 56 8 67 93 84 89 57 41 85 68 79 37 6 64 12 61 72 36 40 66 67 75 94 82 66 38 49 59 86 18 89 49 32 73 65 74 0 34 25 31 88 1 88 36 46 64 9 42 15 63 11 30 31 38 98 40 11 68 55 78 46 74 
77 13 36 49 71 1 97 13 89 47 17 84 47 32 44 69 51 64 16 60 93 65 16 85 94 71 61 26 73 2 98 88 64 65 99 10 3 73 91 1 81 64 8 42 38 59 83 24 95 33 3 54 19 59 45 15 34 0 69 24 82 65 82 82 33 94 15 31 39 97 88 1 38 67 43 62 19 1 46 83 95 72 
27 66 54 51 13 23 61 18 23 36 31 40 22 91 89 26 21 72 25 55 99 56 62 59 19 38 26 69 44 99 54 40 95 45 41 35 60 83 79 33 95 73 15 84 58 8 9 38 36 94 72 49 67 69 43 48 25 69 0 71 97 54 1 43 41 40 25 41 93 73 32 5 30 36 36 49 31 48 1 80 8 53 
53 95 94 63 40 98 44 72 35 63 4 99 52 8 96 70 27 7 95 78 88 3 65 65 75 34 66 50 9 9 61 38 25 70 92 64 26 49 62 13 51 13 76 45 98 25 86 43 18 15 86 1 16 59 35 72 31 24 71 0 10 25 52 86 92 76 15 82 62 41 13 28 45 1 55 65 17 91 18 60 91 96 
81 61 34 45 84 71 32 92 95 69 79 16 74 67 29 32 66 22 63 25 86 91 20 41 19 13 96 83 56 90 1 7 47 76 77 67 58 52 58 91 3 35 13 98 88 25 69 94 18 86 20 39 44 82 79 2 88 82 97 10 0 38 73 84 82 40 44 71 91 24 31 74 64 91 49 45 95 17 60 91 45 86 
42 25 3 55 49 37 45 8 22 63 60 38 43 33 65 60 78 65 27 59 75 5 45 79 26 38 28 87 18 28 15 44 21 89 88 69 33 95 6 76 90 25 62 7 45 84 40 90 56 53 15 8 40 64 45 34 1 65 54 25 38 0 49 18 52 49 7 77 67 87 36 45 79 99 1 39 19 82 37 49 4 52 
83 83 85 1 62 19 25 84 69 33 54 97 14 47 87 63 19 51 99 80 16 17 88 79 18 80 19 47 61 30 61 59 23 35 62 14 31 25 77 26 33 84 21 88 58 42 64 82 44 26 14 22 21 93 61 71 88 82 1 52 73 49 0 49 4 89 58 17 88 64 87 22 34 95 32 69 39 72 70 54 13 97 
16 98 84 87 71 28 63 57 68 46 70 37 19 76 59 30 61 91 48 37 15 78 62 63 50 66 87 14 33 90 67 2 1 15 3 67 53 77 26 56 8 35 38 57 42 95 55 97 53 61 98 6 2 53 68 61 36 82 43 86 84 18 49 0 47 41 18 94 79 62 36 59 32 31 49 31 97 97 21 7 75 36 
65 3 49 17 14 29 80 52 49 89 50 99 24 83 89 67 83 10 88 81 57 69 22 63 38 7 2 22 99 78 96 84 70 60 23 92 92 41 80 70 90 23 63 50 33 28 14 27 96 84 83 16 1 38 43 20 46 33 41 92 82 52 4 47 0 37 74 39 72 57 72 68 50 62 83 99 84 86 88 48 1 66 
69 93 55 20 37 53 22 33 19 43 75 2 46 45 52 33 60 93 36 59 88 31 1 48 21 80 35 81 84 11 40 30 23 89 83 1 42 86 94 6 86 90 67 48 28 33 62 47 26 69 23 78 46 48 23 16 64 94 40 76 40 49 89 41 37 0 22 22 40 77 61 3 41 78 44 84 60 67 79 86 51 23 
26 99 33 10 24 95 20 77 98 58 47 33 96 65 23 72 63 68 17 52 2 53 64 28 41 93 3 82 28 62 72 49 28 34 94 35 79 29 38 15 37 41 34 73 56 15 41 19 90 90 62 81 83 52 42 98 9 15 25 15 44 7 58 18 74 22 0 38 14 16 85 47 39 90 55 28 30 49 16 74 30 52 
99 11 29 93 23 51 78 63 12 26 28 31 53 38 11 61 39 86 88 64 85 85 95 72 53 4 18 95 96 17 8 56 26 25 99 71 58 41 45 88 67 88 58 60 64 26 74 25 30 25 82 64 30 24 69 99 42 31 41 82 71 77 17 94 39 22 38 0 50 89 65 14 53 95 60 35 4 65 81 93 58 1 
88 55 56 52 67 47 34 52 12 33 34 8 34 48 32 94 24 34 91 74 76 37 85 43 24 33 86 50 53 80 17 46 65 4 48 17 46 48 61 3 74 76 75 94 81 14 75 40 52 58 12 98 27 71 42 54 15 39 93 62 91 67 88 79 72 40 14 50 0 10 91 39 18 14 43 53 10 39 26 58 82 52 
8 97 83 11 93 8 5 97 53 34 73 51 55 74 10 73 69 72 79 84 77 99 2 15 19 86 12 52 51 75 67 9 46 42 30 38 86 24 16 92 12 78 73 83 92 79 69 76 68 64 29 31 8 1 40 70 63 97 73 41 24 87 64 62 57 77 16 89 10 0 70 54 90 70 30 91 63 77 21 56 89 96 
27 83 32 69 96 86 40 31 77 7 69 51 15 91 7 28 70 9 88 89 91 60 85 94 80 45 94 15 81 77 62 35 39 31 96 18 26 29 93 65 36 39 6 81 77 37 25 40 48 13 45 33 53 24 81 21 11 88 32 13 31 36 87 36 72 61 85 65 91 70 0 2 63 55 11 32 70 96 48 49 11 41 
26 87 29 24 54 17 68 23 69 66 40 33 58 85 31 98 62 52 58 83 19 32 61 52 52 30 54 31 92 98 70 30 58 23 99 39 74 85 42 99 43 76 1 99 57 25 26 7 21 19 3 73 4 23 43 36 30 1 5 28 74 45 22 59 68 3 47 14 39 54 2 0 26 73 88 23 50 56 89 4 29 25 
23 71 95 15 10 30 35 6 46 52 33 44 62 16 68 94 88 34 25 56 63 36 77 19 33 47 60 11 80 1 51 1 53 54 81 83 75 90 64 88 40 22 3 93 27 4 34 69 72 27 4 45 22 88 68 39 31 38 30 45 64 79 34 32 50 41 39 53 18 90 63 26 0 21 66 88 10 12 22 59 88 95 
10 67 75 64 42 12 35 92 65 32 98 42 41 66 19 69 67 62 56 79 46 33 23 79 38 68 83 86 27 31 59 80 53 97 2 15 7 38 8 59 53 16 5 39 63 57 19 40 80 78 11 41 84 60 99 50 38 67 36 1 91 99 95 31 62 78 90 95 14 70 55 73 21 0 65 79 88 72 87 83 1 43 
68 72 9 22 58 62 43 96 90 8 8 70 73 53 13 39 20 8 50 71 66 51 15 11 31 67 12 5 38 4 80 20 33 92 76 38 3 6 3 25 94 56 65 11 54 94 79 47 9 26 32 68 80 9 14 82 98 43 36 55 49 1 32 49 83 44 55 60 43 30 11 88 66 65 0 35 67 58 93 7 71 3 
24 49 33 47 89 15 79 23 41 14 34 2 66 70 74 61 37 60 53 28 53 52 25 36 41 29 84 8 25 82 15 5 70 92 2 63 31 24 47 46 85 69 58 88 93 32 47 22 24 1 92 25 63 3 26 59 40 62 49 65 45 39 69 31 99 84 28 35 53 91 32 23 88 79 35 0 13 91 5 1 35 77 
28 55 9 4 94 31 83 77 8 4 63 98 23 67 75 98 18 42 25 24 29 6 47 50 51 58 4 55 57 65 78 72 80 83 53 1 78 69 76 15 21 83 36 66 23 29 79 68 61 23 97 79 70 19 39 13 11 19 31 17 95 19 39 97 84 60 30 4 10 63 70 50 10 88 67 13 0 9 24 62 28 16 
38 16 85 57 77 9 39 23 8 29 15 52 3 90 92 10 22 28 16 54 88 34 33 94 74 85 84 60 41 39 13 2 6 98 93 34 79 21 53 78 74 69 31 96 39 77 8 74 57 15 30 68 68 4 76 76 68 1 48 91 17 82 72 97 86 67 49 65 39 77 96 56 12 72 58 91 9 0 12 86 54 91 
58 6 78 89 83 41 49 19 34 16 78 31 87 29 66 68 78 52 68 70 39 1 81 80 69 44 1 85 53 68 12 9 34 37 65 50 92 14 67 87 8 12 5 89 21 3 78 25 10 75 56 51 9 15 6 54 55 46 1 18 60 37 70 21 88 79 16 81 26 21 48 89 22 87 93 5 24 12 0 48 61 89 
84 18 51 81 12 49 82 94 59 30 44 83 2 20 86 79 27 41 74 69 21 10 71 90 81 95 94 99 39 31 80 27 65 7 76 78 97 57 26 33 53 37 76 60 59 61 9 72 47 40 30 49 73 80 93 25 78 83 80 60 91 49 54 7 48 86 74 93 58 56 49 4 59 83 7 1 62 86 48 0 30 84 
39 43 80 47 37 31 6 30 8 67 62 50 73 18 54 64 33 72 47 24 98 32 55 5 16 94 86 42 20 22 96 41 54 39 79 32 43 30 38 92 70 58 81 74 44 60 39 33 61 76 34 36 44 68 23 96 46 95 8 91 45 4 13 75 1 51 30 58 82 89 11 29 88 1 71 35 28 54 61 30 0 51 
9 21 42 55 17 24 92 19 35 62 86 82 52 6 43 21 9 46 21 47 52 36 25 6 64 21 52 36 45 27 35 90 54 99 63 58 19 29 4 73 58 28 15 96 20 73 50 13 66 20 42 53 96 35 40 23 74 72 53 96 86 52 97 36 66 23 52 1 52 96 41 25 95 43 3 77 16 91 89 84 51 0 
