84
0 38 13 73 10 76 6 80 65 17 2 77 72 7 26 51 21 19 85 12 29 30 15 51 69 88 88 95 97 87 14 10 8 64 62 23 58 2 1 61 82 9 89 14 48 73 31 72 4 71 22 50 58 4 69 25 44 77 27 53 81 42 83 16 65 69 26 99 88 8 27 26 23 10 68 24 28 38 58 84 39 9 33 35 
38 0 11 24 16 88 26 72 93 75 63 47 33 89 24 56 66 78 4 1 78 7 53 86 71 3 77 92 22 76 8 78 73 76 77 44 21 31 37 8 46 69 58 83 97 14 11 24 82 8 25 75 93 21 33 13 66 95 61 25 83 98 3 93 99 11 55 97 83 87 71 67 72 49 55 16 6 18 43 21 49 23 14 98 
13 11 0 54 85 11 97 56 62 57 90 22 97 84 26 15 14 85 44 7 78 57 60 16 25 10 67 72 54 70 37 22 41 78 92 50 48 78 41 79 46 88 17 29 46 68 67 79 47 1 30 64 76 36 54 94 34 3 85 84 49 55 33 29 56 83 32 29 95 75 9 33 9 85 78 51 80 42 65 84 25 21 45 16 
73 24 54 0 31 92 15 20 27 87 8 54 48 61 35 33 20 68 25 84 95 39 48 6 80 64 88 33 43 75 67 89 99 31 18 69 65 61 79 18 40 36 82 29 23 39 42 75 78 71 26 49 51 63 45 55 1 87 17 20 10 93 52 11 69 24 15 64 22 47 4 57 89 81 47 55 80 72 15 78 16 26 54 85 
10 16 85 31 0 59 86 30 45 38 23 92 55 77 13 60 27 77 72 88 40 44 77 39 92 70 99 34 44 27 57 70 74 53 90 28 44 2 83 95 97 27 85 31 65 23 99 53 4 71 13 40 84 49 62 71 14 37 24 23 67 93 96 54 10 42 58 89 94 77 83 12 37 17 31 85 58 36 42 82 3 86 94 37 
76 88 11 92 59 0 47 81 28 73 29 3 14 42 37 41 19 98 39 64 47 90 3 99 29 79 76 59 43 27 22 59 17 93 38 12 23 7 97 15 88 76 36 64 33 92 50 1 23 98 71 37 19 28 29 53 95 51 47 8 86 17 30 12 62 15 31 9 41 49 31 24 67 93 65 13 18 34 11 29 76 6 82 6 
6 26 97 15 86 47 0 43 87 53 58 57 79 88 82 11 73 49 20 13 26 78 17 5 89 28 51 69 4 59 13 3 77 97 97 62 16 75 13 19 31 60 6 17 96 97 61 44 32 45 25 63 80 22 20 78 34 5 40 68 35 35 43 79 83 39 49 82 6 92 9 41 70 6 8 79 38 79 34 28 52 78 31 44 
80 72 56 20 30 81 43 0 47 10 68 4 68 55 98 64 81 29 38 65 38 94 19 79 71 93 53 11 33 47 64 94 19 37 30 40 29 55 30 56 91 28 61 13 18 72 92 8 84 57 52 33 77 63 52 97 31 23 6 92 96 23 77 23 19 94 30 19 53 32 50 99 84 94 46 52 87 16 72 49 29 84 28 44 
65 93 62 27 45 28 87 47 0 20 80 71 89 87 12 66 94 16 52 99 87 46 64 43 23 83 41 45 17 18 89 1 98 83 72 15 37 27 33 2 49 89 23 35 95 22 69 68 49 19 98 12 12 53 77 69 46 65 90 41 8 8 34 59 8 35 5 6 62 51 77 46 97 22 93 72 93 26 98 2 14 39 86 28 
17 75 57 87 38 73 53 10 20 0 39 85 34 2 32 39 29 76 32 52 67 68 33 75 33 98 6 1 38 73 44 25 17 97 97 42 25 22 28 47 36 63 69 63 33 46 89 43 58 26 33 34 7 66 52 32 8 14 4 29 16 30 67 62 84 97 59 83 35 31 58 97 50 47 84 42 21 41 51 5 10 1 91 22 
2 63 90 8 23 29 58 68 80 39 0 75 22 34 39 38 44 34 96 42 72 70 71 24 87 40 32 38 39 57 88 29 37 67 11 85 1 17 31 4 79 60 54 70 50 75 47 28 34 73 69 40 33 98 8 34 63 15 78 44 62 86 37 13 54 27 83 13 26 2 42 56 56 65 16 93 41 61 71 50 51 33 91 21 
77 47 22 54 92 3 57 4 71 85 75 0 53 39 66 81 58 53 90 20 95 65 43 48 22 98 2 90 39 13 19 78 78 89 91 84 40 99 16 38 97 37 99 2 33 31 8 51 51 33 44 42 70 2 98 52 31 83 50 82 83 96 72 22 19 47 45 92 10 5 78 64 24 96 60 65 83 32 2 85 79 69 55 26 
72 33 97 48 55 14 79 68 89 34 22 53 0 84 28 57 93 9 56 77 47 50 12 9 62 75 24 89 90 83 83 6 43 47 22 52 74 43 14 19 24 46 96 53 34 55 15 58 62 41 73 66 23 3 87 2 73 52 72 88 78 63 49 1 43 40 4 58 44 54 44 75 99 98 76 60 67 75 92 6 27 68 32 12 
7 89 84 61 77 42 88 55 87 2 34 39 84 0 4 55 2 14 60 57 82 9 39 5 71 77 74 6 80 85 60 32 91 8 67 33 47 76 83 45 65 38 48 74 91 85 16 66 53 70 67 90 29 20 18 6 80 11 30 18 82 47 8 18 87 62 65 8 30 56 29 44 99 56 6 51 93 64 53 35 99 84 78 38 
26 24 26 35 13 37 82 98 12 32 39 66 28 4 0 90 55 5 44 12 30 77 90 33 51 52 43 24 90 44 89 96 29 65 87 59 89 52 23 11 32 10 7 31 68 19 13 74 75 92 66 86 54 43 7 10 37 88 60 9 54 88 19 22 68 15 21 86 10 43 67 21 17 59 78 43 36 76 29 86 35 45 93 83 
51 56 15 33 60 41 11 64 66 39 38 81 57 55 90 0 9 31 65 78 19 39 12 57 53 84 77 69 26 70 32 60 63 30 67 33 72 61 94 73 28 98 94 69 39 61 98 10 68 79 64 21 36 56 29 46 93 57 52 5 80 76 32 77 53 39 84 81 75 71 27 58 31 65 39 19 96 42 96 58 49 43 53 23 
21 66 14 20 27 19 73 81 94 29 44 58 93 2 55 9 0 65 71 62 61 97 28 1 27 51 21 27 66 78 19 61 83 60 63 39 24 69 70 62 88 67 20 37 18 22 78 27 33 9 9 21 69 83 55 86 94 75 90 24 95 91 14 12 43 11 89 25 48 69 44 92 14 7 3 68 94 5 29 36 83 78 47 79 
19 78 85 68 77 98 49 29 16 76 34 53 9 14 5 31 65 0 7 92 81 21 24 64 72 7 22 65 51 91 10 93 68 86 34 72 9 52 34 62 8 60 42 28 52 41 72 46 95 10 89 47 59 22 55 1 20 20 86 28 98 22 95 19 68 36 96 30 23 57 11 43 73 32 13 83 8 88 9 62 24 35 95 4 
85 4 44 25 72 39 20 38 52 32 96 90 56 60 44 65 71 7 0 56 69 16 25 95 63 27 99 48 88 36 17 88 91 79 88 58 25 56 50 53 25 16 68 74 47 21 67 95 13 26 1 98 99 78 12 91 25 55 48 78 41 60 96 80 90 32 57 34 39 93 21 15 10 68 82 80 4 48 71 43 6 21 58 60 
12 1 7 84 88 64 13 65 99 52 42 20 77 57 12 78 62 92 56 0 55 78 25 59 80 37 81 59 52 64 74 84 89 83 56 79 71 28 24 54 70 69 24 47 40 67 78 27 25 18 88 2 46 59 22 18 57 34 44 76 99 3 97 91 84 27 27 53 56 8 63 32 80 93 77 47 88 71 70 56 93 99 88 86 
29 78 78 95 40 47 26 38 87 67 72 95 47 82 30 19 61 81 69 55 0 75 16 15 57 88 2 85 76 77 91 19 63 46 66 53 29 88 39 21 98 52 60 95 65 15 98 53 45 17 65 31 83 11 46 89 79 60 98 43 65 6 91 77 56 43 21 89 69 19 93 50 84 16 18 62 8 65 56 3 91 5 17 78 
30 7 57 39 44 90 78 94 46 68 70 65 50 9 77 39 97 21 16 78 75 0 69 31 53 85 37 99 60 32 36 33 51 52 6 34 1 10 32 36 89 61 39 12 45 44 8 63 57 97 94 53 25 44 52 11 95 50 19 11 62 40 7 8 80 13 1 4 52 16 68 82 60 67 16 62 65 20 45 88 62 22 1 64 
15 53 60 48 77 3 17 19 64 33 71 43 12 39 90 12 28 24 25 25 16 69 0 95 85 2 85 61 77 23 15 25 47 33 81 71 55 25 78 90 36 58 32 40 15 94 49 14 20 16 98 42 36 26 52 35 23 34 62 79 8 33 4 68 96 58 97 47 90 22 93 85 59 65 41 79 79 63 63 48 28 72 43 15 
51 86 16 6 39 99 5 79 43 75 24 48 9 5 33 57 1 64 95 59 15 31 95 0 94 52 19 79 11 36 50 94 80 90 5 6 87 30 54 81 73 30 39 79 55 43 65 69 45 85 74 51 81 51 36 73 16 40 3 36 98 80 16 16 95 67 35 84 94 19 75 19 26 18 50 38 21 41 53 24 19 80 52 33 
69 71 25 80 92 29 89 71 23 33 87 22 62 71 51 53 27 72 63 80 57 53 85 94 0 38 31 41 51 74 69 81 16 64 65 92 21 55 24 7 25 1 49 81 29 89 2 74 22 1 77 33 41 82 84 31 88 54 34 83 23 4 35 50 89 71 38 34 13 38 80 66 7 80 93 4 33 86 45 30 47 68 67 29 
88 3 10 64 70 79 28 93 83 98 40 98 75 77 52 84 51 7 27 37 88 85 2 52 38 0 58 85 44 95 94 21 53 32 26 64 53 60 18 23 55 14 31 24 51 22 72 4 24 13 78 8 53 31 27 9 97 85 82 74 40 57 61 26 66 96 28 19 87 2 35 3 18 86 12 94 54 60 83 12 84 4 84 1 
88 77 67 88 99 76 51 53 41 6 32 2 24 74 43 77 21 22 99 81 2 37 85 19 31 58 0 94 86 52 92 33 87 85 82 6 12 70 10 47 75 94 33 39 43 64 24 41 64 64 32 19 41 6 93 80 83 75 41 26 69 50 83 87 47 14 22 81 82 95 50 52 15 31 11 86 5 8 55 60 85 99 42 36 
95 92 72 33 34 59 69 11 45 1 38 90 89 6 24 69 27 65 48 59 85 99 61 79 41 85 94 0 57 14 12 53 67 22 82 95 35 62 92 86 61 93 99 92 75 9 76 82 28 26 87 37 15 4 93 85 73 44 9 56 18 61 33 99 84 28 96 53 51 81 92 80 27 38 25 57 41 53 39 20 45 21 64 22 
97 22 54 43 44 43 4 33 17 38 39 39 90 80 90 26 66 51 88 52 76 60 77 11 51 44 86 57 0 66 69 93 19 69 17 79 60 57 45 36 40 62 33 68 54 63 76 9 35 34 93 26 68 2 99 9 90 28 30 90 78 11 62 17 80 75 77 98 1 31 4 82 65 39 68 31 22 27 96 11 70 34 37 10 
87 76 70 75 27 27 59 47 18 73 57 13 83 85 44 70 78 91 36 64 77 32 23 36 74 95 52 14 66 0 1 56 70 11 4 40 78 38 17 26 47 8 44 1 57 15 56 56 53 79 98 54 61 1 15 61 67 96 40 72 8 17 67 62 70 51 59 80 15 78 13 12 80 96 35 7 70 86 45 71 73 13 47 83 
14 8 37 67 57 22 13 64 89 44 88 19 83 60 89 32 19 10 17 74 91 36 15 50 69 94 92 12 69 1 0 8 30 61 83 74 47 87 85 98 48 89 74 77 88 46 37 88 40 38 7 44 59 2 84 30 49 56 46 9 35 30 1 80 20 5 72 2 9 27 41 90 33 71 97 8 39 82 30 4 75 51 92 17 
10 78 22 89 70 59 3 94 1 25 29 78 6 32 96 60 61 93 88 84 19 33 25 94 81 21 33 53 93 56 8 0 50 43 71 9 32 26 35 55 98 97 71 6 64 95 25 47 21 23 1 70 23 28 26 65 46 39 58 53 53 33 70 80 6 34 65 54 54 54 13 81 97 34 52 56 81 55 13 86 11 82 79 72 
8 73 41 99 74 17 77 19 98 17 37 78 43 91 29 63 83 68 91 89 63 51 47 80 16 53 87 67 19 70 30 50 0 85 30 13 64 8 71 83 64 65 45 70 76 89 35 15 60 89 34 25 4 42 31 23 54 97 92 92 83 98 37 7 39 99 32 63 48 63 35 72 43 21 91 51 23 3 64 1 93 6 73 53 
64 76 78 31 53 93 97 37 83 97 67 89 47 8 65 30 60 86 79 83 46 52 33 90 64 32 85 22 69 11 61 43 85 0 10 95 98 12 99 41 92 77 88 62 3 23 83 94 99 48 30 96 99 81 2 76 2 53 93 65 76 79 63 77 49 37 50 15 74 22 33 72 1 47 25 81 38 17 53 69 93 91 8 61 
62 77 92 18 90 38 97 30 72 97 11 91 22 67 87 67 63 34 88 56 66 6 81 5 65 26 82 82 17 4 83 71 30 10 0 10 35 64 67 69 14 67 92 1 35 71 17 38 18 39 83 15 38 63 1 34 50 78 32 58 59 74 77 29 77 54 59 32 95 14 39 92 88 60 47 63 87 62 40 72 3 60 26 58 
23 44 50 69 28 12 62 40 15 42 85 84 52 33 59 33 39 72 58 79 53 34 71 6 92 64 6 95 79 40 74 9 13 95 10 0 33 31 53 92 42 79 58 46 86 26 74 75 7 3 31 78 79 92 97 43 19 84 90 89 57 43 5 12 25 23 7 5 80 29 54 31 22 28 6 36 73 83 49 52 95 25 77 41 
58 21 48 65 44 23 16 29 37 25 1 40 74 47 89 72 24 9 25 71 29 1 55 87 21 53 12 35 60 78 47 32 64 98 35 33 0 86 29 41 48 24 29 85 90 38 6 24 69 21 14 57 30 29 92 55 29 64 82 61 70 84 73 80 49 53 93 93 97 58 95 40 91 79 62 58 6 77 26 80 94 38 45 61 
2 31 78 61 2 7 75 55 27 22 17 99 43 76 52 61 69 52 56 28 88 10 25 30 55 60 70 62 57 38 87 26 8 12 64 31 86 0 16 93 42 64 8 3 47 76 53 67 26 38 4 26 85 65 1 53 82 47 85 18 55 36 79 61 51 47 24 66 1 33 13 91 76 26 56 70 6 15 88 3 92 65 99 88 
1 37 41 79 83 97 13 30 33 28 31 16 14 83 23 94 70 34 50 24 39 32 78 54 24 18 10 92 45 17 85 35 71 99 67 53 29 16 0 59 25 46 15 78 87 33 92 73 39 84 21 25 72 28 38 96 83 17 55 97 53 74 6 67 81 95 51 3 90 33 8 90 86 37 67 74 12 36 43 40 53 94 85 21 
61 8 79 18 95 15 19 56 2 47 4 38 19 45 11 73 62 62 53 54 21 36 90 81 7 23 47 86 36 26 98 55 83 41 69 92 41 93 59 0 74 8 53 70 58 63 90 84 17 29 46 83 82 69 68 62 84 70 39 75 64 73 13 35 25 84 35 23 90 41 88 76 78 39 76 22 16 56 69 83 69 12 37 58 
82 46 46 40 97 88 31 91 49 36 79 97 24 65 32 28 88 8 25 70 98 89 36 73 25 55 75 61 40 47 48 98 64 92 14 42 48 42 25 74 0 28 80 2 13 2 9 90 64 91 16 86 81 85 28 94 8 15 76 13 62 21 38 63 67 34 58 75 73 6 1 3 5 65 58 36 31 5 76 81 15 3 53 55 
9 69 88 36 27 76 60 28 89 63 60 37 46 38 10 98 67 60 16 69 52 61 58 30 1 14 94 93 62 8 89 97 65 77 67 79 24 64 46 8 28 0 16 97 89 1 60 63 2 92 68 82 42 84 45 98 7 88 57 50 48 73 60 94 83 81 99 93 39 11 88 66 96 89 60 74 96 92 35 51 52 83 83 52 
89 58 17 82 85 36 6 61 23 69 54 99 96 48 7 94 20 42 68 24 60 39 32 39 49 31 33 99 33 44 74 71 45 88 92 58 29 8 15 53 80 16 0 92 25 56 69 66 38 58 98 88 45 58 42 33 28 56 64 81 92 77 57 27 63 54 93 23 39 21 59 44 20 46 76 38 85 35 88 59 2 41 86 38 
14 83 29 29 31 64 17 13 35 63 70 2 53 74 31 69 37 28 74 47 95 12 40 79 81 24 39 92 68 1 77 6 70 62 1 46 85 3 78 70 2 97 92 0 59 8 25 25 84 42 95 28 33 15 26 14 79 37 25 4 57 94 32 29 77 3 61 60 73 41 16 38 8 83 39 48 61 61 49 83 9 86 69 40 
48 97 46 23 65 33 96 18 95 33 50 33 34 91 68 39 18 52 47 40 65 45 15 55 29 51 43 75 54 57 88 64 76 3 35 86 90 47 87 58 13 89 25 59 0 64 55 14 62 41 74 75 69 25 26 34 19 79 47 79 8 78 9 39 50 15 18 46 58 78 88 27 32 59 24 38 43 94 90 82 97 27 47 19 
73 14 68 39 23 92 97 72 22 46 75 31 55 85 19 61 22 41 21 67 15 44 94 43 89 22 64 9 63 15 46 95 89 23 71 26 38 76 33 63 2 1 56 8 64 0 25 40 76 40 7 69 40 47 22 68 74 25 72 33 13 87 66 8 3 97 21 4 86 95 36 18 18 56 44 53 96 26 90 30 52 68 48 21 
31 11 67 42 99 50 61 92 69 89 47 8 15 16 13 98 78 72 67 78 98 8 49 65 2 72 24 76 76 56 37 25 35 83 17 74 6 53 92 90 9 60 69 25 55 25 0 72 80 9 24 61 57 10 47 61 66 63 22 14 23 28 26 18 33 94 15 86 53 26 61 84 69 90 25 58 64 13 19 27 78 26 1 23 
72 24 79 75 53 1 44 8 68 43 28 51 58 66 74 10 27 46 95 27 53 63 14 69 74 4 41 82 9 56 88 47 15 94 38 75 24 67 73 84 90 63 66 25 14 40 72 0 15 75 40 76 20 10 72 54 67 28 89 3 72 86 20 15 14 98 83 23 62 82 12 29 45 3 4 11 32 92 97 30 56 30 34 42 
4 82 47 78 4 23 32 84 49 58 34 51 62 53 75 68 33 95 13 25 45 57 20 45 22 24 64 28 35 53 40 21 60 99 18 7 69 26 39 17 64 2 38 84 62 76 80 15 0 66 50 26 86 49 54 49 1 39 8 22 6 16 78 81 64 98 31 33 73 45 41 68 25 79 68 51 49 36 53 32 2 65 32 19 
71 8 1 71 71 98 45 57 19 26 73 33 41 70 92 79 9 10 26 18 17 97 16 85 1 13 64 26 34 79 38 23 89 48 39 3 21 38 84 29 91 92 58 42 41 40 9 75 66 0 67 16 44 40 21 2 1 46 83 30 27 8 53 4 22 84 80 63 70 68 9 73 44 96 90 77 73 59 69 59 82 64 93 53 
22 25 30 26 13 71 25 52 98 33 69 44 73 67 66 64 9 89 1 88 65 94 98 74 77 78 32 87 93 98 7 1 34 30 83 31 14 4 21 46 16 68 98 95 74 7 24 40 50 67 0 38 48 52 24 71 1 24 23 88 60 9 3 19 4 15 80 68 35 82 65 45 43 35 79 45 61 68 43 23 42 69 42 40 
50 75 64 49 40 37 63 33 12 34 40 42 66 90 86 21 21 47 98 2 31 53 42 51 33 8 19 37 26 54 44 70 25 96 15 78 57 26 25 83 86 82 88 28 75 69 61 76 26 16 38 0 81 43 68 99 14 26 39 76 6 93 23 40 74 15 48 72 2 34 71 61 20 16 98 99 54 70 21 36 39 50 82 59 
58 93 76 51 84 19 80 77 12 7 33 70 23 29 54 36 69 59 99 46 83 25 36 81 41 53 41 15 68 61 59 23 4 99 38 79 30 85 72 82 81 42 45 33 69 40 57 20 86 44 48 81 0 13 76 54 25 96 23 34 25 31 88 1 88 36 46 64 9 42 15 63 11 30 31 38 98 40 11 68 55 78 46 74 
4 21 36 63 49 28 22 63 53 66 98 2 3 20 43 56 83 22 78 59 11 44 26 51 82 31 6 4 2 1 2 28 42 81 63 92 29 65 28 69 85 84 58 15 25 47 10 10 49 40 52 43 13 0 69 24 82 65 82 82 33 94 15 31 39 97 88 1 38 67 43 62 19 1 46 83 95 72 71 97 54 1 43 41 
69 33 54 45 62 29 20 52 77 52 8 98 87 18 7 29 55 55 12 22 46 52 52 36 84 27 93 93 99 15 84 26 31 2 1 97 92 1 38 68 28 45 42 26 26 22 47 72 54 21 24 68 76 69 0 40 25 41 93 73 32 5 30 36 36 49 31 48 1 80 8 53 10 25 52 86 92 76 15 82 62 41 13 28 
25 13 94 55 71 53 78 97 69 32 34 52 2 6 10 46 86 1 91 18 89 11 35 73 31 9 80 85 9 61 30 65 23 76 34 43 55 53 96 62 94 98 33 14 34 68 61 54 49 2 71 99 54 24 40 0 45 1 55 65 17 91 18 60 91 96 38 73 84 82 40 44 71 91 24 31 74 64 91 49 45 95 17 60 
44 66 34 1 14 95 34 31 46 8 63 31 73 80 37 93 94 20 25 57 79 95 23 16 88 97 83 73 90 67 49 46 54 2 50 19 29 82 83 84 8 7 28 79 19 74 66 67 1 1 1 14 25 82 25 45 0 91 45 86 49 18 52 49 7 77 67 87 36 45 79 99 1 39 19 82 37 49 4 52 49 4 89 58 
77 95 3 87 37 51 5 23 65 14 15 83 52 11 88 57 75 20 55 34 60 50 34 40 54 85 75 44 28 96 56 39 97 53 78 84 64 47 17 70 15 88 56 37 79 25 63 28 39 46 24 26 96 65 41 1 91 0 17 88 64 87 22 34 95 32 69 39 72 70 54 13 97 47 41 18 94 79 62 36 59 32 31 49 
27 61 85 17 24 47 40 6 90 4 78 50 72 30 60 52 90 86 48 44 98 19 62 3 34 82 41 9 30 40 46 58 92 93 32 90 82 85 55 39 76 57 64 25 47 72 22 89 8 83 23 39 23 82 93 55 45 17 0 31 97 97 21 7 75 36 37 74 39 72 57 72 68 50 62 83 99 84 86 88 48 1 66 22 
53 25 84 20 23 8 68 92 41 29 44 82 88 18 9 5 24 28 78 76 43 11 79 36 83 74 26 56 90 72 9 53 92 65 58 89 61 18 97 75 13 50 81 4 79 33 14 3 22 30 88 76 34 82 73 65 86 88 31 0 22 40 77 61 3 41 78 44 84 60 67 79 86 51 23 38 14 16 85 47 39 90 55 28 
81 83 49 10 67 86 35 96 8 16 62 83 78 82 54 80 95 98 41 99 65 62 8 98 23 40 69 18 78 8 35 53 83 76 59 57 70 55 53 64 62 48 92 57 8 13 23 72 6 27 60 6 25 33 32 17 49 64 97 22 0 30 49 16 74 30 52 50 89 65 14 53 95 60 35 4 65 81 93 58 1 10 91 39 
42 98 55 93 93 17 35 23 8 30 86 96 63 47 88 76 91 22 60 3 6 40 33 80 4 57 50 61 11 17 30 33 98 79 74 43 84 36 74 73 21 73 77 94 78 87 28 86 16 8 9 93 31 94 5 91 18 87 97 40 30 0 18 14 43 53 10 39 26 58 82 52 70 54 90 70 30 91 63 77 21 56 89 96 
83 3 33 52 96 30 43 77 34 67 37 72 49 8 19 32 14 95 96 97 91 7 4 16 35 61 83 33 62 67 1 70 37 63 77 5 73 79 6 13 38 60 57 32 9 66 26 20 78 53 3 23 88 15 30 18 52 22 21 77 49 18 0 2 63 55 11 32 70 96 48 49 11 41 26 73 88 23 50 56 89 4 29 25 
16 93 29 11 54 12 79 23 59 62 13 22 1 18 22 77 12 19 80 91 77 8 68 16 50 26 87 99 17 62 80 80 7 77 29 12 80 61 67 35 63 94 27 29 39 8 18 15 81 4 19 40 1 31 36 60 49 34 7 61 16 14 2 0 21 66 88 10 12 22 59 88 95 65 79 88 72 87 83 1 43 35 67 58 
65 99 56 69 10 62 83 19 8 84 54 19 43 87 68 53 43 68 90 84 56 80 96 95 89 66 47 84 80 70 20 6 39 49 77 25 49 51 81 25 67 83 63 77 50 3 33 14 64 22 4 74 88 39 36 91 7 95 75 3 74 43 63 21 0 93 7 71 3 13 91 5 1 35 77 9 24 62 28 16 12 86 54 91 
69 11 83 24 42 15 39 94 35 97 27 47 40 62 15 39 11 36 32 27 43 13 58 67 71 96 14 28 75 51 5 34 99 37 54 23 53 47 95 84 34 81 54 3 15 97 94 98 98 84 15 15 36 97 49 96 77 32 36 41 30 53 55 66 93 0 48 61 89 30 84 51 70 39 84 75 96 48 6 60 12 36 52 85 
26 55 32 15 58 31 49 30 5 59 83 45 4 65 21 84 89 96 57 27 21 1 97 35 38 28 22 96 77 59 72 65 32 50 59 7 93 24 51 35 58 99 93 61 18 21 15 83 31 80 80 48 46 88 31 38 67 69 37 78 52 10 11 88 7 48 0 74 13 36 17 10 85 59 49 22 48 72 57 52 68 4 93 51 
99 97 29 64 89 9 82 19 6 83 13 92 58 8 86 81 25 30 34 53 89 4 47 84 34 19 81 53 98 80 2 54 63 15 32 5 93 66 3 23 75 93 23 60 46 4 86 23 33 63 68 72 64 1 48 73 87 39 74 44 50 39 32 10 71 61 74 0 54 88 80 93 40 81 83 83 3 31 86 48 66 42 57 42 
88 83 95 22 94 41 6 53 62 35 26 10 44 30 10 75 48 23 39 56 69 52 90 94 13 87 82 51 1 15 9 54 48 74 95 80 97 1 90 90 73 39 39 73 58 86 53 62 73 70 35 2 9 38 1 84 36 72 39 84 89 26 70 12 3 89 13 54 0 80 45 95 80 87 34 55 16 28 38 6 65 35 43 88 
8 87 75 47 77 49 92 32 51 31 2 5 54 56 43 71 69 57 93 8 19 16 22 19 38 2 95 81 31 78 27 54 63 22 14 29 58 33 33 41 6 11 21 41 78 95 26 82 45 68 82 34 42 67 80 82 45 70 72 60 65 58 96 22 13 30 36 88 80 0 45 91 43 45 53 89 58 81 3 65 74 96 50 32 
27 71 9 4 83 31 9 50 77 58 42 78 44 29 67 27 44 11 21 63 93 68 93 75 80 35 50 92 4 13 41 13 35 33 39 54 95 13 8 88 1 88 59 16 88 36 61 12 41 9 65 71 15 43 8 40 79 54 57 67 14 82 48 59 91 84 17 80 45 45 0 32 42 40 15 3 48 36 51 33 33 42 43 96 
26 67 33 57 12 24 41 99 46 97 56 64 75 44 21 58 92 43 15 32 50 82 85 19 66 3 52 80 82 12 90 81 72 72 92 31 40 91 90 76 3 66 44 38 27 18 84 29 68 73 45 61 63 62 53 44 99 13 72 79 53 52 49 88 5 51 10 93 95 91 32 0 17 84 29 32 92 12 39 88 17 57 10 65 
23 72 9 89 37 67 70 84 97 50 56 24 99 99 17 31 14 73 10 80 84 60 59 26 7 18 15 27 65 80 33 97 43 1 88 22 91 76 86 78 5 96 20 8 32 18 69 45 25 44 43 20 11 19 10 71 1 97 68 86 95 70 11 95 1 70 85 40 80 43 42 17 0 84 27 3 39 86 31 87 54 32 31 37 
10 49 85 81 17 93 6 94 22 47 65 96 98 56 59 65 7 32 68 93 16 67 65 18 80 86 31 38 39 96 71 34 21 47 60 28 79 26 37 39 65 89 46 83 59 56 90 3 79 96 35 16 30 1 25 91 39 47 50 51 60 54 41 65 35 39 59 81 87 45 40 84 84 0 16 22 93 48 74 45 5 67 44 19 
68 55 78 47 31 65 8 46 93 84 16 60 76 6 78 39 3 13 82 77 18 16 41 50 93 12 11 25 68 35 97 52 91 25 47 6 62 56 67 76 58 60 76 39 24 44 25 4 68 90 79 98 31 46 52 24 19 41 62 23 35 90 26 79 77 84 49 83 34 53 15 29 27 16 0 60 91 30 78 10 24 91 9 92 
24 16 51 55 85 13 79 52 72 42 93 65 60 51 43 19 68 83 80 47 62 62 79 38 4 94 86 57 31 7 8 56 51 81 63 36 58 70 74 22 36 74 38 48 38 53 58 11 51 77 45 99 38 83 86 31 82 18 83 38 4 70 73 88 9 75 22 83 55 89 3 32 3 22 60 0 15 88 48 73 38 42 90 31 
28 6 80 80 58 18 38 87 93 21 41 83 67 93 36 96 94 8 4 88 8 65 79 21 33 54 5 41 22 70 39 81 23 38 87 73 6 6 12 16 31 96 85 61 43 96 64 32 49 73 61 54 98 95 92 74 37 94 99 14 65 30 88 72 24 96 48 3 16 58 48 92 39 93 91 15 0 40 6 34 75 20 94 38 
38 18 42 72 36 34 79 16 26 41 61 32 75 64 76 42 5 88 48 71 65 20 63 41 86 60 8 53 27 86 82 55 3 17 62 83 77 15 36 56 5 92 35 61 94 26 13 92 36 59 68 70 40 72 76 64 49 79 84 16 81 91 23 87 62 48 72 31 28 81 36 12 86 48 30 88 40 0 90 16 13 98 65 1 
58 43 65 15 42 11 34 72 98 51 71 2 92 53 29 96 29 9 71 70 56 45 63 53 45 83 55 39 96 45 30 13 64 53 40 49 26 88 43 69 76 35 88 49 90 90 19 97 53 69 43 21 11 71 15 91 4 62 86 85 93 63 50 83 28 6 57 86 38 3 51 39 31 74 78 48 6 90 0 70 51 48 19 69 
84 21 84 78 82 29 28 49 2 5 50 85 6 35 86 58 36 62 43 56 3 88 48 24 30 12 60 20 11 71 4 86 1 69 72 52 80 3 40 83 81 51 59 83 82 30 27 30 32 59 23 36 68 97 82 49 52 36 88 47 58 77 56 1 16 60 52 48 6 65 33 88 87 45 10 73 34 16 70 0 68 67 75 70 
39 49 25 16 3 76 52 29 14 10 51 79 27 99 35 49 83 24 6 93 91 62 28 19 47 84 85 45 70 73 75 11 93 93 3 95 94 92 53 69 15 52 2 9 97 52 78 56 2 82 42 39 55 54 62 45 49 59 48 39 1 21 89 43 12 12 68 66 65 74 33 17 54 5 24 38 75 13 51 68 0 56 66 82 
9 23 21 26 86 6 78 84 39 1 33 69 68 84 45 43 78 35 21 99 5 22 72 80 68 4 99 21 34 13 51 82 6 91 60 25 38 65 94 12 3 83 41 86 27 68 26 30 65 64 69 50 78 1 41 95 4 32 1 90 10 56 4 35 86 36 4 42 35 96 42 57 32 67 91 42 20 98 48 67 56 0 51 49 
33 14 45 54 94 82 31 28 86 91 91 55 32 78 93 53 47 95 58 88 17 1 43 52 67 84 42 64 37 47 92 79 73 8 26 77 45 99 85 37 53 83 86 69 47 48 1 34 32 93 42 82 46 43 13 17 89 31 66 55 91 89 29 67 54 52 93 57 43 50 43 10 31 44 9 90 94 65 19 75 66 51 0 5 
35 98 16 85 37 6 44 44 28 22 21 26 12 38 83 23 79 4 60 86 78 64 15 33 29 1 36 22 10 83 17 72 53 61 58 41 61 88 21 58 55 52 38 40 19 21 23 42 19 53 40 59 74 41 28 60 58 49 22 28 39 96 25 58 91 85 51 42 88 32 96 65 37 19 92 31 38 1 69 70 82 49 5 0 
