85
0 38 13 73 10 76 6 80 65 17 2 77 72 7 26 51 21 19 85 12 29 30 15 51 69 88 88 95 97 87 14 10 8 64 62 23 58 2 1 61 82 9 89 14 48 73 31 72 4 71 22 50 58 4 69 25 44 77 27 53 81 42 83 16 65 69 26 99 88 8 27 26 23 10 68 24 28 38 58 84 39 9 33 35 11 
38 0 24 16 88 26 72 93 75 63 47 33 89 24 56 66 78 4 1 78 7 53 86 71 3 77 92 22 76 8 78 73 76 77 44 21 31 37 8 46 69 58 83 97 14 11 24 82 8 25 75 93 21 33 13 66 95 61 25 83 98 3 93 99 11 55 97 83 87 71 67 72 49 55 16 6 18 43 21 49 23 14 98 54 85 
13 24 0 11 97 56 62 57 90 22 97 84 26 15 14 85 44 7 78 57 60 16 25 10 67 72 54 70 37 22 41 78 92 50 48 78 41 79 46 88 17 29 46 68 67 79 47 1 30 64 76 36 54 94 34 3 85 84 49 55 33 29 56 83 32 29 95 75 9 33 9 85 78 51 80 42 65 84 25 21 45 16 31 92 15 
73 16 11 0 20 27 87 8 54 48 61 35 33 20 68 25 84 95 39 48 6 80 64 88 33 43 75 67 89 99 31 18 69 65 61 79 18 40 36 82 29 23 39 42 75 78 71 26 49 51 63 45 55 1 87 17 20 10 93 52 11 69 24 15 64 22 47 4 57 89 81 47 55 80 72 15 78 16 26 54 85 59 86 30 45 
10 88 97 20 0 38 23 92 55 77 13 60 27 77 72 88 40 44 77 39 92 70 99 34 44 27 57 70 74 53 90 28 44 2 83 95 97 27 85 31 65 23 99 53 4 71 13 40 84 49 62 71 14 37 24 23 67 93 96 54 10 42 58 89 94 77 83 12 37 17 31 85 58 36 42 82 3 86 94 37 47 81 28 73 29 
76 26 56 27 38 0 3 14 42 37 41 19 98 39 64 47 90 3 99 29 79 76 59 43 27 22 59 17 93 38 12 23 7 97 15 88 76 36 64 33 92 50 1 23 98 71 37 19 28 29 53 95 51 47 8 86 17 30 12 62 15 31 9 41 49 31 24 67 93 65 13 18 34 11 29 76 6 82 6 43 87 53 58 57 79 
6 72 62 87 23 3 0 88 82 11 73 49 20 13 26 78 17 5 89 28 51 69 4 59 13 3 77 97 97 62 16 75 13 19 31 60 6 17 96 97 61 44 32 45 25 63 80 22 20 78 34 5 40 68 35 35 43 79 83 39 49 82 6 92 9 41 70 6 8 79 38 79 34 28 52 78 31 44 47 10 68 4 68 55 98 
80 93 57 8 92 14 88 0 64 81 29 38 65 38 94 19 79 71 93 53 11 33 47 64 94 19 37 30 40 29 55 30 56 91 28 61 13 18 72 92 8 84 57 52 33 77 63 52 97 31 23 6 92 96 23 77 23 19 94 30 19 53 32 50 99 84 94 46 52 87 16 72 49 29 84 28 44 20 80 71 89 87 12 66 94 
65 75 90 54 55 42 82 64 0 16 52 99 87 46 64 43 23 83 41 45 17 18 89 1 98 83 72 15 37 27 33 2 49 89 23 35 95 22 69 68 49 19 98 12 12 53 77 69 46 65 90 41 8 8 34 59 8 35 5 6 62 51 77 46 97 22 93 72 93 26 98 2 14 39 86 28 39 85 34 2 32 39 29 76 32 
17 63 22 48 77 37 11 81 16 0 52 67 68 33 75 33 98 6 1 38 73 44 25 17 97 97 42 25 22 28 47 36 63 69 63 33 46 89 43 58 26 33 34 7 66 52 32 8 14 4 29 16 30 67 62 84 97 59 83 35 31 58 97 50 47 84 42 21 41 51 5 10 1 91 22 75 22 34 39 38 44 34 96 42 72 
2 47 97 61 13 41 73 29 52 52 0 70 71 24 87 40 32 38 39 57 88 29 37 67 11 85 1 17 31 4 79 60 54 70 50 75 47 28 34 73 69 40 33 98 8 34 63 15 78 44 62 86 37 13 54 27 83 13 26 2 42 56 56 65 16 93 41 61 71 50 51 33 91 21 53 39 66 81 58 53 90 20 95 65 43 
77 33 84 35 60 19 49 38 99 67 70 0 48 22 98 2 90 39 13 19 78 78 89 91 84 40 99 16 38 97 37 99 2 33 31 8 51 51 33 44 42 70 2 98 52 31 83 50 82 83 96 72 22 19 47 45 92 10 5 78 64 24 96 60 65 83 32 2 85 79 69 55 26 84 28 57 93 9 56 77 47 50 12 9 62 
72 89 26 33 27 98 20 65 87 68 71 48 0 75 24 89 90 83 83 6 43 47 22 52 74 43 14 19 24 46 96 53 34 55 15 58 62 41 73 66 23 3 87 2 73 52 72 88 78 63 49 1 43 40 4 58 44 54 44 75 99 98 76 60 67 75 92 6 27 68 32 12 4 55 2 14 60 57 82 9 39 5 71 77 74 
7 24 15 20 77 39 13 38 46 33 24 22 75 0 6 80 85 60 32 91 8 67 33 47 76 83 45 65 38 48 74 91 85 16 66 53 70 67 90 29 20 18 6 80 11 30 18 82 47 8 18 87 62 65 8 30 56 29 44 99 56 6 51 93 64 53 35 99 84 78 38 90 55 5 44 12 30 77 90 33 51 52 43 24 90 
26 56 14 68 72 64 26 94 64 75 87 98 24 6 0 44 89 96 29 65 87 59 89 52 23 11 32 10 7 31 68 19 13 74 75 92 66 86 54 43 7 10 37 88 60 9 54 88 19 22 68 15 21 86 10 43 67 21 17 59 78 43 36 76 29 86 35 45 93 83 9 31 65 78 19 39 12 57 53 84 77 69 26 70 32 
51 66 85 25 88 47 78 19 43 33 40 2 89 80 44 0 60 63 30 67 33 72 61 94 73 28 98 94 69 39 61 98 10 68 79 64 21 36 56 29 46 93 57 52 5 80 76 32 77 53 39 84 81 75 71 27 58 31 65 39 19 96 42 96 58 49 43 53 23 65 71 62 61 97 28 1 27 51 21 27 66 78 19 61 83 
21 78 44 84 40 90 17 79 23 98 32 90 90 85 89 60 0 60 63 39 24 69 70 62 88 67 20 37 18 22 78 27 33 9 9 21 69 83 55 86 94 75 90 24 95 91 14 12 43 11 89 25 48 69 44 92 14 7 3 68 94 5 29 36 83 78 47 79 7 92 81 21 24 64 72 7 22 65 51 91 10 93 68 86 34 
19 4 7 95 44 3 5 71 83 6 38 39 83 60 96 63 60 0 72 9 52 34 62 8 60 42 28 52 41 72 46 95 10 89 47 59 22 55 1 20 20 86 28 98 22 95 19 68 36 96 30 23 57 11 43 73 32 13 83 8 88 9 62 24 35 95 4 56 69 16 25 95 63 27 99 48 88 36 17 88 91 79 88 58 25 
85 1 78 39 77 99 89 93 41 1 39 13 83 32 29 30 63 72 0 56 50 53 25 16 68 74 47 21 67 95 13 26 1 98 99 78 12 91 25 55 48 78 41 60 96 80 90 32 57 34 39 93 21 15 10 68 82 80 4 48 71 43 6 21 58 60 55 78 25 59 80 37 81 59 52 64 74 84 89 83 56 79 71 28 24 
12 78 57 48 39 29 28 53 45 38 57 19 6 91 65 67 39 9 56 0 54 70 69 24 47 40 67 78 27 25 18 88 2 46 59 22 18 57 34 44 76 99 3 97 91 84 27 27 53 56 8 63 32 80 93 77 47 88 71 70 56 93 99 88 86 75 16 15 57 88 2 85 76 77 91 19 63 46 66 53 29 88 39 21 98 
29 7 60 6 92 79 51 11 17 73 88 78 43 8 87 33 24 52 50 54 0 52 60 95 65 15 98 53 45 17 65 31 83 11 46 89 79 60 98 43 65 6 91 77 56 43 21 89 69 19 93 50 84 16 18 62 8 65 56 3 91 5 17 78 69 31 53 85 37 99 60 32 36 33 51 52 6 34 1 10 32 36 89 61 39 
30 53 16 80 70 76 69 33 18 44 29 78 47 67 59 72 69 34 53 70 52 0 12 45 44 8 63 57 97 94 53 25 44 52 11 95 50 19 11 62 40 7 8 80 13 1 4 52 16 68 82 60 67 16 62 65 20 45 88 62 22 1 64 95 85 2 85 61 77 23 15 25 47 33 81 71 55 25 78 90 36 58 32 40 15 
15 86 25 64 99 59 4 47 89 25 37 89 22 33 89 61 70 62 25 69 60 12 0 94 49 14 20 16 98 42 36 26 52 35 23 34 62 79 8 33 4 68 96 58 97 47 90 22 93 85 59 65 41 79 79 63 63 48 28 72 43 15 94 52 19 79 11 36 50 94 80 90 5 6 87 30 54 81 73 30 39 79 55 43 65 
51 71 10 88 34 43 59 64 1 17 67 91 52 47 52 94 62 8 16 24 95 45 94 0 69 45 85 74 51 81 51 36 73 16 40 3 36 98 80 16 16 95 67 35 84 94 19 75 19 26 18 50 38 21 41 53 24 19 80 52 33 38 31 41 51 74 69 81 16 64 65 92 21 55 24 7 25 1 49 81 29 89 2 74 22 
69 3 67 33 44 27 13 94 98 97 11 84 74 76 23 73 88 60 68 47 65 44 49 69 0 1 77 33 41 82 84 31 88 54 34 83 23 4 35 50 89 71 38 34 13 38 80 66 7 80 93 4 33 86 45 30 47 68 67 29 58 85 44 95 94 21 53 32 26 64 53 60 18 23 55 14 31 24 51 22 72 4 24 13 78 
88 77 72 43 27 22 3 19 83 97 85 40 43 83 11 28 67 42 74 40 15 8 14 45 1 0 8 53 31 27 9 97 85 82 74 40 57 61 26 66 96 28 19 87 2 35 3 18 86 12 94 54 60 83 12 84 4 84 1 94 86 52 92 33 87 85 82 6 12 70 10 47 75 94 33 39 43 64 24 41 64 64 32 19 41 
88 92 54 75 57 59 77 37 72 42 1 99 14 45 32 98 20 28 47 67 98 63 20 85 77 8 0 6 93 80 83 75 41 26 69 50 83 87 47 14 22 81 82 95 50 52 15 31 11 86 5 8 55 60 85 99 42 36 57 14 12 53 67 22 82 95 35 62 92 86 61 93 99 92 75 9 76 82 28 26 87 37 15 4 93 
95 22 70 67 70 17 97 30 15 25 17 16 19 65 10 94 37 52 21 78 53 57 16 74 33 53 6 0 85 73 44 9 56 18 61 33 99 84 28 96 53 51 81 92 80 27 38 25 57 41 53 39 20 45 21 64 22 66 69 93 19 69 17 79 60 57 45 36 40 62 33 68 54 63 76 9 35 34 93 26 68 2 99 9 90 
97 76 37 89 74 93 97 40 37 22 31 38 24 38 7 69 18 41 67 27 45 97 98 51 41 31 93 85 0 28 30 90 78 11 62 17 80 75 77 98 1 31 4 82 65 39 68 31 22 27 96 11 70 34 37 10 1 56 70 11 4 40 78 38 17 26 47 8 44 1 57 15 56 56 53 79 98 54 61 1 15 61 67 96 40 
87 8 22 99 53 38 62 29 27 28 4 97 46 48 31 39 22 72 95 25 17 94 42 81 82 27 80 73 28 0 72 8 17 67 62 70 51 59 80 15 78 13 12 80 96 35 7 70 86 45 71 73 13 47 83 8 30 61 83 74 47 87 85 98 48 89 74 77 88 46 37 88 40 38 7 44 59 2 84 30 49 56 46 9 35 
14 78 41 31 90 12 16 55 33 47 79 37 96 74 68 61 78 46 13 18 65 53 36 51 84 9 83 44 30 72 0 30 1 80 20 5 72 2 9 27 41 90 33 71 97 8 39 82 30 4 75 51 92 17 50 43 71 9 32 26 35 55 98 97 71 6 64 95 25 47 21 23 1 70 23 28 26 65 46 39 58 53 53 33 70 
10 73 78 18 28 23 75 30 2 36 60 99 53 91 19 98 27 95 26 88 31 25 26 36 31 97 75 9 90 8 30 0 80 6 34 65 54 54 54 13 81 97 34 52 56 81 55 13 86 11 82 79 72 85 30 13 64 8 71 83 64 65 45 70 76 89 35 15 60 89 34 25 4 42 31 23 54 97 92 92 83 98 37 7 39 
8 76 92 69 44 7 13 56 49 63 54 2 34 85 13 10 33 10 1 2 83 44 52 73 88 85 41 56 78 17 1 80 0 99 32 63 48 63 35 72 43 21 91 51 23 3 64 1 93 6 73 53 10 95 98 12 99 41 92 77 88 62 3 23 83 94 99 48 30 96 99 81 2 76 2 53 93 65 76 79 63 77 49 37 50 
64 77 50 65 2 97 19 91 89 69 70 33 55 16 74 68 9 89 98 46 11 52 35 16 54 82 26 18 11 67 80 6 99 0 15 74 22 33 72 1 47 25 81 38 17 53 69 93 91 8 61 10 35 64 67 69 14 67 92 1 35 71 17 38 18 39 83 15 38 63 1 34 50 78 32 58 59 74 77 29 77 54 59 32 95 
62 44 48 61 83 15 31 28 23 63 50 31 15 66 75 79 9 47 99 59 46 11 23 40 34 74 69 61 62 62 20 34 32 15 0 14 39 92 88 60 47 63 87 62 40 72 3 60 26 58 33 31 53 92 42 79 58 46 86 26 74 75 7 3 31 78 79 92 97 43 19 84 90 89 57 43 5 12 25 23 7 5 80 29 54 
23 21 78 79 95 88 60 61 35 33 75 8 58 53 92 64 21 59 78 22 89 95 34 3 83 40 50 33 17 70 5 65 63 74 14 0 31 22 28 6 36 73 83 49 52 95 25 77 41 86 29 41 48 24 29 85 90 38 6 24 69 21 14 57 30 29 92 55 29 64 82 61 70 84 73 80 49 53 93 93 97 58 95 40 91 
58 31 41 18 97 76 6 13 95 46 47 51 62 70 66 21 69 22 12 18 79 50 62 36 23 57 83 99 80 51 72 54 48 22 39 31 0 79 62 58 6 77 26 80 94 38 45 61 16 93 42 64 8 3 47 76 53 67 26 38 4 26 85 65 1 53 82 47 85 18 55 36 79 61 51 47 24 66 1 33 13 91 76 26 56 
2 37 79 40 27 36 17 18 22 89 28 51 41 67 86 36 83 55 91 57 60 19 79 98 4 61 87 84 75 59 2 54 63 33 92 22 79 0 70 6 15 88 3 92 65 99 88 59 25 46 15 78 87 33 92 73 39 84 21 25 72 28 38 96 83 17 55 97 53 74 6 67 81 95 51 3 90 33 8 90 86 37 67 74 12 
1 8 46 36 85 64 96 72 69 43 34 33 73 90 54 56 55 1 25 34 98 11 8 80 35 26 47 28 77 80 9 54 35 72 88 28 62 70 0 36 43 40 53 94 85 21 74 8 53 70 58 63 90 84 17 29 46 83 82 69 68 62 84 70 39 75 64 73 13 35 25 84 35 23 90 41 88 76 78 39 76 22 16 56 69 
61 46 88 82 31 33 97 92 68 58 73 44 66 29 43 29 86 20 55 44 43 62 33 16 50 66 14 96 98 15 27 13 72 1 60 6 58 6 36 0 83 69 12 37 58 28 80 2 13 2 9 90 64 91 16 86 81 85 28 94 8 15 76 13 62 21 38 63 67 34 58 75 73 6 1 3 5 65 58 36 31 5 76 81 15 
82 69 17 29 65 92 61 8 49 26 69 42 23 20 7 46 94 20 48 76 65 40 4 16 89 96 22 53 1 78 41 81 43 47 47 36 6 15 43 83 0 3 53 55 16 97 89 1 60 63 2 92 68 82 42 84 45 98 7 88 57 50 48 73 60 94 83 81 99 93 39 11 88 66 96 89 60 74 96 92 35 51 52 83 83 
9 58 29 23 23 50 44 84 19 33 40 70 3 18 10 93 75 86 78 99 6 7 68 95 71 28 81 51 31 13 90 97 21 25 63 73 77 88 40 69 3 0 52 92 25 56 69 66 38 58 98 88 45 58 42 33 28 56 64 81 92 77 57 27 63 54 93 23 39 21 59 44 20 46 76 38 85 35 88 59 2 41 86 38 59 
89 83 46 39 99 1 32 57 98 34 33 2 87 6 37 57 90 28 41 3 91 8 96 67 38 19 82 81 4 12 33 34 91 81 87 83 26 3 53 12 53 52 0 8 25 25 84 42 95 28 33 15 26 14 79 37 25 4 57 94 32 29 77 3 61 60 73 41 16 38 8 83 39 48 61 61 49 83 9 86 69 40 64 55 14 
14 97 68 42 53 23 45 52 12 7 98 98 2 80 88 52 24 98 60 97 77 80 58 35 34 87 95 92 82 80 71 52 51 38 62 49 80 92 94 37 55 92 8 0 62 41 74 75 69 25 26 34 19 79 47 79 8 78 9 39 50 15 18 46 58 78 88 27 32 59 24 38 43 94 90 82 97 27 47 19 25 40 76 40 7 
48 14 67 75 4 98 25 33 12 66 8 52 73 11 60 5 95 22 96 91 56 13 97 84 13 2 50 80 65 96 97 56 23 17 40 52 94 65 85 58 16 25 25 62 0 69 40 47 22 68 74 25 72 33 13 87 66 8 3 97 21 4 86 95 36 18 18 56 44 53 96 26 90 30 52 68 48 21 72 80 9 24 61 57 10 
73 11 79 78 71 71 63 77 53 52 34 31 52 30 9 80 91 95 80 84 43 1 47 94 38 35 52 27 39 35 8 81 3 53 72 95 38 99 21 28 97 56 25 41 69 0 47 61 66 63 22 14 23 28 26 18 33 94 15 86 53 26 61 84 69 90 25 58 64 13 19 27 78 26 1 23 15 75 40 76 20 10 72 54 67 
31 24 47 71 13 37 80 63 77 32 63 83 72 18 54 76 14 19 90 27 21 4 90 19 80 3 15 38 68 7 39 55 64 69 3 25 45 88 74 80 89 69 84 74 40 47 0 28 89 3 72 86 20 15 14 98 83 23 62 82 12 29 45 3 4 11 32 92 97 30 56 30 34 42 66 50 26 86 49 54 49 1 39 8 22 
72 82 1 26 40 19 22 52 69 8 15 50 88 82 88 32 12 68 32 27 89 52 22 75 66 18 31 25 31 70 82 13 1 93 60 77 61 59 8 2 1 66 42 75 47 61 28 0 6 16 78 81 64 98 31 33 73 45 41 68 25 79 68 51 49 36 53 32 2 65 32 19 67 16 44 40 21 2 1 46 83 30 27 8 53 
4 8 30 49 84 28 20 97 46 14 78 82 78 47 19 77 43 36 57 53 69 16 93 19 7 86 11 57 22 86 30 86 93 91 26 41 16 25 53 13 60 38 95 69 22 66 89 6 0 4 22 84 80 63 70 68 9 73 44 96 90 77 73 59 69 59 82 64 93 53 38 48 52 24 71 1 24 23 88 60 9 3 19 4 15 
71 25 64 51 49 29 78 31 65 4 44 83 63 8 22 53 11 96 34 56 19 68 85 26 80 12 86 41 27 45 4 11 6 8 58 86 93 46 70 2 63 58 28 25 68 63 3 16 4 0 80 68 35 82 65 45 43 35 79 45 61 68 43 23 42 69 42 40 81 43 68 99 14 26 39 76 6 93 23 40 74 15 48 72 2 
22 75 76 63 62 53 34 23 90 29 62 96 49 18 68 39 89 30 39 8 93 82 59 18 93 94 5 53 96 71 75 82 73 61 33 29 42 15 58 9 2 98 33 26 74 22 72 78 22 80 0 34 71 61 20 16 98 99 54 70 21 36 39 50 82 59 13 76 54 25 96 23 34 25 31 88 1 88 36 46 64 9 42 15 63 
50 93 36 45 71 95 5 6 41 16 86 72 1 87 15 84 25 23 93 63 50 60 65 50 4 54 8 39 11 73 51 79 53 10 31 41 64 78 63 90 92 88 15 34 25 14 86 81 84 68 34 0 11 30 31 38 98 40 11 68 55 78 46 74 69 24 82 65 82 82 33 94 15 31 39 97 88 1 38 67 43 62 19 1 46 
58 21 54 55 14 51 40 92 8 30 37 22 43 62 21 81 48 57 21 32 84 67 41 38 33 60 55 20 70 13 92 72 10 35 53 48 8 87 90 64 68 45 26 19 72 23 20 64 80 35 71 11 0 83 95 72 71 97 54 1 43 41 40 25 41 93 73 32 5 30 36 36 49 31 48 1 80 8 53 10 25 52 86 92 76 
4 33 94 1 37 47 68 96 8 67 13 19 40 65 86 75 69 11 15 80 16 16 79 21 86 83 60 45 34 47 17 85 95 64 92 24 3 33 84 91 82 58 14 79 33 28 15 98 63 82 61 30 83 0 15 82 62 41 13 28 45 1 55 65 17 91 18 60 91 96 38 73 84 82 40 44 71 91 24 31 74 64 91 49 45 
69 13 34 87 24 8 35 23 34 62 54 47 4 8 10 71 44 43 10 93 18 62 79 41 45 12 85 21 37 83 50 30 98 67 42 29 47 92 17 16 42 42 79 47 13 26 14 31 70 65 20 31 95 15 0 95 17 60 91 45 86 49 18 52 49 7 77 67 87 36 45 79 99 1 39 19 82 37 49 4 52 49 4 89 58 
25 66 3 17 23 86 35 77 59 84 27 45 58 30 43 27 92 73 68 77 62 65 63 53 30 84 99 64 10 8 43 13 12 69 79 85 76 73 29 86 84 33 37 79 87 18 98 33 68 45 16 38 72 82 95 0 17 88 64 87 22 34 95 32 69 39 72 70 54 13 97 47 41 18 94 79 62 36 59 32 31 49 31 97 97 
44 95 85 20 67 17 43 23 8 97 83 92 44 56 67 58 14 32 82 47 8 20 63 24 47 4 42 22 1 30 71 64 99 14 58 90 53 39 46 81 45 28 25 8 66 33 83 73 9 43 98 98 71 62 17 17 0 21 7 75 36 37 74 39 72 57 72 68 50 62 83 99 84 86 88 48 1 66 22 22 40 77 61 3 41 
77 61 84 10 93 30 79 19 35 59 13 10 54 29 21 31 7 13 80 88 65 45 48 19 68 84 36 66 56 61 9 8 41 67 46 38 67 84 83 85 98 56 4 78 8 94 23 45 73 35 99 40 97 41 60 88 21 0 78 44 84 60 67 79 86 51 23 38 14 16 85 47 39 90 55 28 30 49 16 74 30 52 50 89 65 
27 25 49 93 96 12 83 94 5 83 26 5 44 44 17 65 3 83 4 71 56 88 28 80 67 1 57 69 70 83 32 71 92 92 86 6 26 21 82 28 7 64 57 9 3 15 62 41 44 79 54 11 54 13 91 64 7 78 0 14 53 95 60 35 4 65 81 93 58 1 10 91 39 18 14 43 53 10 39 26 58 82 52 70 54 
53 83 55 52 54 62 39 30 6 35 2 78 75 99 59 39 68 8 48 70 3 62 72 52 29 94 14 93 11 74 26 83 77 1 26 24 38 25 69 94 88 81 94 39 97 86 82 68 96 45 70 68 1 28 45 87 75 44 14 0 90 70 30 91 63 77 21 56 89 96 2 63 55 11 32 70 96 48 49 11 41 26 73 88 23 
81 98 33 11 10 15 49 19 62 31 42 64 99 56 78 19 94 88 71 56 91 22 43 33 58 86 12 19 4 47 35 64 88 35 74 69 4 72 68 8 57 92 32 50 21 53 12 25 90 61 21 55 43 45 86 22 36 84 53 90 0 50 56 89 4 29 25 21 66 88 10 12 22 59 88 95 65 79 88 72 87 83 1 43 35 
42 3 29 69 42 31 82 53 51 58 56 24 98 6 43 96 5 9 43 93 5 1 15 38 85 52 53 69 40 87 55 65 62 71 75 21 26 28 62 15 50 77 29 15 4 26 29 79 77 68 36 78 41 1 49 34 37 60 95 70 50 0 67 58 93 7 71 3 13 91 5 1 35 77 9 24 62 28 16 12 86 54 91 48 61 
83 93 56 24 58 9 6 32 77 97 56 96 76 51 36 42 29 62 6 99 17 64 94 31 44 92 67 17 78 85 98 45 3 17 7 14 85 38 84 76 48 57 77 18 86 61 45 68 73 43 39 46 40 55 18 95 74 67 60 30 56 67 0 89 30 84 51 70 39 84 75 96 48 6 60 12 36 52 85 74 13 36 17 10 85 
16 99 83 15 89 41 92 50 46 50 65 60 60 93 76 96 36 24 21 88 78 95 52 41 95 33 22 79 38 98 97 70 23 38 3 57 65 96 70 13 73 27 3 46 95 84 3 51 59 23 50 74 25 65 52 32 39 79 35 91 89 58 89 0 59 49 22 48 72 57 52 68 4 93 51 54 88 80 93 40 81 83 83 3 31 
65 11 32 64 94 49 9 99 97 47 16 65 67 64 29 58 83 35 58 86 69 85 19 51 94 87 82 60 17 48 71 76 83 18 31 30 1 83 39 62 60 63 61 58 36 69 4 49 69 42 82 69 41 17 49 69 72 86 4 63 4 93 30 59 0 86 48 66 42 57 42 80 45 95 80 87 34 55 16 28 38 6 65 35 43 
69 55 29 22 77 31 41 84 22 84 93 83 75 53 86 49 78 95 60 75 31 2 79 74 21 85 95 57 26 89 6 89 94 39 78 29 53 17 75 21 94 54 60 78 18 90 11 36 59 69 59 24 93 91 7 39 57 51 65 77 29 7 84 49 86 0 88 45 91 43 45 53 89 58 81 3 65 74 96 50 32 32 42 40 15 
26 97 95 47 83 24 70 94 93 42 41 32 92 35 35 43 47 4 55 16 53 85 11 69 53 82 35 45 47 74 64 35 99 83 79 92 82 55 64 38 83 93 73 88 18 25 32 53 82 42 13 82 73 18 77 72 72 23 81 21 25 71 51 22 48 88 0 3 48 36 51 33 33 42 43 96 17 84 29 32 92 12 39 88 17 
99 83 75 4 12 67 6 46 72 21 61 2 6 99 45 53 79 56 78 15 85 61 36 81 32 6 62 36 8 77 95 15 48 15 92 55 47 97 73 63 81 23 41 27 56 58 92 32 64 40 76 65 32 60 67 70 68 38 93 56 21 3 70 48 66 45 3 0 57 10 65 84 27 3 39 86 31 87 54 32 31 37 16 22 93 
88 87 9 57 37 93 8 52 93 41 71 85 27 84 93 23 7 69 25 57 37 77 50 16 26 12 92 40 44 88 25 60 30 38 97 29 85 53 13 67 99 39 16 32 44 64 97 2 93 81 54 82 5 91 87 54 50 14 58 89 66 13 39 72 42 91 48 57 0 48 74 45 5 67 44 19 60 91 30 78 10 24 91 9 92 
8 71 33 89 17 65 79 87 26 51 50 79 68 78 83 65 92 16 59 88 99 23 94 64 64 70 86 62 1 46 47 89 96 63 43 64 18 74 35 34 93 21 38 59 53 13 30 65 53 43 25 82 30 96 36 13 62 16 1 96 88 91 84 57 57 43 36 10 48 0 15 88 48 73 38 42 90 31 40 6 34 75 20 94 38 
27 67 9 81 31 13 38 16 98 5 51 69 32 38 9 71 81 25 80 2 60 15 80 65 53 10 61 33 57 37 21 34 99 1 19 82 55 6 25 58 39 59 8 24 96 19 56 32 38 68 96 33 36 38 45 97 83 85 10 2 10 5 75 52 42 45 51 65 74 15 0 90 16 13 98 65 1 70 51 48 19 69 68 67 75 
26 72 85 47 85 18 79 72 2 10 33 55 12 90 31 62 21 95 37 85 32 25 90 92 60 47 93 68 15 88 23 25 81 34 84 61 36 67 84 75 11 44 83 38 26 27 30 19 48 99 23 94 36 73 79 47 99 47 91 63 12 1 96 68 80 53 33 84 45 88 90 0 70 56 66 82 51 49 5 51 57 79 39 11 95 
23 49 78 55 58 34 34 49 14 1 91 26 4 55 65 61 24 63 81 76 36 47 5 21 18 75 99 54 56 40 1 4 2 50 90 70 79 81 35 73 88 20 39 43 90 78 34 67 52 14 34 15 49 84 99 41 84 39 39 55 22 35 48 4 45 89 33 27 5 48 16 70 0 25 40 59 56 1 39 94 86 96 71 74 56 
10 55 51 80 36 11 28 29 39 91 21 84 55 5 78 97 64 27 59 77 33 33 6 55 23 94 92 63 56 38 70 42 76 78 89 84 61 95 23 6 66 46 48 94 30 26 42 16 24 26 25 31 31 82 1 18 86 90 18 11 59 77 6 93 95 58 42 3 67 73 13 56 25 0 16 97 50 56 7 33 30 94 79 20 29 
68 16 80 72 42 29 52 84 86 22 53 28 2 44 19 28 72 99 52 91 51 81 87 24 55 33 75 76 53 7 23 31 2 32 57 73 51 51 90 1 96 76 61 90 52 1 66 44 71 39 31 39 48 40 39 94 88 55 14 32 88 9 60 51 80 81 43 39 44 38 98 66 40 16 0 79 42 93 25 90 11 70 16 47 30 
24 6 42 15 82 76 78 28 28 75 39 57 14 12 39 1 7 48 64 19 52 71 30 7 14 39 9 9 79 44 28 23 53 58 43 80 47 3 41 3 89 38 61 82 68 23 50 40 1 76 88 97 1 44 19 79 48 28 43 70 95 24 12 54 87 3 96 86 19 42 65 82 59 97 79 0 45 20 84 75 80 45 99 13 87 
28 18 65 78 3 6 31 44 39 22 66 93 60 30 12 27 22 88 74 63 6 55 54 25 31 43 76 35 98 59 26 54 93 59 5 49 24 90 88 5 60 85 49 97 48 15 26 21 24 6 1 88 80 71 82 62 1 30 53 96 65 62 36 88 34 65 17 31 60 90 1 51 56 50 42 45 0 78 50 32 54 88 93 79 3 
38 43 84 16 86 82 44 20 85 34 81 9 57 77 57 51 65 36 84 46 34 25 81 1 24 64 82 34 54 2 65 97 65 74 12 53 66 33 76 65 74 35 83 27 21 75 86 2 23 93 88 1 8 91 37 36 66 49 10 48 79 28 52 80 55 74 84 87 91 31 70 49 1 56 93 20 78 0 70 97 23 43 3 21 57 
58 21 25 26 94 6 47 80 34 39 58 56 82 90 53 21 51 17 89 66 1 78 73 49 51 24 28 93 61 84 46 92 76 77 25 93 1 8 78 58 96 88 9 47 72 40 49 1 88 23 36 38 53 24 49 59 22 16 39 49 88 16 85 93 16 96 29 54 30 40 51 5 39 7 25 84 50 70 0 40 38 27 22 4 63 
84 49 21 54 37 43 10 71 2 38 53 77 9 33 84 27 91 88 83 53 10 90 30 81 22 41 26 26 1 30 39 92 79 29 23 93 33 90 39 36 92 59 86 19 80 76 54 46 60 40 46 67 10 31 4 32 22 74 26 11 72 12 74 40 28 50 32 32 78 6 48 51 94 33 90 75 32 97 40 0 29 10 55 2 29 
39 23 45 85 47 87 68 89 32 44 90 47 39 51 77 66 10 91 56 29 32 36 39 29 72 64 87 68 15 49 58 83 63 77 7 97 13 86 76 31 35 2 69 25 9 20 49 83 9 74 64 43 25 74 52 31 40 30 58 41 87 86 13 81 38 32 92 31 10 34 19 57 86 30 11 80 54 23 38 29 0 7 45 68 33 
9 14 16 59 81 53 4 87 39 34 20 50 5 52 69 78 93 79 79 88 36 58 79 89 4 64 37 2 61 56 53 98 77 54 5 58 91 37 22 5 51 41 40 40 24 10 1 30 3 15 9 62 52 64 49 49 77 52 82 26 83 54 36 83 6 32 12 37 24 75 69 79 96 94 70 45 88 43 27 10 7 0 30 70 13 
33 98 31 86 28 58 68 12 29 96 95 12 71 43 26 19 68 88 71 39 89 32 55 2 24 32 15 99 67 46 53 37 49 59 80 95 76 67 16 76 52 86 64 76 61 72 39 27 19 48 42 19 86 91 4 31 61 50 52 73 1 91 17 83 65 42 39 16 91 20 68 39 71 79 16 99 93 3 22 55 45 30 0 91 16 
35 54 92 30 73 57 55 66 76 42 65 9 77 24 70 61 86 58 28 21 61 40 43 74 13 19 4 9 96 9 33 7 37 32 29 40 26 74 56 81 83 38 55 40 57 54 8 8 4 72 15 1 92 49 89 97 3 89 70 88 43 48 10 3 35 40 88 22 9 94 67 11 74 20 47 13 79 21 4 2 68 70 91 0 75 
11 85 15 45 29 79 98 94 32 72 43 62 74 90 32 83 34 25 24 98 39 15 65 22 78 41 93 90 40 35 70 39 50 95 54 91 56 12 69 15 83 59 14 7 10 67 22 53 15 2 63 46 76 45 58 97 41 65 54 23 35 61 85 31 43 15 17 93 92 38 75 95 56 29 30 87 3 57 63 29 33 13 16 75 0 
