86
0 38 13 73 10 76 6 80 65 17 2 77 72 7 26 51 21 19 85 12 29 30 15 51 69 88 88 95 97 87 14 10 8 64 62 23 58 2 1 61 82 9 89 14 48 73 31 72 4 71 22 50 58 4 69 25 44 77 27 53 81 42 83 16 65 69 26 99 88 8 27 26 23 10 68 24 28 38 58 84 39 9 33 35 11 24 
38 0 16 88 26 72 93 75 63 47 33 89 24 56 66 78 4 1 78 7 53 86 71 3 77 92 22 76 8 78 73 76 77 44 21 31 37 8 46 69 58 83 97 14 11 24 82 8 25 75 93 21 33 13 66 95 61 25 83 98 3 93 99 11 55 97 83 87 71 67 72 49 55 16 6 18 43 21 49 23 14 98 54 85 11 97 
13 16 0 56 62 57 90 22 97 84 26 15 14 85 44 7 78 57 60 16 25 10 67 72 54 70 37 22 41 78 92 50 48 78 41 79 46 88 17 29 46 68 67 79 47 1 30 64 76 36 54 94 34 3 85 84 49 55 33 29 56 83 32 29 95 75 9 33 9 85 78 51 80 42 65 84 25 21 45 16 31 92 15 20 27 87 
73 88 56 0 8 54 48 61 35 33 20 68 25 84 95 39 48 6 80 64 88 33 43 75 67 89 99 31 18 69 65 61 79 18 40 36 82 29 23 39 42 75 78 71 26 49 51 63 45 55 1 87 17 20 10 93 52 11 69 24 15 64 22 47 4 57 89 81 47 55 80 72 15 78 16 26 54 85 59 86 30 45 38 23 92 55 
10 26 62 8 0 77 13 60 27 77 72 88 40 44 77 39 92 70 99 34 44 27 57 70 74 53 90 28 44 2 83 95 97 27 85 31 65 23 99 53 4 71 13 40 84 49 62 71 14 37 24 23 67 93 96 54 10 42 58 89 94 77 83 12 37 17 31 85 58 36 42 82 3 86 94 37 47 81 28 73 29 3 14 42 37 41 
76 72 57 54 77 0 19 98 39 64 47 90 3 99 29 79 76 59 43 27 22 59 17 93 38 12 23 7 97 15 88 76 36 64 33 92 50 1 23 98 71 37 19 28 29 53 95 51 47 8 86 17 30 12 62 15 31 9 41 49 31 24 67 93 65 13 18 34 11 29 76 6 82 6 43 87 53 58 57 79 88 82 11 73 49 20 
6 93 90 48 13 19 0 13 26 78 17 5 89 28 51 69 4 59 13 3 77 97 97 62 16 75 13 19 31 60 6 17 96 97 61 44 32 45 25 63 80 22 20 78 34 5 40 68 35 35 43 79 83 39 49 82 6 92 9 41 70 6 8 79 38 79 34 28 52 78 31 44 47 10 68 4 68 55 98 64 81 29 38 65 38 94 
80 75 22 61 60 98 13 0 19 79 71 93 53 11 33 47 64 94 19 37 30 40 29 55 30 56 91 28 61 13 18 72 92 8 84 57 52 33 77 63 52 97 31 23 6 92 96 23 77 23 19 94 30 19 53 32 50 99 84 94 46 52 87 16 72 49 29 84 28 44 20 80 71 89 87 12 66 94 16 52 99 87 46 64 43 23 
65 63 97 35 27 39 26 19 0 83 41 45 17 18 89 1 98 83 72 15 37 27 33 2 49 89 23 35 95 22 69 68 49 19 98 12 12 53 77 69 46 65 90 41 8 8 34 59 8 35 5 6 62 51 77 46 97 22 93 72 93 26 98 2 14 39 86 28 39 85 34 2 32 39 29 76 32 52 67 68 33 75 33 98 6 1 
17 47 84 33 77 64 78 79 83 0 38 73 44 25 17 97 97 42 25 22 28 47 36 63 69 63 33 46 89 43 58 26 33 34 7 66 52 32 8 14 4 29 16 30 67 62 84 97 59 83 35 31 58 97 50 47 84 42 21 41 51 5 10 1 91 22 75 22 34 39 38 44 34 96 42 72 70 71 24 87 40 32 38 39 57 88 
2 33 26 20 72 47 17 71 41 38 0 29 37 67 11 85 1 17 31 4 79 60 54 70 50 75 47 28 34 73 69 40 33 98 8 34 63 15 78 44 62 86 37 13 54 27 83 13 26 2 42 56 56 65 16 93 41 61 71 50 51 33 91 21 53 39 66 81 58 53 90 20 95 65 43 48 22 98 2 90 39 13 19 78 78 89 
77 89 15 68 88 90 5 93 45 73 29 0 91 84 40 99 16 38 97 37 99 2 33 31 8 51 51 33 44 42 70 2 98 52 31 83 50 82 83 96 72 22 19 47 45 92 10 5 78 64 24 96 60 65 83 32 2 85 79 69 55 26 84 28 57 93 9 56 77 47 50 12 9 62 75 24 89 90 83 83 6 43 47 22 52 74 
72 24 14 25 40 3 89 53 17 44 37 91 0 43 14 19 24 46 96 53 34 55 15 58 62 41 73 66 23 3 87 2 73 52 72 88 78 63 49 1 43 40 4 58 44 54 44 75 99 98 76 60 67 75 92 6 27 68 32 12 4 55 2 14 60 57 82 9 39 5 71 77 74 6 80 85 60 32 91 8 67 33 47 76 83 45 
7 56 85 84 44 99 28 11 18 25 67 84 43 0 65 38 48 74 91 85 16 66 53 70 67 90 29 20 18 6 80 11 30 18 82 47 8 18 87 62 65 8 30 56 29 44 99 56 6 51 93 64 53 35 99 84 78 38 90 55 5 44 12 30 77 90 33 51 52 43 24 90 44 89 96 29 65 87 59 89 52 23 11 32 10 7 
26 66 44 95 77 29 51 33 89 17 11 40 14 65 0 31 68 19 13 74 75 92 66 86 54 43 7 10 37 88 60 9 54 88 19 22 68 15 21 86 10 43 67 21 17 59 78 43 36 76 29 86 35 45 93 83 9 31 65 78 19 39 12 57 53 84 77 69 26 70 32 60 63 30 67 33 72 61 94 73 28 98 94 69 39 61 
51 78 7 39 39 79 69 47 1 97 85 99 19 38 31 0 98 10 68 79 64 21 36 56 29 46 93 57 52 5 80 76 32 77 53 39 84 81 75 71 27 58 31 65 39 19 96 42 96 58 49 43 53 23 65 71 62 61 97 28 1 27 51 21 27 66 78 19 61 83 60 63 39 24 69 70 62 88 67 20 37 18 22 78 27 33 
21 4 78 48 92 76 4 64 98 97 1 16 24 48 68 98 0 9 9 21 69 83 55 86 94 75 90 24 95 91 14 12 43 11 89 25 48 69 44 92 14 7 3 68 94 5 29 36 83 78 47 79 7 92 81 21 24 64 72 7 22 65 51 91 10 93 68 86 34 72 9 52 34 62 8 60 42 28 52 41 72 46 95 10 89 47 
19 1 57 6 70 59 59 94 83 42 17 38 46 74 19 10 9 0 59 22 55 1 20 20 86 28 98 22 95 19 68 36 96 30 23 57 11 43 73 32 13 83 8 88 9 62 24 35 95 4 56 69 16 25 95 63 27 99 48 88 36 17 88 91 79 88 58 25 56 50 53 25 16 68 74 47 21 67 95 13 26 1 98 99 78 12 
85 78 60 80 99 43 13 19 72 25 31 97 96 91 13 68 9 59 0 91 25 55 48 78 41 60 96 80 90 32 57 34 39 93 21 15 10 68 82 80 4 48 71 43 6 21 58 60 55 78 25 59 80 37 81 59 52 64 74 84 89 83 56 79 71 28 24 54 70 69 24 47 40 67 78 27 25 18 88 2 46 59 22 18 57 34 
12 7 16 64 34 27 3 37 15 22 4 37 53 85 74 79 21 22 91 0 44 76 99 3 97 91 84 27 27 53 56 8 63 32 80 93 77 47 88 71 70 56 93 99 88 86 75 16 15 57 88 2 85 76 77 91 19 63 46 66 53 29 88 39 21 98 52 60 95 65 15 98 53 45 17 65 31 83 11 46 89 79 60 98 43 65 
29 53 25 88 44 22 77 30 37 28 79 99 34 16 75 64 69 55 25 44 0 6 91 77 56 43 21 89 69 19 93 50 84 16 18 62 8 65 56 3 91 5 17 78 69 31 53 85 37 99 60 32 36 33 51 52 6 34 1 10 32 36 89 61 39 12 45 44 8 63 57 97 94 53 25 44 52 11 95 50 19 11 62 40 7 8 
30 86 10 33 27 59 97 40 27 47 60 2 55 66 92 21 83 1 55 76 6 0 80 13 1 4 52 16 68 82 60 67 16 62 65 20 45 88 62 22 1 64 95 85 2 85 61 77 23 15 25 47 33 81 71 55 25 78 90 36 58 32 40 15 94 49 14 20 16 98 42 36 26 52 35 23 34 62 79 8 33 4 68 96 58 97 
15 71 67 43 57 17 97 29 33 36 54 33 15 53 66 36 55 20 48 99 91 80 0 47 90 22 93 85 59 65 41 79 79 63 63 48 28 72 43 15 94 52 19 79 11 36 50 94 80 90 5 6 87 30 54 81 73 30 39 79 55 43 65 69 45 85 74 51 81 51 36 73 16 40 3 36 98 80 16 16 95 67 35 84 94 19 
51 3 72 75 70 93 62 55 2 63 70 31 58 70 86 56 86 20 78 3 77 13 47 0 75 19 26 18 50 38 21 41 53 24 19 80 52 33 38 31 41 51 74 69 81 16 64 65 92 21 55 24 7 25 1 49 81 29 89 2 74 22 1 77 33 41 82 84 31 88 54 34 83 23 4 35 50 89 71 38 34 13 38 80 66 7 
69 77 54 67 74 38 16 30 49 69 50 8 62 67 54 29 94 86 41 97 56 1 90 75 0 80 93 4 33 86 45 30 47 68 67 29 58 85 44 95 94 21 53 32 26 64 53 60 18 23 55 14 31 24 51 22 72 4 24 13 78 8 53 31 27 9 97 85 82 74 40 57 61 26 66 96 28 19 87 2 35 3 18 86 12 94 
88 92 70 89 53 12 75 56 89 63 75 51 41 90 43 46 75 28 60 91 43 4 22 19 80 0 54 60 83 12 84 4 84 1 94 86 52 92 33 87 85 82 6 12 70 10 47 75 94 33 39 43 64 24 41 64 64 32 19 41 6 93 80 83 75 41 26 69 50 83 87 47 14 22 81 82 95 50 52 15 31 11 86 5 8 55 
88 22 37 99 90 23 13 91 23 33 47 51 73 29 7 93 90 98 96 84 21 52 93 26 93 54 0 60 85 99 42 36 57 14 12 53 67 22 82 95 35 62 92 86 61 93 99 92 75 9 76 82 28 26 87 37 15 4 93 85 73 44 9 56 18 61 33 99 84 28 96 53 51 81 92 80 27 38 25 57 41 53 39 20 45 21 
95 76 22 31 28 7 19 28 35 46 28 33 66 20 10 57 24 22 80 27 89 16 85 18 4 60 60 0 64 22 66 69 93 19 69 17 79 60 57 45 36 40 62 33 68 54 63 76 9 35 34 93 26 68 2 99 9 90 28 30 90 78 11 62 17 80 75 77 98 1 31 4 82 65 39 68 31 22 27 96 11 70 34 37 10 1 
97 8 41 18 44 97 31 61 95 89 34 44 23 18 37 52 95 95 90 27 69 68 59 50 33 83 85 64 0 56 70 11 4 40 78 38 17 26 47 8 44 1 57 15 56 56 53 79 98 54 61 1 15 61 67 96 40 72 8 17 67 62 70 51 59 80 15 78 13 12 80 96 35 7 70 86 45 71 73 13 47 83 8 30 61 83 
87 78 78 69 2 15 60 13 22 43 73 42 3 6 88 5 91 19 32 53 19 82 65 38 86 12 99 22 56 0 74 47 87 85 98 48 89 74 77 88 46 37 88 40 38 7 44 59 2 84 30 49 56 46 9 35 30 1 80 20 5 72 2 9 27 41 90 33 71 97 8 39 82 30 4 75 51 92 17 50 43 71 9 32 26 35 
14 73 92 65 83 88 6 18 69 58 69 70 87 80 60 80 14 68 57 56 93 60 41 21 45 84 42 66 70 74 0 55 98 97 71 6 64 95 25 47 21 23 1 70 23 28 26 65 46 39 58 53 53 33 70 80 6 34 65 54 54 54 13 81 97 34 52 56 81 55 13 86 11 82 79 72 85 30 13 64 8 71 83 64 65 45 
10 76 50 61 95 76 17 72 68 26 40 2 2 11 9 76 12 36 34 8 50 67 79 41 30 4 36 69 11 47 55 0 70 76 89 35 15 60 89 34 25 4 42 31 23 54 97 92 92 83 98 37 7 39 99 32 63 48 63 35 72 43 21 91 51 23 3 64 1 93 6 73 53 10 95 98 12 99 41 92 77 88 62 3 23 83 
8 77 48 79 97 36 96 92 49 33 33 98 73 30 54 32 43 96 39 63 84 16 79 53 47 84 57 93 4 87 98 70 0 94 99 48 30 96 99 81 2 76 2 53 93 65 76 79 63 77 49 37 50 15 74 22 33 72 1 47 25 81 38 17 53 69 93 91 8 61 10 35 64 67 69 14 67 92 1 35 71 17 38 18 39 83 
64 44 78 18 27 64 97 8 19 34 98 52 52 18 88 77 11 30 93 32 16 62 63 24 68 1 14 19 40 85 97 76 94 0 15 38 63 1 34 50 78 32 58 59 74 77 29 77 54 59 32 95 14 39 92 88 60 47 63 87 62 40 72 3 60 26 58 33 31 53 92 42 79 58 46 86 26 74 75 7 3 31 78 79 92 97 
62 21 41 40 85 33 61 84 98 7 8 31 72 82 19 53 89 23 21 80 18 65 63 19 67 94 12 69 78 98 71 89 99 15 0 43 19 84 90 89 57 43 5 12 25 23 7 5 80 29 54 31 22 28 6 36 73 83 49 52 95 25 77 41 86 29 41 48 24 29 85 90 38 6 24 69 21 14 57 30 29 92 55 29 64 82 
23 31 79 36 31 92 44 57 12 66 34 83 88 47 22 39 25 57 15 93 62 20 48 80 29 86 53 17 38 48 6 35 48 38 43 0 61 70 84 73 80 49 53 93 93 97 58 95 40 91 79 62 58 6 77 26 80 94 38 45 61 16 93 42 64 8 3 47 76 53 67 26 38 4 26 85 65 1 53 82 47 85 18 55 36 79 
58 37 46 82 65 50 32 52 12 52 63 50 78 8 68 84 48 11 10 77 8 45 28 52 58 52 67 79 17 89 64 15 30 63 19 61 0 61 51 47 24 66 1 33 13 91 76 26 56 70 6 15 88 3 92 65 99 88 59 25 46 15 78 87 33 92 73 39 84 21 25 72 28 38 96 83 17 55 97 53 74 6 67 81 95 51 
2 8 88 29 23 1 45 33 53 32 15 82 63 18 15 81 69 43 68 47 65 88 72 33 85 92 22 60 26 74 95 60 96 1 84 70 61 0 3 90 33 8 90 86 37 67 74 12 36 43 40 53 94 85 21 74 8 53 70 58 63 90 84 17 29 46 83 82 69 68 62 84 70 39 75 64 73 13 35 25 84 35 23 90 41 88 
1 46 17 23 99 23 25 77 77 8 78 83 49 87 21 75 44 73 82 88 56 62 43 38 44 33 82 57 47 77 25 89 99 34 90 84 51 3 0 76 78 39 76 22 16 56 69 83 69 12 37 58 28 80 2 13 2 9 90 64 91 16 86 81 85 28 94 8 15 76 13 62 21 38 63 67 34 58 75 73 6 1 3 5 65 58 
61 69 29 39 53 98 63 63 69 14 44 96 1 62 86 71 92 32 80 71 3 22 15 31 95 87 95 45 8 88 47 34 81 50 89 73 47 90 76 0 36 31 5 76 81 15 3 53 55 16 97 89 1 60 63 2 92 68 82 42 84 45 98 7 88 57 50 48 73 60 94 83 81 99 93 39 11 88 66 96 89 60 74 96 92 35 
82 58 46 42 4 71 80 52 46 4 62 72 43 65 10 27 14 13 4 70 91 1 94 41 94 85 35 36 44 46 21 25 2 78 57 80 24 33 78 36 0 51 52 83 83 52 92 25 56 69 66 38 58 98 88 45 58 42 33 28 56 64 81 92 77 57 27 63 54 93 23 39 21 59 44 20 46 76 38 85 35 88 59 2 41 86 
9 83 68 75 71 37 22 97 65 29 86 22 40 8 43 58 7 83 48 56 5 64 52 51 21 82 62 40 1 37 23 4 76 32 43 49 66 8 39 31 51 0 38 59 8 25 25 84 42 95 28 33 15 26 14 79 37 25 4 57 94 32 29 77 3 61 60 73 41 16 38 8 83 39 48 61 61 49 83 9 86 69 40 64 55 14 
89 97 67 78 13 19 20 31 90 16 37 19 4 30 67 31 3 8 71 93 17 95 19 74 53 6 92 62 57 88 1 42 2 58 5 53 1 90 76 5 52 38 0 62 41 74 75 69 25 26 34 19 79 47 79 8 78 9 39 50 15 18 46 58 78 88 27 32 59 24 38 43 94 90 82 97 27 47 19 25 40 76 40 7 69 40 
14 14 79 71 40 28 78 23 41 30 13 47 58 56 21 65 68 88 43 99 78 85 79 69 32 12 86 33 15 40 70 31 53 59 12 93 33 86 22 76 83 59 62 0 47 22 68 74 25 72 33 13 87 66 8 3 97 21 4 86 95 36 18 18 56 44 53 96 26 90 30 52 68 48 21 72 80 9 24 61 57 10 47 61 66 63 
48 11 47 26 84 29 34 6 8 67 54 45 44 29 17 39 94 9 6 88 69 2 11 81 26 70 61 68 56 38 23 23 93 74 25 93 13 37 16 81 83 8 41 47 0 22 14 23 28 26 18 33 94 15 86 53 26 61 84 69 90 25 58 64 13 19 27 78 26 1 23 15 75 40 76 20 10 72 54 67 28 89 3 72 86 20 
73 24 1 49 49 53 5 92 8 62 27 92 54 44 59 19 5 62 21 86 31 85 36 16 64 10 93 54 56 7 28 54 65 77 23 97 91 67 56 15 52 25 74 22 22 0 15 14 98 83 23 62 82 12 29 45 3 4 11 32 92 97 30 56 30 34 42 66 50 26 86 49 54 49 1 39 8 22 6 16 78 81 64 98 31 33 
31 82 30 51 62 95 40 96 34 84 83 10 44 99 78 96 29 24 58 75 53 61 50 64 53 47 99 63 53 44 26 97 76 29 7 58 76 74 69 3 92 25 75 68 14 15 0 73 45 41 68 25 79 68 51 49 36 53 32 2 65 32 19 67 16 44 40 21 2 1 46 83 30 27 8 53 4 22 84 80 63 70 68 9 73 44 
72 8 64 63 71 51 68 23 59 97 13 5 75 56 43 42 36 35 60 16 85 77 94 65 60 75 92 76 79 59 65 92 79 77 5 95 26 12 83 53 25 84 69 74 23 14 73 0 96 90 77 73 59 69 59 82 64 93 53 38 48 52 24 71 1 24 23 88 60 9 3 19 4 15 80 68 35 82 65 45 43 35 79 45 61 68 
4 25 76 45 14 47 35 77 8 59 26 78 99 6 36 96 83 95 55 15 37 23 80 92 18 94 75 9 98 2 46 92 63 54 80 40 56 36 69 55 56 42 25 25 28 98 45 96 0 43 23 42 69 42 40 81 43 68 99 14 26 39 76 6 93 23 40 74 15 48 72 2 34 71 61 20 16 98 99 54 70 21 36 39 50 82 
71 75 36 55 37 8 35 23 35 83 2 64 98 51 76 58 78 4 78 57 99 15 90 21 23 33 9 35 54 84 39 83 77 59 29 91 70 43 12 16 69 95 26 72 26 83 41 90 43 0 59 13 76 54 25 96 23 34 25 31 88 1 88 36 46 64 9 42 15 63 11 30 31 38 98 40 11 68 55 78 46 74 69 24 82 65 
22 93 54 1 24 86 43 19 5 35 42 24 76 93 29 49 47 56 25 88 60 25 5 55 55 39 76 34 61 30 58 98 49 32 54 79 6 40 37 97 66 28 34 33 18 23 68 77 23 59 0 82 82 33 94 15 31 39 97 88 1 38 67 43 62 19 1 46 83 95 72 71 97 54 1 43 41 40 25 41 93 73 32 5 30 36 
50 21 94 87 23 17 79 94 6 31 56 96 60 64 86 43 79 69 59 2 32 47 6 24 14 43 82 93 1 49 53 37 37 95 31 62 15 53 58 89 38 33 19 13 33 62 25 73 42 13 82 0 36 49 31 48 1 80 8 53 10 25 52 86 92 76 15 82 62 41 13 28 45 1 55 65 17 91 18 60 91 96 38 73 84 82 
58 33 34 17 67 30 83 30 62 58 56 60 67 53 35 53 7 16 80 85 36 33 87 7 31 64 28 26 15 56 53 7 50 14 22 58 88 94 28 1 58 15 79 87 94 82 79 59 69 76 82 36 0 40 44 71 91 24 31 74 64 91 49 45 95 17 60 91 45 86 49 18 52 49 7 77 67 87 36 45 79 99 1 39 19 82 
4 13 3 20 93 12 39 19 51 97 65 65 75 35 45 23 92 25 37 76 33 81 30 25 24 24 26 68 61 46 33 39 15 39 28 6 3 85 80 60 98 26 47 66 15 12 68 69 42 54 33 49 40 0 37 49 4 52 49 4 89 58 17 88 64 87 22 34 95 32 69 39 72 70 54 13 97 47 41 18 94 79 62 36 59 32 
69 66 85 10 96 62 49 53 77 50 16 83 92 99 93 65 81 95 81 77 51 71 54 1 51 41 87 2 67 9 70 99 74 92 6 77 92 21 2 63 88 14 79 8 86 29 51 59 40 25 94 31 44 37 0 31 49 31 97 97 21 7 75 36 37 74 39 72 57 72 68 50 62 83 99 84 86 88 48 1 66 22 22 40 77 61 
25 95 84 93 54 15 82 32 46 47 93 32 6 84 83 71 21 63 59 91 52 55 81 49 22 64 37 99 96 35 80 32 22 88 36 26 65 74 13 2 45 79 8 3 53 45 49 82 81 96 15 48 71 49 31 0 3 41 78 44 84 60 67 79 86 51 23 38 14 16 85 47 39 90 55 28 30 49 16 74 30 52 50 89 65 14 
44 61 49 52 10 31 6 50 97 84 41 2 27 78 9 62 24 27 52 19 6 25 73 81 72 64 15 9 40 30 6 63 33 60 73 80 99 8 2 92 58 37 78 97 26 3 36 64 43 23 31 1 91 4 49 3 0 53 95 60 35 4 65 81 93 58 1 10 91 39 18 14 43 53 10 39 26 58 82 52 70 54 90 70 30 91 
77 25 55 11 42 9 92 99 22 42 61 85 68 38 31 61 64 99 64 63 34 78 30 29 4 32 4 90 72 1 34 48 72 47 83 94 88 53 9 68 42 25 9 21 61 4 53 93 68 34 39 80 24 52 31 41 53 0 63 77 21 56 89 96 2 63 55 11 32 70 96 48 49 11 41 26 73 88 23 50 56 89 4 29 25 21 
27 83 33 69 58 41 9 84 93 21 71 79 32 90 65 97 72 48 74 46 1 90 39 89 24 19 93 28 8 80 65 63 1 63 49 38 59 70 90 82 33 4 39 4 84 11 32 53 99 25 97 8 31 49 97 78 95 63 0 66 88 10 12 22 59 88 95 65 79 88 72 87 83 1 43 35 67 58 93 7 71 3 13 91 5 1 
53 98 29 24 89 49 41 94 72 41 50 69 12 55 78 28 7 88 84 66 10 36 79 2 13 41 85 30 17 20 54 35 47 87 52 45 25 58 64 42 28 57 50 86 69 32 2 38 14 31 88 53 74 4 97 44 60 77 66 0 35 77 9 24 62 28 16 12 86 54 91 48 61 89 30 84 51 70 39 84 75 96 48 6 60 12 
81 3 56 15 94 31 70 46 93 51 51 55 4 5 19 1 22 36 89 53 32 58 55 74 78 6 73 90 67 5 54 72 25 62 95 61 46 63 91 84 56 94 15 95 90 92 65 48 26 88 1 10 64 89 21 84 35 21 88 35 0 36 52 85 74 13 36 17 10 85 59 49 22 48 72 57 52 68 4 93 51 54 88 80 93 40 
42 93 83 64 77 24 6 52 26 5 33 26 55 44 39 27 65 17 83 29 36 32 43 22 8 93 44 78 62 72 54 43 81 40 25 16 15 90 16 45 64 32 18 36 25 97 32 52 39 1 38 25 91 58 7 60 4 56 10 77 36 0 81 83 83 3 31 86 48 66 42 57 42 80 45 95 80 87 34 55 16 28 38 6 65 35 
83 99 32 22 83 67 8 87 98 10 91 84 2 12 12 51 51 88 56 88 89 40 65 1 53 80 9 11 70 2 13 21 38 72 77 93 78 84 86 98 81 29 46 18 58 30 19 24 76 88 67 52 49 17 75 67 65 89 12 9 52 81 0 43 88 45 91 43 45 53 89 58 81 3 65 74 96 50 32 32 42 40 15 3 48 36 
16 11 29 47 12 93 79 16 2 1 21 28 14 30 57 21 91 91 79 39 61 15 69 77 31 83 56 62 51 9 81 91 17 3 41 42 87 17 81 7 92 77 58 18 64 56 67 71 6 36 43 86 45 88 36 79 81 96 22 24 85 83 43 0 51 33 33 42 43 96 17 84 29 32 92 12 39 88 17 57 10 65 84 27 3 39 
65 55 95 4 37 65 38 72 14 91 53 57 60 77 53 27 10 79 71 21 39 94 45 33 27 75 18 17 59 27 97 51 53 60 86 64 33 29 85 88 77 3 78 56 13 30 16 1 93 46 62 92 95 64 37 86 93 2 59 62 74 83 88 51 0 86 31 87 54 32 31 37 16 22 93 48 74 45 5 67 44 19 60 91 30 78 
69 97 75 57 17 13 79 49 39 22 39 93 57 90 84 66 93 88 28 98 12 49 85 41 9 41 61 80 80 41 34 23 69 26 29 8 92 46 28 57 57 61 88 44 19 34 44 24 23 64 19 76 17 87 74 51 58 63 88 28 13 3 45 33 86 0 10 24 91 9 92 15 88 48 73 38 42 90 31 40 6 34 75 20 94 38 
26 83 9 89 31 18 34 29 86 75 66 9 82 33 77 78 68 58 24 52 45 14 74 82 97 26 33 75 15 90 52 3 93 58 41 3 73 83 94 50 27 60 27 53 27 42 40 23 40 9 1 15 60 22 39 23 1 55 95 16 36 31 91 33 31 10 0 90 16 13 98 65 1 70 51 48 19 69 68 67 75 70 56 66 82 51 
99 87 33 81 85 34 28 84 28 22 81 56 9 51 69 19 86 25 54 60 44 20 51 84 85 69 99 77 78 33 56 64 91 33 48 47 39 82 8 48 63 73 32 96 78 66 21 88 74 42 46 82 91 34 72 38 10 11 65 12 17 86 43 42 87 24 90 0 49 5 51 57 79 39 11 95 25 40 59 56 1 39 94 86 96 71 
88 71 9 47 58 11 52 28 39 34 58 77 39 52 26 61 34 56 70 95 8 16 81 31 82 50 84 98 13 71 81 1 8 31 24 76 84 69 15 73 54 41 59 26 26 50 2 60 15 15 83 62 45 95 57 14 91 32 79 86 10 48 45 43 54 91 16 49 0 74 56 16 97 50 56 7 33 30 94 79 20 29 79 42 93 25 
8 67 85 55 36 29 78 44 85 39 53 47 5 43 70 83 72 50 69 65 63 98 51 88 74 83 28 1 12 97 55 93 61 53 29 53 21 68 76 60 93 16 24 90 1 26 1 9 48 63 95 41 86 32 72 16 39 70 88 54 85 66 53 96 32 9 13 5 74 0 90 11 70 16 47 30 45 20 84 75 80 45 99 13 87 78 
27 72 78 80 42 76 31 20 34 38 90 50 71 24 32 60 9 53 24 15 57 42 36 54 40 87 96 31 80 8 13 6 10 92 85 67 25 62 13 94 23 38 38 30 23 86 46 3 72 11 72 13 49 69 68 85 18 96 72 91 59 42 89 17 31 92 98 51 56 90 0 50 32 54 88 93 79 3 70 97 23 43 3 21 57 40 
26 49 51 72 82 6 44 80 2 44 20 12 77 90 60 63 52 25 47 98 97 36 73 34 57 47 53 4 96 39 86 73 35 42 90 26 72 84 62 83 39 8 43 52 15 49 83 19 2 30 71 28 18 39 50 47 14 48 87 48 49 57 58 84 37 15 65 57 16 11 50 0 38 27 22 4 63 29 10 55 2 29 7 45 68 33 
23 55 80 15 3 82 47 71 32 34 95 9 74 44 63 39 34 16 40 53 94 26 16 83 61 14 51 82 35 82 11 53 64 79 38 38 28 70 21 81 21 83 94 68 75 54 30 4 34 31 97 45 52 72 62 39 43 49 83 61 22 42 81 29 16 88 1 79 97 70 32 38 0 30 70 13 91 16 75 93 17 24 16 12 5 72 
10 16 42 78 86 6 10 89 39 96 65 62 6 89 30 24 62 68 67 45 53 52 40 23 26 22 81 65 7 30 82 10 67 58 6 4 38 39 38 99 59 39 90 48 40 49 27 15 71 38 54 1 49 70 83 90 53 11 1 89 48 80 3 32 22 48 70 39 50 16 54 27 30 0 95 25 81 38 64 61 82 50 79 12 1 48 
68 6 65 16 94 43 68 87 29 42 43 75 80 96 67 69 8 74 78 17 25 35 3 4 66 81 92 39 70 4 79 95 69 46 24 26 96 75 63 93 44 48 82 21 76 1 8 80 61 98 1 55 7 54 99 55 10 41 43 30 72 45 65 92 93 73 51 11 56 47 88 22 70 95 0 24 82 91 13 57 82 29 36 81 9 17 
24 18 84 26 37 87 4 12 76 72 48 24 85 29 33 70 60 47 27 65 44 23 36 35 96 82 80 68 86 75 72 98 14 86 69 85 83 64 67 39 20 61 97 72 20 39 53 68 20 40 43 65 77 13 84 28 39 26 35 84 57 95 74 12 48 38 48 95 7 30 93 4 13 25 24 0 7 22 35 48 46 43 26 36 76 27 
28 43 25 54 47 53 68 66 32 70 22 89 60 65 72 62 42 21 25 31 52 34 98 50 28 95 27 31 45 51 85 12 67 26 21 65 17 73 34 11 46 61 27 80 10 8 4 35 16 11 41 17 67 97 86 30 26 73 67 51 52 80 96 39 74 42 19 25 33 45 79 63 91 81 82 7 0 54 88 75 67 78 61 53 50 37 
38 21 21 85 81 58 55 94 52 71 98 90 32 87 61 88 28 67 18 83 11 62 80 89 19 50 38 22 71 92 30 99 92 74 14 1 55 13 58 88 76 49 47 9 72 22 22 82 98 68 40 91 87 47 88 49 58 88 58 70 68 87 50 88 45 90 69 40 30 20 3 29 16 38 91 22 54 0 61 96 48 70 35 62 33 48 
58 49 45 59 28 57 98 16 67 24 2 83 91 59 94 67 52 95 88 11 95 79 16 71 87 52 25 27 73 17 13 41 1 75 57 53 97 35 75 66 38 83 19 24 54 6 84 65 99 55 25 18 36 41 48 16 82 23 93 39 4 34 32 17 5 31 68 59 94 84 70 10 75 64 13 35 88 61 0 19 92 92 74 82 13 42 
84 23 16 86 73 79 64 52 68 87 90 83 8 89 73 20 41 13 2 46 50 8 16 38 2 15 57 96 13 50 64 92 35 7 30 82 53 25 73 96 85 9 25 61 67 16 80 45 54 78 41 60 45 18 1 74 52 50 7 84 93 55 32 57 67 40 67 56 79 75 97 55 93 61 57 48 75 96 19 0 58 71 3 35 81 67 
39 14 31 30 29 88 81 99 33 40 39 6 67 52 28 37 72 26 46 89 19 33 95 34 35 31 41 11 47 43 8 77 71 3 29 47 74 84 6 89 35 86 40 57 28 78 63 43 70 46 93 91 79 94 66 30 70 56 71 75 51 16 42 10 44 6 75 1 20 80 23 2 17 82 82 46 67 48 92 58 0 88 72 15 27 40 
9 98 92 45 3 82 29 87 75 32 13 43 33 23 98 18 46 1 59 79 11 4 67 13 3 11 53 70 83 71 71 88 17 31 92 85 6 35 1 60 88 69 76 10 89 81 70 35 21 74 73 96 99 79 22 52 54 89 3 96 54 28 40 65 19 34 70 39 29 45 43 29 24 50 29 43 78 70 92 71 88 0 91 59 46 83 
33 54 15 38 14 11 38 46 33 38 19 47 47 11 94 22 95 98 22 60 62 68 35 38 18 86 39 34 8 9 83 62 38 78 55 18 67 23 3 74 59 40 40 47 3 64 68 79 36 69 32 38 1 62 22 50 90 4 13 48 88 38 15 84 60 75 56 94 79 99 3 7 16 79 36 26 61 35 74 3 72 91 0 85 53 14 
35 85 20 23 42 73 65 64 98 39 78 22 76 32 69 78 10 99 18 98 40 96 84 80 86 5 20 37 30 32 64 3 18 79 29 55 81 90 5 96 2 64 7 61 72 98 9 45 39 24 5 73 39 36 40 89 70 29 91 6 80 6 3 27 91 20 66 86 42 13 21 45 12 12 81 36 53 62 82 35 15 59 85 0 10 26 
11 11 27 92 37 49 38 43 6 57 78 52 83 10 39 27 89 78 57 43 7 58 94 66 12 8 45 10 61 26 65 23 39 92 64 36 95 41 65 92 41 55 69 66 86 31 73 61 50 82 30 84 19 59 77 65 30 25 5 60 93 65 48 3 30 94 82 96 93 87 57 68 5 1 9 76 50 33 13 81 27 46 53 10 0 48 
24 97 87 55 41 20 94 23 1 88 89 74 45 7 61 33 47 12 34 65 8 97 19 7 94 55 21 1 83 35 45 83 83 97 82 79 51 88 58 35 86 14 40 63 20 33 44 68 82 65 36 82 82 32 61 14 91 21 1 12 40 35 36 39 78 38 51 71 25 78 40 33 72 48 17 27 37 48 42 67 40 83 14 26 48 0 
