90
0 38 13 73 10 76 6 80 65 17 2 77 72 7 26 51 21 19 85 12 29 30 15 51 69 88 88 95 97 87 14 10 8 64 62 23 58 2 1 61 82 9 89 14 48 73 31 72 4 71 22 50 58 4 69 25 44 77 27 53 81 42 83 16 65 69 26 99 88 8 27 26 23 10 68 24 28 38 58 84 39 9 33 35 11 24 16 88 26 72 
38 0 93 75 63 47 33 89 24 56 66 78 4 1 78 7 53 86 71 3 77 92 22 76 8 78 73 76 77 44 21 31 37 8 46 69 58 83 97 14 11 24 82 8 25 75 93 21 33 13 66 95 61 25 83 98 3 93 99 11 55 97 83 87 71 67 72 49 55 16 6 18 43 21 49 23 14 98 54 85 11 97 56 62 57 90 22 97 84 26 
13 93 0 15 14 85 44 7 78 57 60 16 25 10 67 72 54 70 37 22 41 78 92 50 48 78 41 79 46 88 17 29 46 68 67 79 47 1 30 64 76 36 54 94 34 3 85 84 49 55 33 29 56 83 32 29 95 75 9 33 9 85 78 51 80 42 65 84 25 21 45 16 31 92 15 20 27 87 8 54 48 61 35 33 20 68 25 84 95 39 
73 75 15 0 48 6 80 64 88 33 43 75 67 89 99 31 18 69 65 61 79 18 40 36 82 29 23 39 42 75 78 71 26 49 51 63 45 55 1 87 17 20 10 93 52 11 69 24 15 64 22 47 4 57 89 81 47 55 80 72 15 78 16 26 54 85 59 86 30 45 38 23 92 55 77 13 60 27 77 72 88 40 44 77 39 92 70 99 34 44 
10 63 14 48 0 27 57 70 74 53 90 28 44 2 83 95 97 27 85 31 65 23 99 53 4 71 13 40 84 49 62 71 14 37 24 23 67 93 96 54 10 42 58 89 94 77 83 12 37 17 31 85 58 36 42 82 3 86 94 37 47 81 28 73 29 3 14 42 37 41 19 98 39 64 47 90 3 99 29 79 76 59 43 27 22 59 17 93 38 12 
76 47 85 6 27 0 23 7 97 15 88 76 36 64 33 92 50 1 23 98 71 37 19 28 29 53 95 51 47 8 86 17 30 12 62 15 31 9 41 49 31 24 67 93 65 13 18 34 11 29 76 6 82 6 43 87 53 58 57 79 88 82 11 73 49 20 13 26 78 17 5 89 28 51 69 4 59 13 3 77 97 97 62 16 75 13 19 31 60 6 
6 33 44 80 57 23 0 17 96 97 61 44 32 45 25 63 80 22 20 78 34 5 40 68 35 35 43 79 83 39 49 82 6 92 9 41 70 6 8 79 38 79 34 28 52 78 31 44 47 10 68 4 68 55 98 64 81 29 38 65 38 94 19 79 71 93 53 11 33 47 64 94 19 37 30 40 29 55 30 56 91 28 61 13 18 72 92 8 84 57 
80 89 7 64 70 7 17 0 52 33 77 63 52 97 31 23 6 92 96 23 77 23 19 94 30 19 53 32 50 99 84 94 46 52 87 16 72 49 29 84 28 44 20 80 71 89 87 12 66 94 16 52 99 87 46 64 43 23 83 41 45 17 18 89 1 98 83 72 15 37 27 33 2 49 89 23 35 95 22 69 68 49 19 98 12 12 53 77 69 46 
65 24 78 88 74 97 96 52 0 65 90 41 8 8 34 59 8 35 5 6 62 51 77 46 97 22 93 72 93 26 98 2 14 39 86 28 39 85 34 2 32 39 29 76 32 52 67 68 33 75 33 98 6 1 38 73 44 25 17 97 97 42 25 22 28 47 36 63 69 63 33 46 89 43 58 26 33 34 7 66 52 32 8 14 4 29 16 30 67 62 
17 56 57 33 53 15 97 33 65 0 84 97 59 83 35 31 58 97 50 47 84 42 21 41 51 5 10 1 91 22 75 22 34 39 38 44 34 96 42 72 70 71 24 87 40 32 38 39 57 88 29 37 67 11 85 1 17 31 4 79 60 54 70 50 75 47 28 34 73 69 40 33 98 8 34 63 15 78 44 62 86 37 13 54 27 83 13 26 2 42 
2 66 60 43 90 88 61 77 90 84 0 56 56 65 16 93 41 61 71 50 51 33 91 21 53 39 66 81 58 53 90 20 95 65 43 48 22 98 2 90 39 13 19 78 78 89 91 84 40 99 16 38 97 37 99 2 33 31 8 51 51 33 44 42 70 2 98 52 31 83 50 82 83 96 72 22 19 47 45 92 10 5 78 64 24 96 60 65 83 32 
77 78 16 75 28 76 44 63 41 97 56 0 2 85 79 69 55 26 84 28 57 93 9 56 77 47 50 12 9 62 75 24 89 90 83 83 6 43 47 22 52 74 43 14 19 24 46 96 53 34 55 15 58 62 41 73 66 23 3 87 2 73 52 72 88 78 63 49 1 43 40 4 58 44 54 44 75 99 98 76 60 67 75 92 6 27 68 32 12 4 
72 4 25 67 44 36 32 52 8 59 56 2 0 55 2 14 60 57 82 9 39 5 71 77 74 6 80 85 60 32 91 8 67 33 47 76 83 45 65 38 48 74 91 85 16 66 53 70 67 90 29 20 18 6 80 11 30 18 82 47 8 18 87 62 65 8 30 56 29 44 99 56 6 51 93 64 53 35 99 84 78 38 90 55 5 44 12 30 77 90 
7 1 10 89 2 64 45 97 8 83 65 85 55 0 33 51 52 43 24 90 44 89 96 29 65 87 59 89 52 23 11 32 10 7 31 68 19 13 74 75 92 66 86 54 43 7 10 37 88 60 9 54 88 19 22 68 15 21 86 10 43 67 21 17 59 78 43 36 76 29 86 35 45 93 83 9 31 65 78 19 39 12 57 53 84 77 69 26 70 32 
26 78 67 99 83 33 25 31 34 35 16 79 2 33 0 60 63 30 67 33 72 61 94 73 28 98 94 69 39 61 98 10 68 79 64 21 36 56 29 46 93 57 52 5 80 76 32 77 53 39 84 81 75 71 27 58 31 65 39 19 96 42 96 58 49 43 53 23 65 71 62 61 97 28 1 27 51 21 27 66 78 19 61 83 60 63 39 24 69 70 
51 7 72 31 95 92 63 23 59 31 93 69 14 51 60 0 62 88 67 20 37 18 22 78 27 33 9 9 21 69 83 55 86 94 75 90 24 95 91 14 12 43 11 89 25 48 69 44 92 14 7 3 68 94 5 29 36 83 78 47 79 7 92 81 21 24 64 72 7 22 65 51 91 10 93 68 86 34 72 9 52 34 62 8 60 42 28 52 41 72 
21 53 54 18 97 50 80 6 8 58 41 55 60 52 63 62 0 46 95 10 89 47 59 22 55 1 20 20 86 28 98 22 95 19 68 36 96 30 23 57 11 43 73 32 13 83 8 88 9 62 24 35 95 4 56 69 16 25 95 63 27 99 48 88 36 17 88 91 79 88 58 25 56 50 53 25 16 68 74 47 21 67 95 13 26 1 98 99 78 12 
19 86 70 69 27 1 22 92 35 97 61 26 57 43 30 88 46 0 91 25 55 48 78 41 60 96 80 90 32 57 34 39 93 21 15 10 68 82 80 4 48 71 43 6 21 58 60 55 78 25 59 80 37 81 59 52 64 74 84 89 83 56 79 71 28 24 54 70 69 24 47 40 67 78 27 25 18 88 2 46 59 22 18 57 34 44 76 99 3 97 
85 71 37 65 85 23 20 96 5 50 71 84 82 24 67 67 95 91 0 91 84 27 27 53 56 8 63 32 80 93 77 47 88 71 70 56 93 99 88 86 75 16 15 57 88 2 85 76 77 91 19 63 46 66 53 29 88 39 21 98 52 60 95 65 15 98 53 45 17 65 31 83 11 46 89 79 60 98 43 65 6 91 77 56 43 21 89 69 19 93 
12 3 22 61 31 98 78 23 6 47 50 28 9 90 33 20 10 25 91 0 50 84 16 18 62 8 65 56 3 91 5 17 78 69 31 53 85 37 99 60 32 36 33 51 52 6 34 1 10 32 36 89 61 39 12 45 44 8 63 57 97 94 53 25 44 52 11 95 50 19 11 62 40 7 8 80 13 1 4 52 16 68 82 60 67 16 62 65 20 45 
29 77 41 79 65 71 34 77 62 84 51 57 39 44 72 37 89 55 84 50 0 88 62 22 1 64 95 85 2 85 61 77 23 15 25 47 33 81 71 55 25 78 90 36 58 32 40 15 94 49 14 20 16 98 42 36 26 52 35 23 34 62 79 8 33 4 68 96 58 97 47 90 22 93 85 59 65 41 79 79 63 63 48 28 72 43 15 94 52 19 
30 92 78 18 23 37 5 23 51 42 33 93 5 89 61 18 47 48 27 84 88 0 79 11 36 50 94 80 90 5 6 87 30 54 81 73 30 39 79 55 43 65 69 45 85 74 51 81 51 36 73 16 40 3 36 98 80 16 16 95 67 35 84 94 19 75 19 26 18 50 38 21 41 53 24 19 80 52 33 38 31 41 51 74 69 81 16 64 65 92 
15 22 92 40 99 19 40 19 77 21 91 9 71 96 94 22 59 78 27 16 62 79 0 21 55 24 7 25 1 49 81 29 89 2 74 22 1 77 33 41 82 84 31 88 54 34 83 23 4 35 50 89 71 38 34 13 38 80 66 7 80 93 4 33 86 45 30 47 68 67 29 58 85 44 95 94 21 53 32 26 64 53 60 18 23 55 14 31 24 51 
51 76 50 36 53 28 68 94 46 41 21 56 77 29 73 78 22 41 53 18 22 11 21 0 22 72 4 24 13 78 8 53 31 27 9 97 85 82 74 40 57 61 26 66 96 28 19 87 2 35 3 18 86 12 94 54 60 83 12 84 4 84 1 94 86 52 92 33 87 85 82 6 12 70 10 47 75 94 33 39 43 64 24 41 64 64 32 19 41 6 
69 8 48 82 4 29 35 30 97 51 53 77 74 65 28 27 55 60 56 62 1 36 55 22 0 93 80 83 75 41 26 69 50 83 87 47 14 22 81 82 95 50 52 15 31 11 86 5 8 55 60 85 99 42 36 57 14 12 53 67 22 82 95 35 62 92 86 61 93 99 92 75 9 76 82 28 26 87 37 15 4 93 85 73 44 9 56 18 61 33 
88 78 78 29 71 53 35 19 22 5 39 47 6 87 98 33 1 96 8 8 64 50 24 72 93 0 99 84 28 96 53 51 81 92 80 27 38 25 57 41 53 39 20 45 21 64 22 66 69 93 19 69 17 79 60 57 45 36 40 62 33 68 54 63 76 9 35 34 93 26 68 2 99 9 90 28 30 90 78 11 62 17 80 75 77 98 1 31 4 82 
88 73 41 23 13 95 43 53 93 10 66 50 80 59 94 9 20 80 63 65 95 94 7 4 80 99 0 65 39 68 31 22 27 96 11 70 34 37 10 1 56 70 11 4 40 78 38 17 26 47 8 44 1 57 15 56 56 53 79 98 54 61 1 15 61 67 96 40 72 8 17 67 62 70 51 59 80 15 78 13 12 80 96 35 7 70 86 45 71 73 
95 76 79 39 40 51 79 32 72 1 81 12 85 89 69 9 20 90 32 56 85 80 25 24 83 84 65 0 13 47 83 8 30 61 83 74 47 87 85 98 48 89 74 77 88 46 37 88 40 38 7 44 59 2 84 30 49 56 46 9 35 30 1 80 20 5 72 2 9 27 41 90 33 71 97 8 39 82 30 4 75 51 92 17 50 43 71 9 32 26 
97 77 46 42 84 47 83 50 93 91 58 9 60 52 39 21 86 32 80 3 2 90 1 13 75 28 39 13 0 35 55 98 97 71 6 64 95 25 47 21 23 1 70 23 28 26 65 46 39 58 53 53 33 70 80 6 34 65 54 54 54 13 81 97 34 52 56 81 55 13 86 11 82 79 72 85 30 13 64 8 71 83 64 65 45 70 76 89 35 15 
87 44 88 75 49 8 39 99 26 22 53 62 32 23 61 69 28 57 93 91 85 5 49 78 41 96 68 47 35 0 60 89 34 25 4 42 31 23 54 97 92 92 83 98 37 7 39 99 32 63 48 63 35 72 43 21 91 51 23 3 64 1 93 6 73 53 10 95 98 12 99 41 92 77 88 62 3 23 83 94 99 48 30 96 99 81 2 76 2 53 
14 21 17 78 62 86 49 84 98 75 90 75 91 11 98 83 98 34 77 5 61 6 81 8 26 53 31 83 55 60 0 93 65 76 79 63 77 49 37 50 15 74 22 33 72 1 47 25 81 38 17 53 69 93 91 8 61 10 35 64 67 69 14 67 92 1 35 71 17 38 18 39 83 15 38 63 1 34 50 78 32 58 59 74 77 29 77 54 59 32 
10 31 29 71 71 17 82 94 2 22 20 24 8 32 10 55 22 39 47 17 77 87 29 53 69 51 22 8 98 89 93 0 95 14 39 92 88 60 47 63 87 62 40 72 3 60 26 58 33 31 53 92 42 79 58 46 86 26 74 75 7 3 31 78 79 92 97 43 19 84 90 89 57 43 5 12 25 23 7 5 80 29 54 31 22 28 6 36 73 83 
8 37 46 26 14 30 6 46 14 34 95 89 67 10 68 86 95 93 88 78 23 30 89 31 50 81 27 30 97 34 65 95 0 49 52 95 25 77 41 86 29 41 48 24 29 85 90 38 6 24 69 21 14 57 30 29 92 55 29 64 82 61 70 84 73 80 49 53 93 93 97 58 95 40 91 79 62 58 6 77 26 80 94 38 45 61 16 93 42 64 
64 8 68 49 37 12 92 52 39 39 65 90 33 7 79 94 19 21 71 69 15 54 2 27 83 92 96 61 71 25 76 14 49 0 8 3 47 76 53 67 26 38 4 26 85 65 1 53 82 47 85 18 55 36 79 61 51 47 24 66 1 33 13 91 76 26 56 70 6 15 88 3 92 65 99 88 59 25 46 15 78 87 33 92 73 39 84 21 25 72 
62 46 67 51 24 62 9 87 86 38 43 83 47 31 64 75 68 15 70 31 25 81 74 9 87 80 11 83 6 4 79 39 52 8 0 28 38 96 83 17 55 97 53 74 6 67 81 95 51 3 90 33 8 90 86 37 67 74 12 36 43 40 53 94 85 21 74 8 53 70 58 63 90 84 17 29 46 83 82 69 68 62 84 70 39 75 64 73 13 35 
23 69 79 63 23 15 41 16 28 44 48 83 76 68 21 90 36 10 56 53 47 73 22 97 47 27 70 74 64 42 63 92 95 3 28 0 25 84 35 23 90 41 88 76 78 39 76 22 16 56 69 83 69 12 37 58 28 80 2 13 2 9 90 64 91 16 86 81 85 28 94 8 15 76 13 62 21 38 63 67 34 58 75 73 6 1 3 5 65 58 
58 58 47 45 67 31 70 72 39 34 22 6 83 19 36 24 96 68 93 85 33 30 1 85 14 38 34 47 95 31 77 88 25 47 38 25 0 36 31 5 76 81 15 3 53 55 16 97 89 1 60 63 2 92 68 82 42 84 45 98 7 88 57 50 48 73 60 94 83 81 99 93 39 11 88 66 96 89 60 74 96 92 35 51 52 83 83 52 92 25 
2 83 1 55 93 9 6 49 85 96 98 43 45 13 56 95 30 82 99 37 81 39 77 82 22 25 37 87 25 23 49 60 77 76 96 84 36 0 56 69 66 38 58 98 88 45 58 42 33 28 56 64 81 92 77 57 27 63 54 93 23 39 21 59 44 20 46 76 38 85 35 88 59 2 41 86 38 59 8 25 25 84 42 95 28 33 15 26 14 79 
1 97 30 1 96 41 8 29 34 42 2 47 65 74 29 91 23 80 88 99 71 79 33 74 81 57 10 85 47 54 37 47 41 53 83 35 31 56 0 37 25 4 57 94 32 29 77 3 61 60 73 41 16 38 8 83 39 48 61 61 49 83 9 86 69 40 64 55 14 62 41 74 75 69 25 26 34 19 79 47 79 8 78 9 39 50 15 18 46 58 
61 14 64 87 54 49 79 84 2 72 90 22 38 75 46 14 57 4 86 60 55 55 41 40 82 41 1 98 21 97 50 63 86 67 17 23 5 69 37 0 78 88 27 32 59 24 38 43 94 90 82 97 27 47 19 25 40 76 40 7 69 40 47 22 68 74 25 72 33 13 87 66 8 3 97 21 4 86 95 36 18 18 56 44 53 96 26 90 30 52 
82 11 76 17 10 31 38 28 32 70 39 52 48 92 93 12 11 48 75 32 25 43 82 57 95 53 56 48 23 92 15 87 29 26 55 90 76 66 25 78 0 68 48 21 72 80 9 24 61 57 10 47 61 66 63 22 14 23 28 26 18 33 94 15 86 53 26 61 84 69 90 25 58 64 13 19 27 78 26 1 23 15 75 40 76 20 10 72 54 67 
9 24 36 20 42 24 79 44 39 71 13 74 74 66 57 43 43 71 16 36 78 65 84 61 50 39 70 89 1 92 74 62 41 38 97 41 81 38 4 88 68 0 28 89 3 72 86 20 15 14 98 83 23 62 82 12 29 45 3 4 11 32 92 97 30 56 30 34 42 66 50 26 86 49 54 49 1 39 8 22 6 16 78 81 64 98 31 33 73 45 
89 82 54 10 58 67 34 20 29 24 19 43 91 86 52 11 73 43 15 33 90 69 31 26 52 20 11 74 70 83 22 40 48 4 53 88 15 58 57 27 48 28 0 41 68 25 79 68 51 49 36 53 32 2 65 32 19 67 16 44 40 21 2 1 46 83 30 27 8 53 4 22 84 80 63 70 68 9 73 44 96 90 77 73 59 69 59 82 64 93 
14 8 94 93 89 93 28 80 76 87 78 14 85 54 5 89 32 6 57 51 36 45 88 66 15 45 4 77 23 98 33 72 24 26 74 76 3 98 94 32 21 89 41 0 53 38 48 52 24 71 1 24 23 88 60 9 3 19 4 15 80 68 35 82 65 45 43 35 79 45 61 68 43 23 42 69 42 40 81 43 68 99 14 26 39 76 6 93 23 40 
48 25 34 52 94 65 52 71 32 40 78 19 16 43 80 25 13 21 88 52 58 85 54 96 31 21 40 88 28 37 72 3 29 85 6 78 53 88 32 59 72 3 68 53 0 74 15 48 72 2 34 71 61 20 16 98 99 54 70 21 36 39 50 82 59 13 76 54 25 96 23 34 25 31 88 1 88 36 46 64 9 42 15 63 11 30 31 38 98 40 
73 75 3 11 77 13 78 89 52 32 89 24 66 7 76 48 83 58 2 6 32 74 34 28 11 64 78 46 26 7 1 60 85 65 67 39 55 45 29 24 80 72 25 38 74 0 11 68 55 78 46 74 69 24 82 65 82 82 33 94 15 31 39 97 88 1 38 67 43 62 19 1 46 83 95 72 71 97 54 1 43 41 40 25 41 93 73 32 5 30 
31 93 85 69 83 18 31 87 67 38 91 46 53 10 32 69 8 60 85 34 40 51 83 19 86 22 38 37 65 39 47 26 90 1 81 76 16 58 77 38 9 86 79 48 15 11 0 36 36 49 31 48 1 80 8 53 10 25 52 86 92 76 15 82 62 41 13 28 45 1 55 65 17 91 18 60 91 96 38 73 84 82 40 44 71 91 24 31 74 64 
72 21 84 24 12 34 44 12 68 39 84 96 70 37 77 44 88 55 76 1 15 81 23 87 5 66 17 88 46 99 25 58 38 53 95 22 97 42 3 43 24 20 68 52 48 68 36 0 91 49 45 95 17 60 91 45 86 49 18 52 49 7 77 67 87 36 45 79 99 1 39 19 82 37 49 4 52 49 4 89 58 17 88 64 87 22 34 95 32 69 
4 33 49 15 37 11 47 66 33 57 40 53 67 88 53 92 9 78 77 10 94 51 4 2 8 69 26 40 39 32 81 33 6 82 51 16 89 33 61 94 61 15 51 24 72 55 36 91 0 39 72 70 54 13 97 47 41 18 94 79 62 36 59 32 31 49 31 97 97 21 7 75 36 37 74 39 72 57 72 68 50 62 83 99 84 86 88 48 1 66 
71 13 55 64 17 29 10 94 75 88 99 34 90 60 39 14 62 25 91 32 49 36 35 35 55 93 47 38 58 63 38 31 24 47 3 56 1 28 60 90 57 14 49 71 2 78 49 49 39 0 22 22 40 77 61 3 41 78 44 84 60 67 79 86 51 23 38 14 16 85 47 39 90 55 28 30 49 16 74 30 52 50 89 65 14 53 95 60 35 4 
22 66 33 22 31 76 68 16 33 29 16 55 29 9 84 7 24 59 19 36 14 73 50 3 60 19 8 7 53 48 17 53 69 85 90 69 60 56 73 82 10 98 36 1 34 46 31 45 72 22 0 65 81 93 58 1 10 91 39 18 14 43 53 10 39 26 58 82 52 70 54 90 70 30 91 63 77 21 56 89 96 2 63 55 11 32 70 96 48 49 
50 95 29 47 85 6 4 52 98 37 38 15 20 54 81 3 35 80 63 89 20 16 89 18 85 69 44 44 53 63 53 92 21 18 33 83 63 64 41 97 47 83 53 24 71 74 48 95 70 22 65 0 11 41 26 73 88 23 50 56 89 4 29 25 21 66 88 10 12 22 59 88 95 65 79 88 72 87 83 1 43 35 67 58 93 7 71 3 13 91 
58 61 56 4 58 82 68 99 6 67 97 58 18 88 75 68 95 37 46 61 16 40 71 86 99 17 1 59 33 35 69 42 14 55 8 69 2 81 16 27 61 23 32 23 61 69 1 17 54 40 81 11 0 5 1 35 77 9 24 62 28 16 12 86 54 91 48 61 89 30 84 51 70 39 84 75 96 48 6 60 12 36 52 85 74 13 36 17 10 85 
4 25 83 57 36 6 55 87 1 11 37 62 6 19 71 94 4 81 66 39 98 3 38 12 42 79 57 2 70 72 93 79 57 36 90 12 92 92 38 47 66 62 2 88 20 24 80 60 13 77 93 41 5 0 59 49 22 48 72 57 52 68 4 93 51 54 88 80 93 40 81 83 83 3 31 86 48 66 42 57 42 80 45 95 80 87 34 55 16 28 
69 83 32 89 42 43 98 46 38 85 99 41 80 22 27 5 56 59 53 12 42 36 34 94 36 60 15 84 80 43 91 58 30 79 86 37 68 77 8 19 63 82 65 60 16 82 8 91 97 61 58 26 1 59 0 38 6 65 35 43 88 45 91 43 45 53 89 58 81 3 65 74 96 50 32 32 42 40 15 3 48 36 51 33 33 42 43 96 17 84 
25 98 29 81 82 87 64 64 73 1 2 73 11 68 58 29 69 52 29 45 36 98 13 54 57 57 56 30 6 21 8 46 29 61 37 58 82 57 83 25 22 12 32 9 98 65 53 45 47 3 1 73 35 49 38 0 29 32 92 12 39 88 17 57 10 65 84 27 3 39 86 31 87 54 32 31 37 16 22 93 48 74 45 5 67 44 19 60 91 30 
44 3 95 47 3 53 81 43 44 17 33 66 30 15 31 36 16 64 88 44 26 80 38 60 14 45 56 49 34 91 61 86 92 51 67 28 42 27 39 40 14 29 19 3 99 82 10 86 41 41 10 88 77 22 6 29 0 78 10 24 91 9 92 15 88 48 73 38 42 90 31 40 6 34 75 20 94 38 90 16 13 98 65 1 70 51 48 19 69 68 
77 93 75 55 86 58 29 23 25 31 31 23 18 21 65 83 25 74 39 8 52 16 80 83 12 36 53 56 65 51 10 26 55 47 74 80 84 63 48 76 23 45 67 19 54 82 25 49 18 78 91 23 9 48 65 32 78 0 67 75 70 56 66 82 51 49 5 51 57 79 39 11 95 25 40 59 56 1 39 94 86 96 71 74 56 16 97 50 56 7 
27 99 9 80 94 57 38 83 17 4 8 3 82 86 39 78 95 84 21 63 35 16 66 12 53 40 79 46 54 23 35 74 29 24 12 2 45 54 61 40 28 3 16 4 70 33 52 18 94 44 39 50 24 72 35 92 10 67 0 33 30 94 79 20 29 79 42 93 25 90 11 70 16 47 30 45 20 84 75 80 45 99 13 87 78 50 32 54 88 93 
53 11 33 72 37 79 65 41 97 79 51 87 47 10 19 47 63 89 98 57 23 95 7 84 67 62 98 9 54 3 64 75 64 66 36 13 98 93 61 7 26 4 44 15 21 94 86 52 79 84 18 56 62 57 43 12 24 75 33 0 79 3 70 97 23 43 3 21 57 40 38 27 22 4 63 29 10 55 2 29 7 45 68 33 30 70 13 91 16 75 
81 55 9 15 47 88 38 45 97 60 51 2 8 43 96 79 27 83 52 97 34 67 80 4 22 33 54 35 54 64 67 7 82 1 43 2 7 23 49 69 18 11 40 80 36 15 92 49 62 60 14 89 28 52 88 39 91 70 30 79 0 93 17 24 16 12 5 72 95 25 81 38 64 61 82 50 79 12 1 48 24 82 91 13 57 82 29 36 81 9 
42 97 85 78 81 82 94 17 42 54 33 73 18 67 42 7 99 56 60 94 62 35 93 84 82 68 61 30 13 1 69 3 61 33 40 9 88 39 83 40 33 32 21 68 39 31 76 7 36 67 43 4 16 68 45 88 9 56 94 3 93 0 17 7 22 35 48 46 43 26 36 76 27 54 88 75 67 78 61 53 50 37 61 96 48 70 35 62 33 48 
83 83 78 16 28 11 19 18 25 70 44 52 87 21 96 92 48 79 95 53 79 84 4 1 95 54 1 1 81 93 14 31 70 13 53 90 57 21 9 47 94 92 2 35 50 39 15 77 59 79 53 29 12 4 91 17 92 66 79 70 17 17 0 19 92 92 74 82 13 42 58 71 3 35 81 67 88 72 15 27 40 91 59 46 83 85 53 14 10 26 
16 87 51 26 73 73 79 89 22 50 42 72 62 17 58 81 88 71 65 25 8 94 33 94 35 63 15 80 97 6 67 78 84 91 94 64 50 59 86 22 15 97 1 82 82 97 82 67 32 86 10 25 86 93 43 57 15 82 20 97 24 7 19 0 48 65 89 40 86 22 46 45 89 84 69 68 71 36 35 25 62 88 74 21 77 73 59 56 16 83 
65 71 80 54 29 49 71 1 28 75 70 88 65 59 49 21 36 28 15 44 33 19 86 86 62 76 61 20 34 73 92 79 73 76 85 91 48 44 69 68 86 30 46 65 59 88 62 87 31 51 39 21 54 51 45 10 88 51 29 23 16 22 92 48 0 42 64 28 97 83 90 72 74 97 61 90 80 89 23 35 56 8 38 99 1 76 74 64 58 65 
69 67 42 85 3 20 93 98 47 47 2 78 8 78 43 24 17 24 98 52 4 75 45 52 92 9 67 5 52 53 1 92 80 26 21 16 73 20 40 74 53 56 83 45 13 1 41 36 49 23 26 66 91 54 53 65 48 49 79 43 12 35 92 65 42 0 40 15 23 27 16 82 77 93 27 50 89 33 26 99 53 61 78 6 47 65 11 98 2 57 
26 72 65 59 14 13 53 83 36 28 98 63 30 43 53 64 88 54 53 11 68 19 30 92 86 35 96 72 56 10 35 97 49 56 74 86 60 46 64 25 26 30 30 43 76 38 13 45 31 38 58 88 48 88 89 84 73 5 42 3 5 48 74 89 64 40 0 73 92 57 22 87 38 73 75 93 15 15 50 89 46 87 31 84 78 72 59 63 43 19 
99 49 84 86 42 26 11 72 63 34 52 49 56 36 23 72 91 70 45 95 96 26 47 33 61 34 40 2 81 95 71 43 53 70 8 81 94 76 55 72 61 34 27 35 54 67 28 79 97 14 82 10 61 80 58 27 38 51 93 21 72 46 82 40 28 15 73 0 59 76 13 29 46 50 95 23 77 57 90 39 87 12 20 89 51 75 92 91 41 60 
88 55 25 30 37 78 33 15 69 73 31 1 29 76 65 7 79 69 17 50 58 18 68 87 93 93 72 9 55 98 17 19 93 6 53 85 83 38 14 33 84 42 8 79 25 43 45 99 97 16 52 12 89 93 81 3 42 57 25 57 95 43 13 86 97 23 92 59 0 3 9 76 72 30 96 11 73 64 14 36 62 28 6 49 37 83 68 7 39 19 
8 16 21 45 41 17 47 37 63 69 83 43 44 29 71 22 88 24 65 19 97 50 67 85 99 26 8 27 13 12 38 84 93 15 70 28 81 85 62 13 69 66 53 45 96 62 1 1 21 85 70 22 30 40 3 39 90 79 90 40 25 26 42 22 83 27 57 76 3 0 72 54 16 53 47 98 75 54 4 25 44 26 27 2 7 19 35 32 97 81 
27 6 45 38 19 5 64 27 33 40 50 40 99 86 62 65 58 47 31 11 47 38 29 82 92 68 17 41 86 99 18 90 97 88 58 94 99 35 41 87 90 50 4 61 23 19 55 39 7 47 54 59 84 81 65 86 31 39 11 38 81 36 58 46 90 16 22 13 9 72 0 99 44 52 37 83 9 3 20 63 95 76 26 36 80 63 77 77 75 71 
26 18 16 23 98 89 94 33 46 33 82 4 56 35 61 51 25 40 83 62 90 21 58 6 75 2 67 90 11 41 39 89 58 3 63 8 93 88 74 66 25 26 22 68 34 1 65 19 75 39 90 88 51 83 74 31 40 11 70 27 38 76 71 45 72 82 87 29 76 54 99 0 48 79 32 34 44 10 57 87 47 38 37 11 51 78 20 46 35 36 
23 43 31 92 39 28 19 2 89 98 83 58 6 45 97 91 56 67 11 40 22 41 85 12 9 99 62 33 82 92 83 57 95 92 90 15 39 59 75 8 58 86 84 43 25 46 17 82 36 90 70 95 70 83 96 87 6 95 16 22 64 27 3 89 74 77 38 46 72 16 44 48 0 8 72 2 4 47 62 7 4 9 37 85 49 82 15 16 49 44 
10 21 92 55 64 51 37 49 43 8 96 44 51 93 28 10 50 78 46 7 93 53 44 70 76 9 70 71 79 77 15 43 40 65 84 76 11 2 69 3 64 49 80 23 31 83 91 37 37 55 30 65 39 3 50 54 34 25 47 4 61 54 35 84 97 93 73 50 30 53 52 79 8 0 44 58 86 68 47 51 3 1 82 59 19 46 66 28 97 84 
68 49 15 77 47 69 30 89 58 34 72 54 93 83 1 93 53 27 89 8 85 24 95 10 82 90 51 97 72 88 38 5 91 99 17 13 88 41 25 97 13 54 63 42 88 95 18 49 74 28 91 79 84 31 32 32 75 40 30 63 82 88 81 69 61 27 75 95 96 47 37 32 72 44 0 59 21 97 44 85 12 99 91 47 38 89 41 7 45 31 
24 23 20 13 90 4 40 23 26 63 22 44 64 9 27 68 25 25 79 80 59 19 94 47 28 28 59 8 85 62 63 12 79 88 29 62 66 86 26 21 19 49 70 69 1 72 60 4 39 30 63 88 75 86 32 31 20 59 45 29 50 75 67 68 90 50 93 23 11 98 83 34 2 58 59 0 59 34 66 22 90 58 1 78 68 16 71 4 48 43 
28 14 27 60 3 59 29 35 33 15 19 75 53 31 51 86 16 18 60 13 65 80 21 75 26 30 80 39 30 3 1 25 62 59 46 21 96 38 34 4 27 1 68 42 88 71 91 52 72 49 77 72 96 48 42 37 94 56 20 10 79 67 88 71 80 89 15 77 73 75 9 44 4 86 21 59 0 2 82 48 17 69 22 62 30 45 97 67 35 89 
38 98 87 27 99 13 55 95 34 78 47 99 35 65 21 34 68 88 98 1 41 52 53 94 87 90 15 82 13 23 34 23 58 25 83 38 89 59 19 86 78 39 9 40 36 97 96 49 57 16 21 87 48 66 40 16 38 1 84 55 12 78 72 36 89 33 15 57 64 54 3 10 47 68 97 34 2 0 87 78 98 39 11 22 17 79 8 54 54 68 
58 54 8 77 29 3 30 22 7 44 45 98 99 78 27 72 74 2 43 4 79 33 32 33 37 78 78 30 64 83 50 7 6 46 82 63 60 8 79 95 26 8 73 81 46 54 38 4 72 74 56 83 6 42 15 22 90 39 75 2 1 61 15 35 23 26 50 90 14 4 20 57 62 47 44 66 82 87 0 78 13 87 86 29 14 62 7 58 46 62 
84 85 54 72 79 77 56 69 66 62 92 76 84 19 66 9 47 46 65 52 79 38 26 39 15 11 13 4 8 94 78 5 77 15 69 67 74 25 47 36 1 22 44 43 64 1 73 89 68 30 89 1 60 57 3 93 16 94 80 29 48 53 27 25 35 99 89 39 36 25 63 87 7 51 85 22 48 78 78 0 52 94 7 58 41 8 5 93 8 19 
39 11 48 88 76 97 91 68 52 86 10 60 78 39 78 52 21 59 6 16 63 31 64 43 4 62 12 75 71 99 32 80 26 78 68 34 96 25 79 18 23 6 96 68 9 43 84 58 50 52 96 43 12 42 48 48 13 86 45 7 24 50 40 62 56 53 46 87 62 44 95 47 4 3 12 90 17 98 13 52 0 52 73 3 83 47 19 87 30 36 
9 97 61 40 59 97 28 49 32 37 5 67 38 12 19 34 67 22 91 68 63 41 53 64 93 17 80 51 83 48 58 29 80 87 62 58 92 84 8 18 15 16 90 99 42 41 82 17 62 50 2 35 36 80 36 74 98 96 99 45 82 37 91 88 8 61 87 12 28 26 76 38 9 1 99 58 69 39 87 94 52 0 12 53 77 38 79 70 25 70 
33 56 35 44 43 62 61 19 8 13 78 75 90 57 61 62 95 18 77 82 48 51 60 24 85 80 96 92 64 30 59 54 94 33 84 75 35 42 78 56 75 78 77 14 15 40 40 88 83 89 63 67 52 45 51 45 65 71 13 68 91 61 59 74 38 78 31 20 6 27 26 37 37 82 91 1 22 11 86 7 73 12 0 30 78 25 43 11 66 86 
35 62 33 77 27 16 13 98 14 54 64 92 55 53 83 8 13 57 56 60 28 74 18 41 73 75 35 17 65 96 74 31 38 92 70 73 51 95 9 44 40 81 73 26 63 25 44 64 99 65 55 58 85 95 33 5 1 74 87 33 13 96 46 21 99 6 84 89 49 2 36 11 85 59 47 78 62 22 29 58 3 53 30 0 54 21 14 27 7 32 
11 57 20 39 22 75 18 12 4 27 24 6 5 84 60 60 26 34 43 67 72 69 23 64 44 77 7 50 45 99 77 22 45 73 39 6 52 28 39 53 76 64 59 39 11 41 71 87 84 14 11 93 74 80 33 67 70 56 78 30 57 48 83 77 1 47 78 51 37 7 80 51 49 19 38 68 30 17 14 41 83 77 78 54 0 84 50 66 55 1 
24 90 68 92 59 13 72 12 29 83 96 27 44 77 63 42 1 44 21 16 43 81 55 64 9 98 70 43 70 81 29 28 61 39 75 1 83 33 50 96 20 98 69 76 30 93 91 22 86 53 32 7 13 87 42 44 51 16 50 70 82 70 85 73 76 65 72 75 83 19 63 78 82 46 89 16 45 79 62 8 47 38 25 21 84 0 51 82 38 77 
16 22 25 70 17 19 92 53 16 13 60 68 12 69 39 28 98 76 89 62 15 16 14 32 56 1 86 71 76 2 77 6 16 84 64 3 83 15 15 26 10 31 59 6 31 73 24 34 88 95 70 71 36 34 43 19 48 97 32 13 29 35 53 59 74 11 59 92 68 35 77 20 15 66 41 71 97 8 7 5 19 79 43 14 50 51 0 71 21 55 
88 97 84 99 93 31 8 77 30 26 65 32 30 26 24 52 99 99 69 65 94 64 31 19 18 31 45 9 89 76 54 36 93 21 73 5 52 26 18 90 72 33 82 93 38 32 31 95 48 60 96 3 17 55 96 60 19 50 54 91 36 62 14 56 64 98 63 91 7 32 77 46 16 28 7 4 67 54 58 93 87 70 11 27 66 82 71 0 16 46 
26 84 95 34 38 60 84 69 67 2 83 12 77 70 69 41 78 3 19 20 52 65 24 41 61 4 71 32 35 2 59 73 42 25 13 65 92 14 46 30 54 73 64 23 98 5 74 32 1 35 48 13 10 16 17 91 69 56 88 16 81 33 10 16 58 2 43 41 39 97 75 35 49 97 45 48 35 54 46 8 30 25 66 7 55 38 21 16 0 30 
72 26 39 44 12 6 57 46 62 42 32 4 90 32 70 72 12 97 93 45 19 92 51 6 33 82 73 26 15 53 32 83 64 72 35 58 25 79 58 52 67 45 93 40 40 30 64 69 66 4 49 91 85 28 84 30 68 7 93 75 9 48 26 83 65 57 19 60 19 81 71 36 44 84 31 43 89 68 62 19 36 70 86 32 1 77 55 46 30 0 
