92
0 38 13 73 10 76 6 80 65 17 2 77 72 7 26 51 21 19 85 12 29 30 15 51 69 88 88 95 97 87 14 10 8 64 62 23 58 2 1 61 82 9 89 14 48 73 31 72 4 71 22 50 58 4 69 25 44 77 27 53 81 42 83 16 65 69 26 99 88 8 27 26 23 10 68 24 28 38 58 84 39 9 33 35 11 24 16 88 26 72 93 75 
38 0 63 47 33 89 24 56 66 78 4 1 78 7 53 86 71 3 77 92 22 76 8 78 73 76 77 44 21 31 37 8 46 69 58 83 97 14 11 24 82 8 25 75 93 21 33 13 66 95 61 25 83 98 3 93 99 11 55 97 83 87 71 67 72 49 55 16 6 18 43 21 49 23 14 98 54 85 11 97 56 62 57 90 22 97 84 26 15 14 85 44 
13 63 0 7 78 57 60 16 25 10 67 72 54 70 37 22 41 78 92 50 48 78 41 79 46 88 17 29 46 68 67 79 47 1 30 64 76 36 54 94 34 3 85 84 49 55 33 29 56 83 32 29 95 75 9 33 9 85 78 51 80 42 65 84 25 21 45 16 31 92 15 20 27 87 8 54 48 61 35 33 20 68 25 84 95 39 48 6 80 64 88 33 
73 47 7 0 43 75 67 89 99 31 18 69 65 61 79 18 40 36 82 29 23 39 42 75 78 71 26 49 51 63 45 55 1 87 17 20 10 93 52 11 69 24 15 64 22 47 4 57 89 81 47 55 80 72 15 78 16 26 54 85 59 86 30 45 38 23 92 55 77 13 60 27 77 72 88 40 44 77 39 92 70 99 34 44 27 57 70 74 53 90 28 44 
10 33 78 43 0 2 83 95 97 27 85 31 65 23 99 53 4 71 13 40 84 49 62 71 14 37 24 23 67 93 96 54 10 42 58 89 94 77 83 12 37 17 31 85 58 36 42 82 3 86 94 37 47 81 28 73 29 3 14 42 37 41 19 98 39 64 47 90 3 99 29 79 76 59 43 27 22 59 17 93 38 12 23 7 97 15 88 76 36 64 33 92 
76 89 57 75 2 0 50 1 23 98 71 37 19 28 29 53 95 51 47 8 86 17 30 12 62 15 31 9 41 49 31 24 67 93 65 13 18 34 11 29 76 6 82 6 43 87 53 58 57 79 88 82 11 73 49 20 13 26 78 17 5 89 28 51 69 4 59 13 3 77 97 97 62 16 75 13 19 31 60 6 17 96 97 61 44 32 45 25 63 80 22 20 
6 24 60 67 83 50 0 78 34 5 40 68 35 35 43 79 83 39 49 82 6 92 9 41 70 6 8 79 38 79 34 28 52 78 31 44 47 10 68 4 68 55 98 64 81 29 38 65 38 94 19 79 71 93 53 11 33 47 64 94 19 37 30 40 29 55 30 56 91 28 61 13 18 72 92 8 84 57 52 33 77 63 52 97 31 23 6 92 96 23 77 23 
80 56 16 89 95 1 78 0 19 94 30 19 53 32 50 99 84 94 46 52 87 16 72 49 29 84 28 44 20 80 71 89 87 12 66 94 16 52 99 87 46 64 43 23 83 41 45 17 18 89 1 98 83 72 15 37 27 33 2 49 89 23 35 95 22 69 68 49 19 98 12 12 53 77 69 46 65 90 41 8 8 34 59 8 35 5 6 62 51 77 46 97 
65 66 25 99 97 23 34 19 0 22 93 72 93 26 98 2 14 39 86 28 39 85 34 2 32 39 29 76 32 52 67 68 33 75 33 98 6 1 38 73 44 25 17 97 97 42 25 22 28 47 36 63 69 63 33 46 89 43 58 26 33 34 7 66 52 32 8 14 4 29 16 30 67 62 84 97 59 83 35 31 58 97 50 47 84 42 21 41 51 5 10 1 
17 78 10 31 27 98 5 94 22 0 91 22 75 22 34 39 38 44 34 96 42 72 70 71 24 87 40 32 38 39 57 88 29 37 67 11 85 1 17 31 4 79 60 54 70 50 75 47 28 34 73 69 40 33 98 8 34 63 15 78 44 62 86 37 13 54 27 83 13 26 2 42 56 56 65 16 93 41 61 71 50 51 33 91 21 53 39 66 81 58 53 90 
2 4 67 18 85 71 40 30 93 91 0 20 95 65 43 48 22 98 2 90 39 13 19 78 78 89 91 84 40 99 16 38 97 37 99 2 33 31 8 51 51 33 44 42 70 2 98 52 31 83 50 82 83 96 72 22 19 47 45 92 10 5 78 64 24 96 60 65 83 32 2 85 79 69 55 26 84 28 57 93 9 56 77 47 50 12 9 62 75 24 89 90 
77 1 72 69 31 37 68 19 72 22 20 0 83 83 6 43 47 22 52 74 43 14 19 24 46 96 53 34 55 15 58 62 41 73 66 23 3 87 2 73 52 72 88 78 63 49 1 43 40 4 58 44 54 44 75 99 98 76 60 67 75 92 6 27 68 32 12 4 55 2 14 60 57 82 9 39 5 71 77 74 6 80 85 60 32 91 8 67 33 47 76 83 
72 78 54 65 65 19 35 53 93 75 95 83 0 45 65 38 48 74 91 85 16 66 53 70 67 90 29 20 18 6 80 11 30 18 82 47 8 18 87 62 65 8 30 56 29 44 99 56 6 51 93 64 53 35 99 84 78 38 90 55 5 44 12 30 77 90 33 51 52 43 24 90 44 89 96 29 65 87 59 89 52 23 11 32 10 7 31 68 19 13 74 75 
7 7 70 61 23 28 35 32 26 22 65 83 45 0 92 66 86 54 43 7 10 37 88 60 9 54 88 19 22 68 15 21 86 10 43 67 21 17 59 78 43 36 76 29 86 35 45 93 83 9 31 65 78 19 39 12 57 53 84 77 69 26 70 32 60 63 30 67 33 72 61 94 73 28 98 94 69 39 61 98 10 68 79 64 21 36 56 29 46 93 57 52 
26 53 37 79 99 29 43 50 98 34 43 6 65 92 0 5 80 76 32 77 53 39 84 81 75 71 27 58 31 65 39 19 96 42 96 58 49 43 53 23 65 71 62 61 97 28 1 27 51 21 27 66 78 19 61 83 60 63 39 24 69 70 62 88 67 20 37 18 22 78 27 33 9 9 21 69 83 55 86 94 75 90 24 95 91 14 12 43 11 89 25 48 
51 86 22 18 53 53 79 99 2 39 48 43 38 66 5 0 69 44 92 14 7 3 68 94 5 29 36 83 78 47 79 7 92 81 21 24 64 72 7 22 65 51 91 10 93 68 86 34 72 9 52 34 62 8 60 42 28 52 41 72 46 95 10 89 47 59 22 55 1 20 20 86 28 98 22 95 19 68 36 96 30 23 57 11 43 73 32 13 83 8 88 9 
21 71 41 40 4 95 83 84 14 38 22 47 48 86 80 69 0 62 24 35 95 4 56 69 16 25 95 63 27 99 48 88 36 17 88 91 79 88 58 25 56 50 53 25 16 68 74 47 21 67 95 13 26 1 98 99 78 12 91 25 55 48 78 41 60 96 80 90 32 57 34 39 93 21 15 10 68 82 80 4 48 71 43 6 21 58 60 55 78 25 59 80 
19 3 78 36 71 51 39 94 39 44 98 22 74 54 76 44 62 0 37 81 59 52 64 74 84 89 83 56 79 71 28 24 54 70 69 24 47 40 67 78 27 25 18 88 2 46 59 22 18 57 34 44 76 99 3 97 91 84 27 27 53 56 8 63 32 80 93 77 47 88 71 70 56 93 99 88 86 75 16 15 57 88 2 85 76 77 91 19 63 46 66 53 
85 77 92 82 13 47 49 46 86 34 2 52 91 43 32 92 24 37 0 29 88 39 21 98 52 60 95 65 15 98 53 45 17 65 31 83 11 46 89 79 60 98 43 65 6 91 77 56 43 21 89 69 19 93 50 84 16 18 62 8 65 56 3 91 5 17 78 69 31 53 85 37 99 60 32 36 33 51 52 6 34 1 10 32 36 89 61 39 12 45 44 8 
12 92 50 29 40 8 82 52 28 96 90 74 85 7 77 14 35 81 29 0 63 57 97 94 53 25 44 52 11 95 50 19 11 62 40 7 8 80 13 1 4 52 16 68 82 60 67 16 62 65 20 45 88 62 22 1 64 95 85 2 85 61 77 23 15 25 47 33 81 71 55 25 78 90 36 58 32 40 15 94 49 14 20 16 98 42 36 26 52 35 23 34 
29 22 48 23 84 86 6 87 39 42 39 43 16 10 53 7 95 59 88 63 0 62 79 8 33 4 68 96 58 97 47 90 22 93 85 59 65 41 79 79 63 63 48 28 72 43 15 94 52 19 79 11 36 50 94 80 90 5 6 87 30 54 81 73 30 39 79 55 43 65 69 45 85 74 51 81 51 36 73 16 40 3 36 98 80 16 16 95 67 35 84 94 
30 76 78 39 49 17 92 16 85 72 13 14 66 37 39 3 4 52 39 57 62 0 19 75 19 26 18 50 38 21 41 53 24 19 80 52 33 38 31 41 51 74 69 81 16 64 65 92 21 55 24 7 25 1 49 81 29 89 2 74 22 1 77 33 41 82 84 31 88 54 34 83 23 4 35 50 89 71 38 34 13 38 80 66 7 80 93 4 33 86 45 30 
15 8 41 42 62 30 9 72 34 70 19 19 53 88 84 68 56 64 21 97 79 19 0 47 68 67 29 58 85 44 95 94 21 53 32 26 64 53 60 18 23 55 14 31 24 51 22 72 4 24 13 78 8 53 31 27 9 97 85 82 74 40 57 61 26 66 96 28 19 87 2 35 3 18 86 12 94 54 60 83 12 84 4 84 1 94 86 52 92 33 87 85 
51 78 79 75 71 12 41 49 2 71 78 24 70 60 81 94 69 74 98 94 8 75 47 0 82 6 12 70 10 47 75 94 33 39 43 64 24 41 64 64 32 19 41 6 93 80 83 75 41 26 69 50 83 87 47 14 22 81 82 95 50 52 15 31 11 86 5 8 55 60 85 99 42 36 57 14 12 53 67 22 82 95 35 62 92 86 61 93 99 92 75 9 
69 73 46 78 14 62 70 29 32 24 78 46 67 9 75 5 16 84 52 53 33 19 68 82 0 76 82 28 26 87 37 15 4 93 85 73 44 9 56 18 61 33 99 84 28 96 53 51 81 92 80 27 38 25 57 41 53 39 20 45 21 64 22 66 69 93 19 69 17 79 60 57 45 36 40 62 33 68 54 63 76 9 35 34 93 26 68 2 99 9 90 28 
88 76 88 71 37 15 6 84 39 87 89 96 90 54 71 29 25 89 60 25 4 26 67 6 76 0 30 90 78 11 62 17 80 75 77 98 1 31 4 82 65 39 68 31 22 27 96 11 70 34 37 10 1 56 70 11 4 40 78 38 17 26 47 8 44 1 57 15 56 56 53 79 98 54 61 1 15 61 67 96 40 72 8 17 67 62 70 51 59 80 15 78 
88 77 17 26 24 31 8 28 29 40 91 53 29 88 27 36 95 83 95 44 68 18 29 12 82 30 0 13 12 80 96 35 7 70 86 45 71 73 13 47 83 8 30 61 83 74 47 87 85 98 48 89 74 77 88 46 37 88 40 38 7 44 59 2 84 30 49 56 46 9 35 30 1 80 20 5 72 2 9 27 41 90 33 71 97 8 39 82 30 4 75 51 
95 44 29 49 23 9 79 44 76 32 84 34 20 19 58 83 63 56 65 52 96 50 58 70 28 90 13 0 92 17 50 43 71 9 32 26 35 55 98 97 71 6 64 95 25 47 21 23 1 70 23 28 26 65 46 39 58 53 53 33 70 80 6 34 65 54 54 54 13 81 97 34 52 56 81 55 13 86 11 82 79 72 85 30 13 64 8 71 83 64 65 45 
97 21 46 51 67 41 38 20 32 38 40 55 18 22 31 78 27 79 15 11 58 38 85 10 26 78 12 92 0 70 76 89 35 15 60 89 34 25 4 42 31 23 54 97 92 92 83 98 37 7 39 99 32 63 48 63 35 72 43 21 91 51 23 3 64 1 93 6 73 53 10 95 98 12 99 41 92 77 88 62 3 23 83 94 99 48 30 96 99 81 2 76 
87 31 68 63 93 49 79 80 52 39 99 15 6 68 65 47 99 71 98 95 97 21 44 47 87 11 80 17 70 0 2 53 93 65 76 79 63 77 49 37 50 15 74 22 33 72 1 47 25 81 38 17 53 69 93 91 8 61 10 35 64 67 69 14 67 92 1 35 71 17 38 18 39 83 15 38 63 1 34 50 78 32 58 59 74 77 29 77 54 59 32 95 
14 37 67 45 96 31 34 71 67 57 16 58 80 15 39 79 48 28 53 50 47 41 95 75 37 62 96 50 76 2 0 14 39 92 88 60 47 63 87 62 40 72 3 60 26 58 33 31 53 92 42 79 58 46 86 26 74 75 7 3 31 78 79 92 97 43 19 84 90 89 57 43 5 12 25 23 7 5 80 29 54 31 22 28 6 36 73 83 49 52 95 25 
10 8 79 55 54 24 28 89 68 88 38 62 11 21 19 7 88 24 45 19 90 53 94 94 15 17 35 43 89 53 14 0 77 41 86 29 41 48 24 29 85 90 38 6 24 69 21 14 57 30 29 92 55 29 64 82 61 70 84 73 80 49 53 93 93 97 58 95 40 91 79 62 58 6 77 26 80 94 38 45 61 16 93 42 64 8 3 47 76 53 67 26 
8 46 47 1 10 67 52 87 33 29 97 41 30 86 96 92 36 54 17 11 22 24 21 33 4 80 7 71 35 93 39 77 0 38 4 26 85 65 1 53 82 47 85 18 55 36 79 61 51 47 24 66 1 33 13 91 76 26 56 70 6 15 88 3 92 65 99 88 59 25 46 15 78 87 33 92 73 39 84 21 25 72 28 38 96 83 17 55 97 53 74 6 
64 69 1 87 42 93 78 12 75 37 37 73 18 10 42 81 17 70 65 62 93 19 53 39 93 75 70 9 15 65 92 41 38 0 67 81 95 51 3 90 33 8 90 86 37 67 74 12 36 43 40 53 94 85 21 74 8 53 70 58 63 90 84 17 29 46 83 82 69 68 62 84 70 39 75 64 73 13 35 25 84 35 23 90 41 88 76 78 39 76 22 16 
62 58 30 17 58 65 31 66 33 67 99 66 82 43 96 21 88 69 31 40 85 80 32 43 85 77 86 32 60 76 88 86 4 67 0 56 69 83 69 12 37 58 28 80 2 13 2 9 90 64 91 16 86 81 85 28 94 8 15 76 13 62 21 38 63 67 34 58 75 73 6 1 3 5 65 58 36 31 5 76 81 15 3 53 55 16 97 89 1 60 63 2 
23 83 64 20 89 13 44 94 98 11 2 23 47 67 58 24 91 24 83 7 59 52 26 64 73 98 45 26 89 79 60 29 26 81 56 0 92 68 82 42 84 45 98 7 88 57 50 48 73 60 94 83 81 99 93 39 11 88 66 96 89 60 74 96 92 35 51 52 83 83 52 92 25 56 69 66 38 58 98 88 45 58 42 33 28 56 64 81 92 77 57 27 
58 97 76 10 94 18 47 16 6 85 33 3 8 21 49 64 79 47 11 8 65 33 64 24 44 1 71 35 34 63 47 41 85 95 69 92 0 63 54 93 23 39 21 59 44 20 46 76 38 85 35 88 59 2 41 86 38 59 8 25 25 84 42 95 28 33 15 26 14 79 37 25 4 57 94 32 29 77 3 61 60 73 41 16 38 8 83 39 48 61 61 49 
2 14 36 93 77 34 10 52 1 1 31 87 18 17 43 72 88 40 46 80 41 38 53 41 9 31 73 55 25 77 63 48 65 51 83 68 63 0 83 9 86 69 40 64 55 14 62 41 74 75 69 25 26 34 19 79 47 79 8 78 9 39 50 15 18 46 58 78 88 27 32 59 24 38 43 94 90 82 97 27 47 19 25 40 76 40 7 69 40 47 22 68 
1 11 54 52 83 11 68 99 38 17 8 2 87 59 53 7 58 67 89 13 79 31 60 64 56 4 13 98 4 49 87 24 1 3 69 82 54 83 0 74 25 72 33 13 87 66 8 3 97 21 4 86 95 36 18 18 56 44 53 96 26 90 30 52 68 48 21 72 80 9 24 61 57 10 47 61 66 63 22 14 23 28 26 18 33 94 15 86 53 26 61 84 
61 24 94 11 12 29 4 87 73 31 51 73 62 78 23 22 25 78 79 1 79 41 18 64 18 82 47 97 42 37 62 29 53 90 12 42 93 9 74 0 69 90 25 58 64 13 19 27 78 26 1 23 15 75 40 76 20 10 72 54 67 28 89 3 72 86 20 15 14 98 83 23 62 82 12 29 45 3 4 11 32 92 97 30 56 30 34 42 66 50 26 86 
82 82 34 69 37 76 68 46 44 4 51 52 65 43 65 65 56 27 60 4 63 51 23 32 61 65 83 71 31 50 40 85 82 33 37 84 23 86 25 69 0 49 54 49 1 39 8 22 6 16 78 81 64 98 31 33 73 45 41 68 25 79 68 51 49 36 53 32 2 65 32 19 67 16 44 40 21 2 1 46 83 30 27 8 53 4 22 84 80 63 70 68 
9 8 3 24 17 6 55 64 25 79 33 72 8 36 71 51 50 25 98 52 63 74 55 19 33 39 8 6 23 15 72 90 47 8 58 45 39 69 72 90 49 0 9 73 44 96 90 77 73 59 69 59 82 64 93 53 38 48 52 24 71 1 24 23 88 60 9 3 19 4 15 80 68 35 82 65 45 43 35 79 45 61 68 43 23 42 69 42 40 81 43 68 
89 25 85 15 31 82 98 43 17 60 44 88 30 76 62 91 53 18 43 16 48 69 14 41 99 68 30 64 54 74 3 38 85 90 28 98 21 40 33 25 54 9 0 99 14 26 39 76 6 93 23 40 74 15 48 72 2 34 71 61 20 16 98 99 54 70 21 36 39 50 82 59 13 76 54 25 96 23 34 25 31 88 1 88 36 46 64 9 42 15 63 11 
14 75 84 64 85 6 64 23 97 54 42 78 56 29 61 10 25 88 65 68 28 81 31 6 84 31 61 95 97 22 60 6 18 86 80 7 59 64 13 58 49 73 99 0 30 31 38 98 40 11 68 55 78 46 74 69 24 82 65 82 82 33 94 15 31 39 97 88 1 38 67 43 62 19 1 46 83 95 72 71 97 54 1 43 41 40 25 41 93 73 32 5 
48 93 49 22 58 43 81 83 97 70 70 63 29 86 97 93 16 2 6 82 72 16 24 93 28 22 83 25 92 33 26 24 55 37 2 88 44 55 87 64 1 44 14 30 0 30 36 36 49 31 48 1 80 8 53 10 25 52 86 92 76 15 82 62 41 13 28 45 1 55 65 17 91 18 60 91 96 38 73 84 82 40 44 71 91 24 31 74 64 91 49 45 
73 21 55 47 36 87 29 41 42 50 2 49 44 35 28 68 68 46 91 60 43 64 51 80 96 27 74 47 92 72 58 69 36 67 13 57 20 14 66 13 39 96 26 31 30 0 95 17 60 91 45 86 49 18 52 49 7 77 67 87 36 45 79 99 1 39 19 82 37 49 4 52 49 4 89 58 17 88 64 87 22 34 95 32 69 39 72 70 54 13 97 47 
31 33 33 4 42 53 38 45 25 75 98 1 99 45 1 86 74 59 77 67 15 65 22 83 53 96 47 21 83 1 33 21 79 74 2 50 46 62 8 19 8 90 39 38 36 95 0 41 18 94 79 62 36 59 32 31 49 31 97 97 21 7 75 36 37 74 39 72 57 72 68 50 62 83 99 84 86 88 48 1 66 22 22 40 77 61 3 41 78 44 84 60 
72 13 29 57 82 58 65 17 22 47 52 43 56 93 27 34 47 22 56 16 94 92 72 75 51 11 87 23 98 47 31 14 61 12 9 48 76 41 3 27 22 77 76 98 36 17 41 0 67 79 86 51 23 38 14 16 85 47 39 90 55 28 30 49 16 74 30 52 50 89 65 14 53 95 60 35 4 65 81 93 58 1 10 91 39 18 14 43 53 10 39 26 
4 66 56 89 3 57 38 18 28 28 31 40 6 83 51 72 21 18 43 62 52 21 4 41 81 70 85 1 37 25 53 57 51 36 90 73 38 74 97 78 6 73 6 40 49 60 18 67 0 58 82 52 70 54 90 70 30 91 63 77 21 56 89 96 2 63 55 11 32 70 96 48 49 11 41 26 73 88 23 50 56 89 4 29 25 21 66 88 10 12 22 59 
71 95 83 81 86 79 94 89 47 34 83 4 51 9 21 9 67 57 21 65 19 55 24 26 92 34 98 70 7 81 92 30 47 43 64 60 85 75 21 26 16 59 93 11 31 91 94 79 58 0 88 95 65 79 88 72 87 83 1 43 35 67 58 93 7 71 3 13 91 5 1 35 77 9 24 62 28 16 12 86 54 91 48 61 89 30 84 51 70 39 84 75 
22 61 32 47 94 88 19 1 36 73 50 58 93 31 27 52 95 34 89 20 79 24 13 69 80 37 48 23 39 38 42 29 24 40 91 94 35 69 4 1 78 69 23 68 48 45 79 86 82 88 0 96 48 6 60 12 36 52 85 74 13 36 17 10 85 59 49 22 48 72 57 52 68 4 93 51 54 88 80 93 40 81 83 83 3 31 86 48 66 42 57 42 
50 25 29 55 37 82 79 98 63 69 82 44 64 65 66 34 13 44 69 45 11 7 78 50 27 10 89 28 99 17 79 92 66 53 16 83 88 25 86 23 81 59 40 55 1 86 62 51 52 95 96 0 80 45 95 80 87 34 55 16 28 38 6 65 35 43 88 45 91 43 45 53 89 58 81 3 65 74 96 50 32 32 42 40 15 3 48 36 51 33 33 42 
58 83 95 80 47 11 71 83 69 40 83 54 53 78 78 62 26 76 19 88 36 25 8 83 38 1 74 26 32 53 58 55 1 94 86 81 59 26 95 15 64 82 74 78 80 49 36 23 70 65 48 80 0 43 96 17 84 29 32 92 12 39 88 17 57 10 65 84 27 3 39 86 31 87 54 32 31 37 16 22 93 48 74 45 5 67 44 19 60 91 30 78 
4 98 75 72 81 73 93 72 63 33 96 44 35 19 19 8 1 99 93 62 50 1 53 87 25 56 77 65 63 69 46 29 33 85 81 99 2 34 36 75 98 64 15 46 8 18 59 38 54 79 6 45 43 0 10 24 91 9 92 15 88 48 73 38 42 90 31 40 6 34 75 20 94 38 90 16 13 98 65 1 70 51 48 19 69 68 67 75 70 56 66 82 
69 3 9 15 28 49 53 15 33 98 72 75 99 39 61 60 98 3 50 22 94 49 31 47 57 70 88 46 48 93 86 64 13 21 85 93 41 19 18 40 31 93 48 74 53 52 32 14 90 88 60 95 96 10 0 51 49 5 51 57 79 39 11 95 25 40 59 56 1 39 94 86 96 71 74 56 16 97 50 56 7 33 30 94 79 20 29 79 42 93 25 90 
25 93 33 78 73 20 11 37 46 8 22 99 84 12 83 42 99 97 84 1 80 81 27 14 41 11 46 39 63 91 26 82 91 74 28 39 86 79 18 76 33 53 72 69 10 49 31 16 70 72 12 80 17 24 51 0 11 70 16 47 30 45 20 84 75 80 45 99 13 87 78 50 32 54 88 93 79 3 70 97 23 43 3 21 57 40 38 27 22 4 63 29 
44 99 9 16 29 13 33 27 89 34 19 98 78 57 60 28 78 91 16 64 90 29 9 22 53 4 37 58 35 8 74 61 76 8 94 11 38 47 56 20 73 38 2 24 25 7 49 85 30 87 36 87 84 91 49 11 0 10 55 2 29 7 45 68 33 30 70 13 91 16 75 93 17 24 16 12 5 72 95 25 81 38 64 61 82 50 79 12 1 48 24 82 
77 11 85 26 3 26 47 33 43 63 47 76 38 53 63 52 12 84 18 95 5 89 97 81 39 40 88 53 72 61 75 70 26 53 8 88 59 79 44 10 45 48 34 82 52 77 31 47 91 83 52 34 29 9 5 70 10 0 91 13 57 82 29 36 81 9 17 7 22 35 48 46 43 26 36 76 27 54 88 75 67 78 61 53 50 37 61 96 48 70 35 62 
27 55 78 54 14 78 64 2 58 15 45 60 90 84 39 41 91 27 62 85 6 2 85 82 20 78 40 53 43 10 7 84 56 70 15 66 8 8 53 72 41 52 71 65 86 67 97 39 63 1 85 55 32 92 51 16 55 91 0 33 48 19 92 92 74 82 13 42 58 71 3 35 81 67 88 72 15 27 40 91 59 46 83 85 53 14 10 26 48 65 89 40 
53 97 51 85 42 17 94 49 26 78 92 67 55 77 24 72 25 27 8 2 87 74 82 95 45 38 38 33 21 35 3 73 70 58 76 96 25 78 96 54 68 24 61 82 92 87 97 90 77 43 74 16 92 15 57 47 2 13 33 0 86 22 46 45 89 84 69 68 71 36 35 25 62 88 74 21 77 73 59 56 16 83 42 64 28 97 83 90 72 74 97 61 
81 83 80 59 37 5 19 89 33 44 10 75 5 69 69 46 55 53 65 85 30 22 74 50 21 17 7 70 91 64 31 80 6 63 13 89 25 9 26 67 25 71 20 82 76 36 21 55 21 35 13 28 12 88 79 30 29 57 48 86 0 90 80 89 23 35 56 8 38 99 1 76 74 64 58 65 40 15 23 27 16 82 77 93 27 50 89 33 26 99 53 61 
42 87 42 86 41 89 37 23 34 62 5 92 44 26 70 95 48 56 56 61 54 1 40 52 64 26 44 80 51 67 78 49 15 90 62 60 84 39 90 28 79 1 16 33 15 45 7 28 56 67 36 38 39 48 39 45 7 82 19 22 90 0 78 6 47 65 11 98 2 57 73 92 57 22 87 38 73 75 93 15 15 50 89 46 87 31 84 78 72 59 63 43 
83 71 65 30 19 28 30 35 7 86 78 6 12 70 62 10 78 8 3 77 81 77 57 15 22 47 59 6 23 69 79 53 88 84 21 74 42 50 30 89 68 24 98 94 82 79 75 30 89 58 17 6 88 73 11 20 45 29 92 46 80 78 0 19 59 76 13 29 46 50 95 23 77 57 90 39 87 12 20 89 51 75 92 91 41 60 3 9 76 72 30 96 
16 67 84 45 98 51 40 95 66 37 64 27 30 32 88 89 41 63 91 23 73 33 61 31 66 8 2 34 3 14 92 93 3 17 38 96 95 15 52 3 51 23 99 15 62 99 36 49 96 93 10 65 17 38 95 84 68 36 92 45 89 6 19 0 11 73 64 14 36 62 28 6 49 37 83 68 7 39 19 72 54 16 53 47 98 75 54 4 25 44 26 27 
65 72 25 38 39 69 29 22 52 13 24 68 77 60 67 47 60 32 5 15 30 41 26 11 69 44 84 65 64 67 97 93 92 29 63 92 28 18 68 72 49 88 54 31 41 1 37 16 2 7 85 35 57 42 25 75 33 81 74 89 23 47 59 11 0 2 7 19 35 32 97 81 99 44 52 37 83 9 3 20 63 95 76 26 36 80 63 77 77 75 71 48 
69 49 21 23 64 4 55 69 32 54 96 32 90 63 20 59 96 80 17 25 39 82 66 86 93 1 30 54 1 92 43 97 65 46 67 35 33 46 48 86 36 60 70 39 13 39 74 74 63 71 59 43 10 90 40 80 30 9 82 84 35 65 76 73 2 0 79 32 34 44 10 57 87 47 38 37 11 51 78 20 46 35 36 8 72 2 4 47 62 7 4 9 
26 55 45 92 47 59 30 68 8 27 60 12 33 30 37 22 80 93 78 47 79 84 96 5 19 57 49 54 93 1 19 58 99 83 34 51 15 58 21 20 53 9 21 97 28 19 39 30 55 3 49 88 65 31 59 45 70 17 13 69 56 11 13 64 7 79 0 37 85 49 82 15 16 49 44 44 58 86 68 47 51 3 1 82 59 19 46 66 28 97 84 59 
99 16 16 55 90 13 56 49 14 83 65 4 51 67 18 55 90 77 69 33 55 31 28 8 69 15 56 54 6 35 84 95 88 82 58 52 26 78 72 15 32 3 36 88 45 82 72 52 11 13 22 45 84 40 56 99 13 7 42 68 8 98 29 14 19 32 37 0 21 97 44 85 12 99 91 47 38 89 41 7 45 31 59 34 66 22 90 58 1 78 68 16 
88 6 31 77 3 3 91 19 4 13 83 55 52 33 22 1 32 47 31 81 43 88 19 55 17 56 46 13 73 71 90 40 59 69 75 83 14 88 80 14 2 19 39 1 1 37 57 50 32 91 48 91 27 6 1 13 91 22 58 71 38 2 46 36 35 34 85 21 0 71 4 48 43 2 82 48 17 69 22 62 30 45 97 67 35 89 87 78 98 39 11 22 
8 18 92 13 99 77 28 98 29 26 32 2 43 72 78 20 57 88 53 71 65 54 87 60 79 56 9 81 53 17 89 91 25 68 73 83 79 27 9 98 65 4 50 38 55 49 72 89 70 5 72 43 3 34 39 87 16 35 71 36 99 57 50 62 32 44 49 97 71 0 17 79 8 54 54 68 78 13 87 86 29 14 62 7 58 46 62 52 94 7 58 41 
27 43 15 60 29 97 61 12 16 2 2 14 24 61 27 20 34 71 85 55 69 34 2 85 60 53 35 97 10 38 57 79 46 62 6 52 37 32 24 83 32 15 82 67 65 4 68 65 96 1 57 45 39 75 94 78 75 48 3 35 1 73 95 28 97 10 82 44 4 17 0 8 5 93 8 19 52 73 3 83 47 19 87 30 36 12 53 77 38 79 70 25 
26 21 20 27 79 97 13 12 30 42 85 60 90 94 33 86 39 70 37 25 45 83 35 99 57 79 30 34 95 18 43 62 15 84 1 92 25 59 61 23 19 80 59 43 17 52 50 14 48 35 52 53 86 20 86 50 93 46 35 25 76 92 23 6 81 57 15 85 48 79 8 0 70 30 78 25 43 11 66 86 54 21 14 27 7 32 84 50 66 55 1 51 
23 49 27 77 76 62 18 53 67 56 79 57 44 73 9 28 93 56 99 78 85 23 3 42 45 98 1 52 98 39 5 58 78 70 3 25 4 24 57 62 67 68 13 62 91 49 62 53 49 77 68 89 31 94 96 32 17 43 81 62 74 57 77 49 99 87 16 12 43 8 5 70 0 82 38 77 71 21 55 16 46 30 71 15 14 77 82 48 44 76 63 26 
10 23 87 72 59 16 72 77 62 56 69 82 89 28 9 98 21 93 60 90 74 4 18 36 36 54 80 56 12 83 12 6 87 39 5 56 57 38 10 82 16 35 76 19 18 4 83 95 11 9 4 58 87 38 71 54 24 26 67 88 64 22 57 37 44 47 49 99 2 54 93 30 82 0 26 73 43 62 45 45 54 33 29 6 21 62 8 52 98 51 84 22 
68 14 8 88 43 75 92 69 84 65 55 9 96 98 21 22 15 99 32 36 51 35 86 57 40 61 20 81 99 15 25 77 33 75 65 69 94 43 47 12 44 82 54 1 60 89 99 60 41 24 93 81 54 90 74 88 16 36 88 74 58 87 90 83 52 38 44 91 82 54 8 78 38 26 0 10 78 12 68 36 38 42 10 16 94 86 77 30 53 26 87 38 
24 98 54 40 27 13 8 46 97 16 26 39 29 94 69 95 10 88 36 58 81 50 12 14 62 1 5 55 41 38 23 26 92 64 58 66 32 94 61 29 40 65 25 46 91 58 84 35 26 62 51 3 32 16 56 93 12 76 72 21 65 38 39 68 37 37 44 47 48 68 19 25 77 73 10 0 16 23 92 37 46 67 4 59 96 73 73 90 17 86 75 33 
28 54 48 44 22 19 84 65 59 93 84 5 65 69 83 19 68 86 33 32 51 89 94 12 33 15 72 13 92 63 7 80 73 73 36 38 29 90 66 45 21 45 96 83 96 17 86 4 73 28 54 65 31 13 16 79 5 27 15 77 40 73 87 7 83 11 58 38 17 78 52 43 71 43 78 16 0 63 7 74 38 3 46 14 42 34 4 5 31 66 70 89 
38 85 61 77 59 31 57 90 83 41 28 71 87 39 55 68 82 75 51 40 36 71 54 53 68 61 2 86 77 1 5 94 39 13 31 58 77 82 63 3 2 43 23 95 38 88 88 65 88 16 88 74 37 98 97 3 72 54 27 73 15 75 12 39 9 51 86 89 69 13 73 11 21 62 12 23 63 0 75 37 66 57 78 71 17 43 98 58 94 6 90 88 
58 11 35 39 17 60 52 41 35 61 57 77 59 61 86 36 80 16 52 15 73 38 60 67 54 67 9 11 88 34 80 38 84 35 5 98 3 97 22 4 1 35 34 72 73 64 48 81 23 12 80 96 16 65 50 70 95 88 40 59 23 93 20 19 3 78 68 41 22 87 3 66 55 45 68 92 7 75 0 30 96 70 87 42 82 52 47 59 40 84 16 76 
84 97 33 92 93 6 33 8 31 71 93 74 89 98 94 96 4 15 6 94 16 34 83 22 63 96 27 82 62 50 29 45 21 25 76 88 61 27 14 11 46 79 25 71 84 87 1 93 50 86 93 50 22 1 56 97 25 75 91 56 27 15 89 72 20 20 47 7 62 86 83 86 16 45 36 37 74 37 30 0 94 94 53 57 26 80 37 5 83 95 12 43 
39 56 20 70 38 17 77 8 58 50 9 6 52 10 75 30 48 57 34 49 40 13 12 82 76 40 41 79 3 78 54 61 25 84 81 45 60 47 23 32 83 45 31 97 82 22 66 58 56 54 40 32 93 70 7 23 81 67 59 16 16 15 51 54 63 46 51 45 30 29 47 54 46 54 38 46 38 66 96 94 0 23 85 29 57 33 59 87 69 67 23 3 
9 62 68 99 12 96 63 34 97 51 56 80 23 68 90 23 71 88 1 14 3 38 84 95 9 72 90 72 23 32 31 16 72 35 15 58 73 19 28 92 30 61 88 54 40 34 22 1 89 91 81 32 48 51 33 43 38 78 46 83 82 50 75 16 95 35 3 31 45 14 19 21 30 33 42 67 3 57 70 94 23 0 74 2 34 81 8 64 70 6 43 16 
33 57 25 34 23 97 52 59 50 33 77 85 11 79 24 57 43 2 10 20 36 80 4 35 35 8 33 85 83 58 22 93 28 23 3 42 41 25 26 97 27 68 1 1 44 95 22 10 4 48 83 42 74 48 30 3 64 61 83 42 77 89 92 53 76 36 1 59 97 62 87 14 71 29 10 4 46 78 87 53 85 74 0 36 47 82 24 21 5 24 26 47 
35 90 84 44 7 61 97 8 47 91 47 60 32 64 95 11 6 85 32 16 98 66 84 62 34 17 71 30 94 59 28 42 38 90 53 33 16 40 18 30 8 43 88 43 71 32 40 91 29 61 83 40 45 19 94 21 61 53 85 64 93 46 91 47 26 8 82 34 67 7 30 27 15 6 16 59 14 71 42 57 29 2 36 0 32 26 19 12 54 46 7 21 
11 22 95 27 97 44 31 35 84 21 50 32 10 21 91 43 21 76 36 98 80 7 1 92 93 67 97 13 99 74 6 64 96 41 55 28 38 76 33 56 53 23 36 41 91 69 77 39 25 89 3 15 5 69 79 57 82 50 53 28 27 87 41 98 36 72 59 66 35 58 36 7 14 21 94 96 42 17 82 26 57 34 47 32 0 6 68 12 45 45 27 86 
24 97 39 57 15 32 23 5 42 53 12 91 7 36 14 73 58 77 89 42 16 80 94 86 26 62 8 64 48 77 36 8 83 88 16 56 8 40 94 30 4 42 46 40 24 39 61 18 21 30 31 3 67 68 20 40 50 37 14 97 50 31 60 75 80 2 19 22 89 46 12 32 77 62 86 73 34 43 52 80 33 81 82 26 6 0 57 81 54 38 47 12 
16 84 48 70 88 45 6 6 21 39 9 8 31 56 12 32 60 91 61 36 16 93 86 61 68 70 39 8 30 29 73 3 17 76 97 64 83 7 15 34 22 69 64 25 31 72 3 14 66 84 86 48 44 67 29 38 79 61 10 83 89 84 3 54 63 4 46 90 87 62 53 84 82 8 77 73 4 98 47 37 59 8 24 19 68 57 0 65 57 84 23 57 
88 26 6 74 76 25 92 62 41 66 62 67 68 29 43 13 55 19 39 26 95 4 52 93 2 51 82 71 96 77 83 47 55 78 89 81 39 69 86 42 84 42 9 41 74 70 41 43 88 51 48 36 19 75 79 27 12 96 26 90 33 78 9 4 77 47 66 58 78 52 77 50 48 52 30 90 5 58 59 5 87 64 21 12 12 81 65 0 77 75 72 37 
26 15 80 53 36 63 96 51 51 81 75 33 19 46 11 83 78 63 12 52 67 33 92 99 99 59 30 83 99 54 49 76 97 39 1 92 48 40 53 66 80 40 42 93 64 54 78 53 10 70 66 51 60 70 42 22 1 48 48 72 26 72 76 25 77 62 28 1 98 94 38 66 44 98 53 17 31 94 40 83 69 70 5 54 45 54 57 77 0 51 32 24 
72 14 64 90 64 80 23 77 5 58 24 47 13 93 89 8 25 46 45 35 35 86 33 92 9 80 4 64 81 59 52 53 53 76 60 77 61 47 26 50 63 81 15 73 91 13 44 10 12 39 42 33 91 56 93 4 48 70 65 74 99 59 72 44 75 7 97 78 39 7 79 55 76 51 26 86 66 6 84 95 67 6 24 46 45 38 84 75 51 0 29 1 
93 85 88 28 33 22 77 46 10 53 89 76 74 57 25 88 59 66 44 23 84 45 87 75 90 15 75 65 2 32 95 67 74 22 63 57 61 22 61 26 70 43 63 32 49 97 84 39 22 84 57 33 30 66 25 63 24 35 89 97 53 63 30 26 71 4 84 68 11 58 70 1 63 84 87 75 70 90 16 12 23 43 26 7 27 47 23 72 32 29 0 40 
75 44 33 44 92 20 23 97 1 90 90 83 75 52 48 9 80 53 8 34 94 30 85 9 28 78 51 45 76 95 25 26 6 16 2 27 49 68 84 86 68 68 11 5 45 47 60 26 59 75 42 42 78 82 90 29 82 62 40 61 61 43 96 27 48 9 59 16 22 41 25 51 26 22 38 33 89 88 76 43 3 16 47 21 86 12 57 37 24 1 40 0 
