94
0 38 13 73 10 76 6 80 65 17 2 77 72 7 26 51 21 19 85 12 29 30 15 51 69 88 88 95 97 87 14 10 8 64 62 23 58 2 1 61 82 9 89 14 48 73 31 72 4 71 22 50 58 4 69 25 44 77 27 53 81 42 83 16 65 69 26 99 88 8 27 26 23 10 68 24 28 38 58 84 39 9 33 35 11 24 16 88 26 72 93 75 63 47 
38 0 33 89 24 56 66 78 4 1 78 7 53 86 71 3 77 92 22 76 8 78 73 76 77 44 21 31 37 8 46 69 58 83 97 14 11 24 82 8 25 75 93 21 33 13 66 95 61 25 83 98 3 93 99 11 55 97 83 87 71 67 72 49 55 16 6 18 43 21 49 23 14 98 54 85 11 97 56 62 57 90 22 97 84 26 15 14 85 44 7 78 57 60 
13 33 0 16 25 10 67 72 54 70 37 22 41 78 92 50 48 78 41 79 46 88 17 29 46 68 67 79 47 1 30 64 76 36 54 94 34 3 85 84 49 55 33 29 56 83 32 29 95 75 9 33 9 85 78 51 80 42 65 84 25 21 45 16 31 92 15 20 27 87 8 54 48 61 35 33 20 68 25 84 95 39 48 6 80 64 88 33 43 75 67 89 99 31 
73 89 16 0 18 69 65 61 79 18 40 36 82 29 23 39 42 75 78 71 26 49 51 63 45 55 1 87 17 20 10 93 52 11 69 24 15 64 22 47 4 57 89 81 47 55 80 72 15 78 16 26 54 85 59 86 30 45 38 23 92 55 77 13 60 27 77 72 88 40 44 77 39 92 70 99 34 44 27 57 70 74 53 90 28 44 2 83 95 97 27 85 31 65 
10 24 25 18 0 23 99 53 4 71 13 40 84 49 62 71 14 37 24 23 67 93 96 54 10 42 58 89 94 77 83 12 37 17 31 85 58 36 42 82 3 86 94 37 47 81 28 73 29 3 14 42 37 41 19 98 39 64 47 90 3 99 29 79 76 59 43 27 22 59 17 93 38 12 23 7 97 15 88 76 36 64 33 92 50 1 23 98 71 37 19 28 29 53 
76 56 10 69 23 0 95 51 47 8 86 17 30 12 62 15 31 9 41 49 31 24 67 93 65 13 18 34 11 29 76 6 82 6 43 87 53 58 57 79 88 82 11 73 49 20 13 26 78 17 5 89 28 51 69 4 59 13 3 77 97 97 62 16 75 13 19 31 60 6 17 96 97 61 44 32 45 25 63 80 22 20 78 34 5 40 68 35 35 43 79 83 39 49 
6 66 67 65 99 95 0 82 6 92 9 41 70 6 8 79 38 79 34 28 52 78 31 44 47 10 68 4 68 55 98 64 81 29 38 65 38 94 19 79 71 93 53 11 33 47 64 94 19 37 30 40 29 55 30 56 91 28 61 13 18 72 92 8 84 57 52 33 77 63 52 97 31 23 6 92 96 23 77 23 19 94 30 19 53 32 50 99 84 94 46 52 87 16 
80 78 72 61 53 51 82 0 72 49 29 84 28 44 20 80 71 89 87 12 66 94 16 52 99 87 46 64 43 23 83 41 45 17 18 89 1 98 83 72 15 37 27 33 2 49 89 23 35 95 22 69 68 49 19 98 12 12 53 77 69 46 65 90 41 8 8 34 59 8 35 5 6 62 51 77 46 97 22 93 72 93 26 98 2 14 39 86 28 39 85 34 2 32 
65 4 54 79 4 47 6 72 0 39 29 76 32 52 67 68 33 75 33 98 6 1 38 73 44 25 17 97 97 42 25 22 28 47 36 63 69 63 33 46 89 43 58 26 33 34 7 66 52 32 8 14 4 29 16 30 67 62 84 97 59 83 35 31 58 97 50 47 84 42 21 41 51 5 10 1 91 22 75 22 34 39 38 44 34 96 42 72 70 71 24 87 40 32 
17 1 70 18 71 8 92 49 39 0 38 39 57 88 29 37 67 11 85 1 17 31 4 79 60 54 70 50 75 47 28 34 73 69 40 33 98 8 34 63 15 78 44 62 86 37 13 54 27 83 13 26 2 42 56 56 65 16 93 41 61 71 50 51 33 91 21 53 39 66 81 58 53 90 20 95 65 43 48 22 98 2 90 39 13 19 78 78 89 91 84 40 99 16 
2 78 37 40 13 86 9 29 29 38 0 38 97 37 99 2 33 31 8 51 51 33 44 42 70 2 98 52 31 83 50 82 83 96 72 22 19 47 45 92 10 5 78 64 24 96 60 65 83 32 2 85 79 69 55 26 84 28 57 93 9 56 77 47 50 12 9 62 75 24 89 90 83 83 6 43 47 22 52 74 43 14 19 24 46 96 53 34 55 15 58 62 41 73 
77 7 22 36 40 17 41 84 76 39 38 0 66 23 3 87 2 73 52 72 88 78 63 49 1 43 40 4 58 44 54 44 75 99 98 76 60 67 75 92 6 27 68 32 12 4 55 2 14 60 57 82 9 39 5 71 77 74 6 80 85 60 32 91 8 67 33 47 76 83 45 65 38 48 74 91 85 16 66 53 70 67 90 29 20 18 6 80 11 30 18 82 47 8 
72 53 41 82 84 30 70 28 32 57 97 66 0 18 87 62 65 8 30 56 29 44 99 56 6 51 93 64 53 35 99 84 78 38 90 55 5 44 12 30 77 90 33 51 52 43 24 90 44 89 96 29 65 87 59 89 52 23 11 32 10 7 31 68 19 13 74 75 92 66 86 54 43 7 10 37 88 60 9 54 88 19 22 68 15 21 86 10 43 67 21 17 59 78 
7 86 78 29 49 12 6 44 52 88 37 23 18 0 43 36 76 29 86 35 45 93 83 9 31 65 78 19 39 12 57 53 84 77 69 26 70 32 60 63 30 67 33 72 61 94 73 28 98 94 69 39 61 98 10 68 79 64 21 36 56 29 46 93 57 52 5 80 76 32 77 53 39 84 81 75 71 27 58 31 65 39 19 96 42 96 58 49 43 53 23 65 71 62 
26 71 92 23 62 62 8 20 67 29 99 3 87 43 0 61 97 28 1 27 51 21 27 66 78 19 61 83 60 63 39 24 69 70 62 88 67 20 37 18 22 78 27 33 9 9 21 69 83 55 86 94 75 90 24 95 91 14 12 43 11 89 25 48 69 44 92 14 7 3 68 94 5 29 36 83 78 47 79 7 92 81 21 24 64 72 7 22 65 51 91 10 93 68 
51 3 50 39 71 15 79 80 68 37 2 87 62 36 61 0 86 34 72 9 52 34 62 8 60 42 28 52 41 72 46 95 10 89 47 59 22 55 1 20 20 86 28 98 22 95 19 68 36 96 30 23 57 11 43 73 32 13 83 8 88 9 62 24 35 95 4 56 69 16 25 95 63 27 99 48 88 36 17 88 91 79 88 58 25 56 50 53 25 16 68 74 47 21 
21 77 48 42 14 31 38 71 33 67 33 2 65 76 97 86 0 67 95 13 26 1 98 99 78 12 91 25 55 48 78 41 60 96 80 90 32 57 34 39 93 21 15 10 68 82 80 4 48 71 43 6 21 58 60 55 78 25 59 80 37 81 59 52 64 74 84 89 83 56 79 71 28 24 54 70 69 24 47 40 67 78 27 25 18 88 2 46 59 22 18 57 34 44 
19 92 78 75 37 9 79 89 75 11 31 73 8 29 28 34 67 0 76 99 3 97 91 84 27 27 53 56 8 63 32 80 93 77 47 88 71 70 56 93 99 88 86 75 16 15 57 88 2 85 76 77 91 19 63 46 66 53 29 88 39 21 98 52 60 95 65 15 98 53 45 17 65 31 83 11 46 89 79 60 98 43 65 6 91 77 56 43 21 89 69 19 93 50 
85 22 41 78 24 41 34 87 33 85 8 52 30 86 1 72 95 76 0 84 16 18 62 8 65 56 3 91 5 17 78 69 31 53 85 37 99 60 32 36 33 51 52 6 34 1 10 32 36 89 61 39 12 45 44 8 63 57 97 94 53 25 44 52 11 95 50 19 11 62 40 7 8 80 13 1 4 52 16 68 82 60 67 16 62 65 20 45 88 62 22 1 64 95 
12 76 79 71 23 49 28 12 98 1 51 72 56 35 27 9 13 99 84 0 85 2 85 61 77 23 15 25 47 33 81 71 55 25 78 90 36 58 32 40 15 94 49 14 20 16 98 42 36 26 52 35 23 34 62 79 8 33 4 68 96 58 97 47 90 22 93 85 59 65 41 79 79 63 63 48 28 72 43 15 94 52 19 79 11 36 50 94 80 90 5 6 87 30 
29 8 46 26 67 31 52 66 6 17 51 88 29 45 51 52 26 3 16 85 0 54 81 73 30 39 79 55 43 65 69 45 85 74 51 81 51 36 73 16 40 3 36 98 80 16 16 95 67 35 84 94 19 75 19 26 18 50 38 21 41 53 24 19 80 52 33 38 31 41 51 74 69 81 16 64 65 92 21 55 24 7 25 1 49 81 29 89 2 74 22 1 77 33 
30 78 88 49 93 24 78 94 1 31 33 78 44 93 21 34 1 97 18 2 54 0 41 82 84 31 88 54 34 83 23 4 35 50 89 71 38 34 13 38 80 66 7 80 93 4 33 86 45 30 47 68 67 29 58 85 44 95 94 21 53 32 26 64 53 60 18 23 55 14 31 24 51 22 72 4 24 13 78 8 53 31 27 9 97 85 82 74 40 57 61 26 66 96 
15 73 17 51 96 67 31 16 38 4 44 63 99 83 27 62 98 91 62 85 81 41 0 28 19 87 2 35 3 18 86 12 94 54 60 83 12 84 4 84 1 94 86 52 92 33 87 85 82 6 12 70 10 47 75 94 33 39 43 64 24 41 64 64 32 19 41 6 93 80 83 75 41 26 69 50 83 87 47 14 22 81 82 95 50 52 15 31 11 86 5 8 55 60 
51 76 29 63 54 93 44 52 73 79 42 49 56 9 66 8 99 84 8 61 73 82 28 0 85 99 42 36 57 14 12 53 67 22 82 95 35 62 92 86 61 93 99 92 75 9 76 82 28 26 87 37 15 4 93 85 73 44 9 56 18 61 33 99 84 28 96 53 51 81 92 80 27 38 25 57 41 53 39 20 45 21 64 22 66 69 93 19 69 17 79 60 57 45 
69 77 46 45 10 65 47 99 44 60 70 1 6 31 78 60 78 27 65 77 30 84 19 85 0 36 40 62 33 68 54 63 76 9 35 34 93 26 68 2 99 9 90 28 30 90 78 11 62 17 80 75 77 98 1 31 4 82 65 39 68 31 22 27 96 11 70 34 37 10 1 56 70 11 4 40 78 38 17 26 47 8 44 1 57 15 56 56 53 79 98 54 61 1 
88 44 68 55 42 13 10 87 25 54 2 43 51 65 19 42 12 27 56 23 39 31 87 99 36 0 15 61 67 96 40 72 8 17 67 62 70 51 59 80 15 78 13 12 80 96 35 7 70 86 45 71 73 13 47 83 8 30 61 83 74 47 87 85 98 48 89 74 77 88 46 37 88 40 38 7 44 59 2 84 30 49 56 46 9 35 30 1 80 20 5 72 2 9 
88 21 67 1 58 18 68 46 17 70 98 40 93 78 61 28 91 53 3 15 79 88 2 42 40 15 0 27 41 90 33 71 97 8 39 82 30 4 75 51 92 17 50 43 71 9 32 26 35 55 98 97 71 6 64 95 25 47 21 23 1 70 23 28 26 65 46 39 58 53 53 33 70 80 6 34 65 54 54 54 13 81 97 34 52 56 81 55 13 86 11 82 79 72 
95 31 79 87 89 34 4 64 97 50 52 4 64 19 83 52 25 56 91 25 55 54 35 36 62 61 27 0 85 30 13 64 8 71 83 64 65 45 70 76 89 35 15 60 89 34 25 4 42 31 23 54 97 92 92 83 98 37 7 39 99 32 63 48 63 35 72 43 21 91 51 23 3 64 1 93 6 73 53 10 95 98 12 99 41 92 77 88 62 3 23 83 94 99 
97 37 47 17 94 11 68 43 97 75 31 58 53 39 60 41 55 8 5 47 43 34 3 57 33 67 41 85 0 48 30 96 99 81 2 76 2 53 93 65 76 79 63 77 49 37 50 15 74 22 33 72 1 47 25 81 38 17 53 69 93 91 8 61 10 35 64 67 69 14 67 92 1 35 71 17 38 18 39 83 15 38 63 1 34 50 78 32 58 59 74 77 29 77 
87 8 1 20 77 29 55 23 42 47 83 44 35 12 63 72 48 63 17 33 65 83 18 14 68 96 90 30 48 0 54 59 32 95 14 39 92 88 60 47 63 87 62 40 72 3 60 26 58 33 31 53 92 42 79 58 46 86 26 74 75 7 3 31 78 79 92 97 43 19 84 90 89 57 43 5 12 25 23 7 5 80 29 54 31 22 28 6 36 73 83 49 52 95 
14 46 30 10 83 76 98 83 25 28 50 54 99 57 39 46 78 32 78 81 69 23 86 12 54 40 33 13 30 54 0 25 77 41 86 29 41 48 24 29 85 90 38 6 24 69 21 14 57 30 29 92 55 29 64 82 61 70 84 73 80 49 53 93 93 97 58 95 40 91 79 62 58 6 77 26 80 94 38 45 61 16 93 42 64 8 3 47 76 53 67 26 38 4 
10 69 64 93 12 6 64 41 22 34 82 44 84 53 24 95 41 80 69 71 45 4 12 53 63 72 71 64 96 59 25 0 26 85 65 1 53 82 47 85 18 55 36 79 61 51 47 24 66 1 33 13 91 76 26 56 70 6 15 88 3 92 65 99 88 59 25 46 15 78 87 33 92 73 39 84 21 25 72 28 38 96 83 17 55 97 53 74 6 67 81 95 51 3 
8 58 76 52 37 82 81 45 28 73 83 75 78 84 69 10 60 93 31 55 85 35 94 67 76 8 97 8 99 32 77 26 0 90 33 8 90 86 37 67 74 12 36 43 40 53 94 85 21 74 8 53 70 58 63 90 84 17 29 46 83 82 69 68 62 84 70 39 75 64 73 13 35 25 84 35 23 90 41 88 76 78 39 76 22 16 56 69 83 69 12 37 58 28 
64 83 36 11 17 6 29 17 47 69 96 99 38 77 70 89 96 77 53 25 74 50 54 22 9 17 8 71 81 95 41 85 90 0 80 2 13 2 9 90 64 91 16 86 81 85 28 94 8 15 76 13 62 21 38 63 67 34 58 75 73 6 1 3 5 65 58 36 31 5 76 81 15 3 53 55 16 97 89 1 60 63 2 92 68 82 42 84 45 98 7 88 57 50 
62 97 54 69 31 43 38 18 36 40 72 98 90 69 62 47 80 47 85 78 51 89 60 82 35 67 39 83 2 14 86 65 33 80 0 48 73 60 94 83 81 99 93 39 11 88 66 96 89 60 74 96 92 35 51 52 83 83 52 92 25 56 69 66 38 58 98 88 45 58 42 33 28 56 64 81 92 77 57 27 63 54 93 23 39 21 59 44 20 46 76 38 85 35 
23 14 94 24 85 87 65 89 63 33 22 76 55 26 88 59 90 88 37 90 81 71 83 95 34 62 82 64 76 39 29 1 8 2 48 0 88 59 2 41 86 38 59 8 25 25 84 42 95 28 33 15 26 14 79 37 25 4 57 94 32 29 77 3 61 60 73 41 16 38 8 83 39 48 61 61 49 83 9 86 69 40 64 55 14 62 41 74 75 69 25 26 34 19 
58 11 34 15 58 53 38 1 69 98 19 60 5 70 67 22 32 71 99 36 51 38 12 35 93 70 30 65 2 92 41 53 90 13 73 88 0 79 47 79 8 78 9 39 50 15 18 46 58 78 88 27 32 59 24 38 43 94 90 82 97 27 47 19 25 40 76 40 7 69 40 47 22 68 74 25 72 33 13 87 66 8 3 97 21 4 86 95 36 18 18 56 44 53 
2 24 3 64 36 58 94 98 63 8 47 67 44 32 20 55 57 70 60 58 36 34 84 62 26 51 4 45 53 88 48 82 86 2 60 59 79 0 96 26 90 30 52 68 48 21 72 80 9 24 61 57 10 47 61 66 63 22 14 23 28 26 18 33 94 15 86 53 26 61 84 69 90 25 58 64 13 19 27 78 26 1 23 15 75 40 76 20 10 72 54 67 28 89 
1 82 85 22 42 57 19 83 33 34 45 75 12 60 37 1 34 56 32 32 73 13 4 92 68 59 75 70 93 60 24 47 37 9 94 2 47 96 0 3 72 86 20 15 14 98 83 23 62 82 12 29 45 3 4 11 32 92 97 30 56 30 34 42 66 50 26 86 49 54 49 1 39 8 22 6 16 78 81 64 98 31 33 73 45 41 68 25 79 68 51 49 36 53 
61 8 84 47 82 79 79 72 46 63 92 92 30 63 18 20 39 93 36 40 16 38 84 86 2 80 51 76 65 47 29 85 67 90 83 41 79 26 3 0 32 2 65 32 19 67 16 44 40 21 2 1 46 83 30 27 8 53 4 22 84 80 63 70 68 9 73 44 96 90 77 73 59 69 59 82 64 93 53 38 48 52 24 71 1 24 23 88 60 9 3 19 4 15 
82 25 49 4 3 88 71 15 89 15 10 6 77 30 22 20 93 99 33 15 40 80 1 61 99 15 92 89 76 63 85 18 74 64 81 86 8 90 72 32 0 80 68 35 82 65 45 43 35 79 45 61 68 43 23 42 69 42 40 81 43 68 99 14 26 39 76 6 93 23 40 74 15 48 72 2 34 71 61 20 16 98 99 54 70 21 36 39 50 82 59 13 76 54 
9 75 55 57 86 82 93 37 43 78 5 27 90 67 78 86 21 88 51 94 3 66 94 93 9 78 17 35 79 87 90 55 12 91 99 38 78 30 86 2 80 0 25 96 23 34 25 31 88 1 88 36 46 64 9 42 15 63 11 30 31 38 98 40 11 68 55 78 46 74 69 24 82 65 82 82 33 94 15 31 39 97 88 1 38 67 43 62 19 1 46 83 95 72 
89 93 33 89 94 11 53 27 58 44 78 68 33 33 27 28 15 86 52 49 36 7 86 99 90 13 50 15 63 62 38 36 36 16 93 59 9 52 20 65 68 25 0 71 97 54 1 43 41 40 25 41 93 73 32 5 30 36 36 49 31 48 1 80 8 53 10 25 52 86 92 76 15 82 62 41 13 28 45 1 55 65 17 91 18 60 91 96 38 73 84 82 40 44 
14 21 29 81 37 73 11 33 26 62 64 32 51 72 33 98 10 75 6 14 98 80 52 92 28 12 43 60 77 40 6 79 43 86 39 8 39 68 15 32 35 96 71 0 71 91 24 31 74 64 91 49 45 95 17 60 91 45 86 49 18 52 49 7 77 67 87 36 45 79 99 1 39 19 82 37 49 4 52 49 4 89 58 17 88 64 87 22 34 95 32 69 39 72 
48 33 56 47 47 49 33 2 33 86 24 12 52 61 9 22 68 16 34 20 80 93 92 75 30 80 71 89 49 72 24 61 40 81 11 25 50 48 14 19 82 23 97 71 0 70 54 13 97 47 41 18 94 79 62 36 59 32 31 49 31 97 97 21 7 75 36 37 74 39 72 57 72 68 50 62 83 99 84 86 88 48 1 66 22 22 40 77 61 3 41 78 44 84 
73 13 83 55 81 20 47 49 34 37 96 4 43 94 9 95 82 15 1 16 16 4 33 9 90 96 9 34 37 3 69 51 53 85 88 25 15 21 98 67 65 34 54 91 70 0 60 67 79 86 51 23 38 14 16 85 47 39 90 55 28 30 49 16 74 30 52 50 89 65 14 53 95 60 35 4 65 81 93 58 1 10 91 39 18 14 43 53 10 39 26 58 82 52 
31 66 32 80 28 13 64 89 7 13 60 55 24 73 21 19 80 57 10 98 16 33 87 76 78 35 32 25 50 60 21 47 94 28 66 84 18 72 83 16 45 25 1 24 54 60 0 70 54 90 70 30 91 63 77 21 56 89 96 2 63 55 11 32 70 96 48 49 11 41 26 73 88 23 50 56 89 4 29 25 21 66 88 10 12 22 59 88 95 65 79 88 72 87 
72 95 29 72 73 26 94 23 66 54 65 2 90 28 69 68 4 88 32 42 95 86 85 82 11 7 26 4 15 26 14 24 85 94 96 42 46 80 23 44 43 31 43 31 13 67 70 0 83 1 43 35 67 58 93 7 71 3 13 91 5 1 35 77 9 24 62 28 16 12 86 54 91 48 61 89 30 84 51 70 39 84 75 96 48 6 60 12 36 52 85 74 13 36 
4 61 95 15 29 78 19 35 52 27 83 14 44 98 83 36 48 2 36 36 67 45 82 28 62 70 35 42 74 58 57 66 21 8 89 95 58 9 62 40 35 88 41 74 97 79 54 83 0 17 10 85 59 49 22 48 72 57 52 68 4 93 51 54 88 80 93 40 81 83 83 3 31 86 48 66 42 57 42 80 45 95 80 87 34 55 16 28 38 6 65 35 43 88 
71 25 75 78 3 17 37 95 32 83 32 60 89 94 55 96 71 85 89 26 35 30 6 26 17 86 55 31 22 33 30 1 74 15 60 28 78 24 82 21 79 1 40 64 47 86 90 1 17 0 45 91 43 45 53 89 58 81 3 65 74 96 50 32 32 42 40 15 3 48 36 51 33 33 42 43 96 17 84 29 32 92 12 39 88 17 57 10 65 84 27 3 39 86 
22 83 9 16 14 5 30 22 8 13 2 57 96 69 86 30 43 76 61 52 84 47 12 87 80 45 98 23 33 31 29 33 8 76 74 33 88 61 12 2 45 88 25 91 41 51 70 43 10 45 0 31 87 54 32 31 37 16 22 93 48 74 45 5 67 44 19 60 91 30 78 10 24 91 9 92 15 88 48 73 38 42 90 31 40 6 34 75 20 94 38 90 16 13 
50 98 33 26 42 89 40 69 14 26 85 82 29 39 94 23 6 77 39 35 94 68 70 37 75 71 97 54 72 53 92 13 53 13 96 15 27 57 29 1 61 36 41 49 18 23 30 35 85 91 31 0 98 65 1 70 51 48 19 69 68 67 75 70 56 66 82 51 49 5 51 57 79 39 11 95 25 40 59 56 1 39 94 86 96 71 74 56 16 97 50 56 7 33 
58 3 9 54 37 28 29 68 4 2 79 9 65 61 75 57 21 91 12 23 19 67 10 15 77 73 71 97 1 92 55 91 70 62 92 26 32 10 45 46 68 46 93 45 94 38 91 67 59 43 87 98 0 30 94 79 20 29 79 42 93 25 90 11 70 16 47 30 45 20 84 75 80 45 99 13 87 78 50 32 54 88 93 79 3 70 97 23 43 3 21 57 40 38 
4 93 85 85 41 51 55 49 29 42 69 39 87 98 90 11 58 19 45 34 75 29 47 4 98 13 6 92 47 42 29 76 58 21 35 14 59 47 3 83 43 64 73 95 79 14 63 58 49 45 54 65 30 0 27 22 4 63 29 10 55 2 29 7 45 68 33 30 70 13 91 16 75 93 17 24 16 12 5 72 95 25 81 38 64 61 82 50 79 12 1 48 24 82 
69 99 78 59 19 69 30 19 16 56 55 5 59 10 24 43 60 63 44 62 19 58 75 93 1 47 64 92 25 79 64 26 63 38 51 79 24 61 4 30 23 9 32 17 62 16 77 93 22 53 32 1 94 27 0 91 13 57 82 29 36 81 9 17 7 22 35 48 46 43 26 36 76 27 54 88 75 67 78 61 53 50 37 61 96 48 70 35 62 33 48 19 92 92 
25 11 51 86 98 4 56 98 30 56 26 71 89 68 95 73 55 46 8 79 26 85 94 85 31 83 95 83 81 58 82 56 90 63 52 37 38 66 11 27 42 42 5 60 36 85 21 7 48 89 31 70 79 22 91 0 74 82 13 42 58 71 3 35 81 67 88 72 15 27 40 91 59 46 83 85 53 14 10 26 48 65 89 40 86 22 46 45 89 84 69 68 71 36 
44 55 80 30 39 59 91 12 67 65 84 77 52 79 91 32 78 66 63 8 18 44 33 73 4 8 25 98 38 46 61 70 84 67 83 25 43 63 32 8 69 15 30 91 59 47 56 71 72 58 37 51 20 4 13 74 0 35 25 62 88 74 21 77 73 59 56 16 83 42 64 28 97 83 90 72 74 97 61 90 80 89 23 35 56 8 38 99 1 76 74 64 58 65 
77 97 42 45 64 13 28 12 62 16 28 74 23 64 14 13 25 53 57 33 50 95 39 44 82 30 47 37 17 86 70 6 17 34 83 4 94 22 92 53 42 63 36 45 32 39 89 3 57 81 16 48 29 63 57 82 35 0 40 15 23 27 16 82 77 93 27 50 89 33 26 99 53 61 78 6 47 65 11 98 2 57 73 92 57 22 87 38 73 75 93 15 15 50 
27 83 65 38 47 3 61 53 84 93 57 6 11 21 12 83 59 29 97 4 38 94 43 9 65 61 21 7 53 26 84 15 29 58 52 57 90 14 97 4 40 11 36 86 31 90 96 13 52 3 22 19 79 29 82 13 25 40 0 89 46 87 31 84 78 72 59 63 43 19 59 76 13 29 46 50 95 23 77 57 90 39 87 12 20 89 51 75 92 91 41 60 3 9 
53 87 84 23 90 77 13 77 97 41 93 80 32 36 43 8 80 88 94 68 21 21 64 56 39 83 23 39 69 74 73 88 46 75 92 94 82 23 30 22 81 30 49 49 49 55 2 91 68 65 93 69 42 10 29 42 62 15 89 0 76 72 30 96 11 73 64 14 36 62 28 6 49 37 83 68 7 39 19 72 54 16 53 47 98 75 54 4 25 44 26 27 2 7 
81 71 25 92 3 97 18 69 59 61 9 85 10 56 11 88 37 39 53 96 41 53 24 18 68 74 1 99 93 75 80 3 83 73 25 32 97 28 56 84 43 31 31 18 31 28 63 5 4 74 48 68 93 55 36 58 88 23 46 76 0 19 35 32 97 81 99 44 52 37 83 9 3 20 63 95 76 26 36 80 63 77 77 75 71 48 79 32 34 44 10 57 87 47 
42 67 21 55 99 97 72 46 83 71 56 60 7 29 89 9 81 21 25 58 53 32 41 61 31 47 70 32 91 7 49 92 82 6 56 29 27 26 30 80 68 38 48 52 97 30 55 1 93 96 74 67 25 2 81 71 74 27 87 72 19 0 38 37 11 51 78 20 46 35 36 8 72 2 4 47 62 7 4 9 37 85 49 82 15 16 49 44 44 58 86 68 47 51 
83 72 45 77 29 62 92 65 35 50 77 32 31 46 25 62 59 98 44 97 24 26 64 33 22 87 23 63 8 3 53 65 69 1 69 77 47 18 34 63 99 98 1 49 97 49 11 35 51 50 45 75 90 29 9 3 21 16 31 30 35 38 0 3 1 82 59 19 46 66 28 97 84 59 21 97 44 85 12 99 91 47 38 89 41 7 45 31 59 34 66 22 90 58 
16 49 16 13 79 16 8 90 31 51 47 91 68 93 48 24 52 52 52 47 19 64 64 99 27 85 28 48 61 31 93 99 68 3 66 3 19 33 42 70 14 40 80 7 21 16 32 77 54 32 5 70 11 7 17 35 77 82 84 96 32 37 3 0 1 78 68 16 71 4 48 43 2 82 48 17 69 22 62 30 45 97 67 35 89 87 78 98 39 11 22 17 79 8 
65 55 31 60 76 75 84 41 58 33 50 8 19 57 69 35 64 60 11 90 80 53 32 84 96 98 26 63 10 78 93 88 62 5 38 61 25 94 66 68 26 11 8 77 7 74 70 9 88 32 67 56 70 45 7 81 73 77 78 11 97 11 1 1 0 54 54 68 78 13 87 86 29 14 62 7 58 46 62 52 94 7 58 41 8 5 93 8 19 52 73 3 83 47 
69 16 92 27 59 13 57 8 97 91 12 67 13 52 44 95 74 95 95 22 52 60 19 28 11 48 65 35 35 79 97 59 84 65 58 60 40 15 50 9 39 68 53 67 75 30 96 24 80 42 44 66 16 68 22 67 59 93 72 73 81 51 82 78 54 0 19 87 30 36 12 53 77 38 79 70 25 70 30 78 25 43 11 66 86 54 21 14 27 7 32 84 50 66 
26 6 15 77 43 19 52 8 50 21 9 33 74 5 92 4 84 65 50 93 33 18 41 96 70 89 46 72 64 92 58 25 70 58 98 73 76 86 26 73 76 55 10 87 36 52 48 62 93 40 19 82 47 33 35 88 56 27 59 64 99 78 59 68 54 19 0 55 1 51 82 38 77 71 21 55 16 46 30 71 15 14 77 82 48 44 76 63 26 26 73 43 62 45 
99 18 20 72 27 31 33 34 47 53 62 47 75 80 14 56 89 15 19 85 38 23 6 53 34 74 39 43 67 97 95 46 39 36 88 41 40 53 86 44 6 78 25 36 37 50 49 28 40 15 60 51 30 30 48 72 16 50 63 14 44 20 19 16 68 87 55 0 45 54 33 29 6 21 62 8 52 98 51 84 22 10 78 12 68 36 38 42 10 16 94 86 77 30 
88 43 27 88 22 60 77 59 84 39 75 76 92 76 7 69 83 98 11 59 31 55 93 51 37 77 58 21 69 43 40 15 75 31 45 16 7 26 49 96 93 46 52 45 74 89 11 16 81 3 91 49 45 70 46 15 83 89 43 36 52 46 46 71 78 30 1 45 0 53 26 87 38 16 23 92 37 46 67 4 59 96 73 73 90 17 86 75 33 63 7 74 38 3 
8 21 87 40 59 6 63 8 42 66 24 83 66 32 3 16 56 53 62 65 41 14 80 81 10 88 53 91 14 19 91 78 64 5 58 38 69 61 54 90 23 74 86 79 39 65 41 12 83 48 30 5 20 13 43 27 42 33 19 62 37 35 66 4 13 36 51 54 53 0 46 14 42 34 4 5 31 66 70 89 75 37 66 57 78 71 17 43 98 58 94 6 90 88 
27 49 8 44 17 17 52 35 21 81 89 45 86 77 68 25 79 45 40 41 51 31 83 92 1 46 53 51 67 84 79 87 73 76 42 8 40 84 49 77 40 69 92 99 72 14 26 86 83 36 78 51 84 91 26 40 64 26 59 28 83 36 28 48 87 12 82 33 26 46 0 30 96 70 87 42 82 52 47 59 40 84 16 76 94 94 53 57 26 80 37 5 83 95 
26 23 54 77 93 96 97 5 41 58 90 65 54 53 94 95 71 17 7 79 74 24 75 80 56 37 33 23 92 90 62 33 13 81 33 83 47 69 1 73 74 24 76 1 57 53 73 54 3 51 10 57 75 16 36 91 28 99 76 6 9 8 97 43 86 53 38 29 87 14 30 0 12 43 23 85 29 57 33 59 87 69 67 23 3 74 2 34 81 8 64 70 6 43 
23 14 48 39 38 97 31 6 51 53 83 38 43 39 5 63 28 65 8 79 69 51 41 27 70 88 70 3 1 89 58 92 35 15 28 39 22 90 39 59 15 82 15 39 72 95 88 91 31 33 24 79 80 75 76 59 97 53 13 49 3 72 84 2 29 77 77 6 38 42 96 12 0 16 36 47 82 24 21 5 24 26 47 32 26 19 12 54 46 7 21 6 68 12 
10 98 61 92 12 61 23 62 5 90 83 48 7 84 29 27 24 31 80 63 81 22 26 38 11 40 80 64 35 57 6 73 25 3 56 48 68 25 8 69 48 65 82 19 68 60 23 48 86 33 91 39 45 93 27 46 83 61 29 37 20 2 59 82 14 38 71 21 16 34 70 43 16 0 45 45 27 86 57 81 54 38 47 12 65 57 84 23 57 77 75 72 37 51 
68 54 35 70 23 44 6 51 10 20 6 74 10 81 36 99 54 83 13 63 16 72 69 25 4 38 6 1 71 43 77 39 84 53 64 61 74 58 22 59 72 82 62 82 50 35 50 61 48 42 9 11 99 17 54 83 90 78 46 83 63 4 21 48 62 79 21 62 23 4 87 23 36 45 0 32 24 29 1 40 62 33 67 59 47 80 38 54 91 89 34 35 26 79 
24 85 33 99 7 32 92 77 1 95 43 91 37 75 83 48 70 11 1 48 64 4 50 57 40 7 34 93 17 5 26 84 35 55 81 61 25 64 6 82 2 82 41 37 62 4 56 89 66 43 92 95 13 24 88 85 72 6 50 68 95 47 97 17 7 70 55 8 92 5 42 85 47 45 32 0 20 84 53 76 85 64 97 80 99 42 39 40 7 9 1 88 43 19 
28 11 20 34 97 45 96 46 91 65 47 85 88 71 78 88 69 46 4 28 65 24 83 41 78 44 65 6 38 12 80 21 23 16 92 49 72 13 16 64 34 33 13 49 83 65 89 30 42 96 15 25 87 16 75 53 74 47 95 7 76 62 44 69 58 25 16 52 37 31 82 29 82 27 24 20 0 45 44 94 6 3 63 37 95 60 84 20 24 31 18 99 40 56 
38 97 68 44 15 25 23 97 22 43 22 16 60 27 47 36 24 89 52 72 92 13 87 53 38 59 54 73 18 25 94 25 90 97 77 83 33 19 78 93 71 94 28 4 99 81 4 84 57 17 88 40 78 12 67 14 97 65 23 39 26 7 85 22 46 70 46 98 46 66 52 57 24 86 29 84 45 0 24 17 10 92 31 49 50 38 52 22 1 32 94 19 40 45 
58 56 25 27 88 63 77 22 75 48 52 66 9 58 79 17 47 79 16 43 21 78 47 39 17 2 54 53 39 23 38 72 41 89 57 9 13 27 81 53 61 15 45 52 84 93 29 51 42 84 48 59 50 5 78 10 61 11 77 19 36 4 12 62 62 30 30 51 67 70 47 33 21 57 1 53 44 24 0 50 45 24 37 82 90 70 75 86 69 62 44 47 54 75 
84 62 84 57 76 80 23 93 22 22 74 53 54 31 7 88 40 60 68 15 55 8 14 20 26 84 54 10 83 7 45 28 88 1 27 86 87 78 64 38 20 31 1 49 86 58 25 70 80 29 73 56 32 72 61 26 90 98 57 72 80 9 99 30 52 78 71 84 4 89 59 59 5 81 40 76 94 17 50 0 13 36 18 12 5 88 27 66 17 76 26 64 25 17 
39 57 95 70 36 22 19 72 34 98 43 70 88 65 92 91 67 98 82 94 24 53 22 45 47 30 13 95 15 5 61 38 76 60 63 69 66 26 98 48 16 39 55 4 88 1 21 39 45 32 38 1 54 95 53 48 80 2 90 54 63 37 91 45 94 25 15 22 59 75 40 87 24 54 62 85 6 10 45 13 0 80 85 57 20 34 66 30 39 84 54 70 92 65 
9 90 39 74 64 20 94 93 39 2 14 67 19 39 81 79 78 43 60 52 7 31 81 21 8 49 81 98 38 80 16 96 78 63 54 40 8 1 31 52 98 97 65 89 48 10 66 84 95 92 42 39 88 25 50 65 89 57 39 16 77 85 47 97 7 43 14 10 96 37 84 69 26 38 33 64 3 92 24 36 80 0 20 55 76 70 71 94 23 82 29 98 74 58 
33 22 48 53 33 78 30 26 38 90 19 90 22 19 21 88 27 65 67 19 25 27 82 64 44 56 97 12 63 29 93 83 39 2 93 64 3 23 33 24 99 88 17 58 1 91 88 75 80 12 90 94 93 81 37 89 23 73 87 53 77 49 38 67 58 11 77 78 73 66 16 67 47 47 67 97 63 31 37 18 85 20 0 51 21 30 33 44 92 48 47 58 80 2 
35 97 6 90 92 34 19 98 44 39 24 29 68 96 24 58 25 6 16 79 1 9 95 22 1 46 34 99 1 54 42 17 76 92 23 55 97 15 73 71 54 1 91 17 66 39 10 96 87 39 31 86 79 38 61 40 35 92 12 47 75 82 89 35 41 66 82 12 73 57 76 23 32 12 59 80 37 49 82 12 57 55 51 0 13 40 20 56 60 58 67 89 58 54 
11 84 80 28 50 5 53 2 34 13 46 20 15 42 64 25 18 91 62 11 49 97 50 66 57 9 52 41 34 31 64 55 22 68 39 14 21 75 45 1 70 38 18 88 22 18 12 48 34 88 40 96 3 64 96 86 56 57 20 98 71 15 41 89 8 86 48 68 90 78 94 3 26 65 47 99 95 50 90 5 20 76 21 13 0 56 3 34 45 54 38 63 74 61 
24 26 64 44 1 40 32 14 96 19 96 18 21 96 72 56 88 77 65 36 81 85 52 69 15 35 56 92 50 22 8 97 16 82 21 62 4 40 41 24 21 67 60 64 22 14 22 6 55 17 6 71 70 61 48 22 8 22 89 75 48 16 7 87 5 54 44 36 17 71 94 74 19 57 80 42 60 38 70 88 34 70 30 40 56 0 70 73 87 83 13 49 9 84 
16 15 88 2 23 68 50 39 42 78 53 6 86 58 7 50 2 56 20 50 29 82 15 93 56 30 81 77 78 28 3 53 56 42 59 41 86 76 68 23 36 43 91 87 40 43 59 60 16 57 34 74 97 82 70 46 38 87 51 54 79 49 45 78 93 21 76 38 86 17 53 2 12 84 38 39 84 52 75 27 66 71 33 20 3 70 0 65 27 53 18 28 43 49 
88 14 33 83 98 35 99 86 72 78 34 80 10 49 22 53 46 43 45 94 89 74 31 19 56 1 55 88 32 6 47 74 69 84 44 74 95 20 25 88 39 62 96 22 77 53 88 12 28 10 75 56 23 50 35 45 99 38 75 4 32 44 31 98 8 14 63 42 75 43 57 34 54 23 54 40 20 22 86 66 30 94 44 56 34 73 65 0 54 93 15 85 46 29 
26 85 43 95 71 35 84 28 70 89 55 11 43 43 65 25 59 21 88 80 2 40 11 69 53 80 13 62 58 36 76 6 83 45 20 75 36 10 79 60 50 19 38 34 61 10 95 36 38 65 20 16 43 79 62 89 1 73 92 25 34 44 59 39 19 27 26 10 33 98 26 81 46 57 91 7 24 1 69 17 39 23 92 60 45 87 27 54 0 16 34 90 71 15 
72 44 75 97 37 43 94 39 71 91 15 30 67 53 51 16 22 89 62 90 74 57 86 17 79 20 86 3 59 73 53 67 69 98 46 69 18 72 68 9 82 1 73 95 3 39 65 52 6 84 94 97 3 12 33 84 76 75 91 44 44 58 34 11 52 7 26 16 63 58 80 8 7 77 89 9 31 32 62 76 84 82 48 58 54 83 53 93 16 0 91 80 66 14 
93 7 67 27 19 79 46 85 24 84 58 18 21 23 91 68 18 69 22 5 22 61 5 79 98 5 11 23 74 83 67 81 12 7 76 25 18 54 51 3 59 46 84 32 41 26 79 85 65 27 38 50 21 1 48 69 74 93 41 26 10 86 66 22 73 32 73 94 7 94 37 64 21 75 34 1 18 94 44 26 54 29 47 67 38 13 18 15 34 91 0 27 52 24 
75 78 89 85 28 83 52 34 87 40 62 82 17 65 10 74 57 19 1 6 1 26 8 60 54 72 82 83 77 49 26 95 37 88 38 26 56 67 49 19 13 83 82 69 78 58 88 74 35 3 90 56 57 48 19 68 64 15 60 27 57 68 22 17 3 84 43 86 74 6 5 70 6 72 35 88 99 19 47 64 70 98 58 89 63 49 28 85 90 80 27 0 94 11 
63 57 99 31 29 39 87 2 40 99 41 47 59 71 93 47 34 93 64 87 77 66 55 57 61 2 79 94 29 52 38 51 58 57 85 34 44 28 36 4 76 95 40 39 44 82 72 13 43 39 16 7 40 24 92 71 58 15 3 2 87 47 90 79 83 50 62 77 38 90 83 6 68 37 26 43 40 40 54 25 92 74 80 58 74 9 43 46 71 66 52 94 0 73 
47 60 31 65 53 49 16 32 32 16 73 8 78 62 68 21 44 50 95 30 33 96 60 45 1 9 72 99 77 95 4 3 28 50 35 19 53 89 53 15 54 72 44 72 84 52 87 36 88 86 13 33 38 82 92 36 65 50 9 7 47 51 58 8 47 66 45 30 3 88 95 43 12 51 79 19 56 45 75 17 65 58 2 54 61 84 49 29 15 14 24 11 73 0 
