95
0 38 13 73 10 76 6 80 65 17 2 77 72 7 26 51 21 19 85 12 29 30 15 51 69 88 88 95 97 87 14 10 8 64 62 23 58 2 1 61 82 9 89 14 48 73 31 72 4 71 22 50 58 4 69 25 44 77 27 53 81 42 83 16 65 69 26 99 88 8 27 26 23 10 68 24 28 38 58 84 39 9 33 35 11 24 16 88 26 72 93 75 63 47 33 
38 0 89 24 56 66 78 4 1 78 7 53 86 71 3 77 92 22 76 8 78 73 76 77 44 21 31 37 8 46 69 58 83 97 14 11 24 82 8 25 75 93 21 33 13 66 95 61 25 83 98 3 93 99 11 55 97 83 87 71 67 72 49 55 16 6 18 43 21 49 23 14 98 54 85 11 97 56 62 57 90 22 97 84 26 15 14 85 44 7 78 57 60 16 25 
13 89 0 10 67 72 54 70 37 22 41 78 92 50 48 78 41 79 46 88 17 29 46 68 67 79 47 1 30 64 76 36 54 94 34 3 85 84 49 55 33 29 56 83 32 29 95 75 9 33 9 85 78 51 80 42 65 84 25 21 45 16 31 92 15 20 27 87 8 54 48 61 35 33 20 68 25 84 95 39 48 6 80 64 88 33 43 75 67 89 99 31 18 69 65 
73 24 10 0 61 79 18 40 36 82 29 23 39 42 75 78 71 26 49 51 63 45 55 1 87 17 20 10 93 52 11 69 24 15 64 22 47 4 57 89 81 47 55 80 72 15 78 16 26 54 85 59 86 30 45 38 23 92 55 77 13 60 27 77 72 88 40 44 77 39 92 70 99 34 44 27 57 70 74 53 90 28 44 2 83 95 97 27 85 31 65 23 99 53 4 
10 56 67 61 0 71 13 40 84 49 62 71 14 37 24 23 67 93 96 54 10 42 58 89 94 77 83 12 37 17 31 85 58 36 42 82 3 86 94 37 47 81 28 73 29 3 14 42 37 41 19 98 39 64 47 90 3 99 29 79 76 59 43 27 22 59 17 93 38 12 23 7 97 15 88 76 36 64 33 92 50 1 23 98 71 37 19 28 29 53 95 51 47 8 86 
76 66 72 79 71 0 17 30 12 62 15 31 9 41 49 31 24 67 93 65 13 18 34 11 29 76 6 82 6 43 87 53 58 57 79 88 82 11 73 49 20 13 26 78 17 5 89 28 51 69 4 59 13 3 77 97 97 62 16 75 13 19 31 60 6 17 96 97 61 44 32 45 25 63 80 22 20 78 34 5 40 68 35 35 43 79 83 39 49 82 6 92 9 41 70 
6 78 54 18 13 17 0 6 8 79 38 79 34 28 52 78 31 44 47 10 68 4 68 55 98 64 81 29 38 65 38 94 19 79 71 93 53 11 33 47 64 94 19 37 30 40 29 55 30 56 91 28 61 13 18 72 92 8 84 57 52 33 77 63 52 97 31 23 6 92 96 23 77 23 19 94 30 19 53 32 50 99 84 94 46 52 87 16 72 49 29 84 28 44 20 
80 4 70 40 40 30 6 0 80 71 89 87 12 66 94 16 52 99 87 46 64 43 23 83 41 45 17 18 89 1 98 83 72 15 37 27 33 2 49 89 23 35 95 22 69 68 49 19 98 12 12 53 77 69 46 65 90 41 8 8 34 59 8 35 5 6 62 51 77 46 97 22 93 72 93 26 98 2 14 39 86 28 39 85 34 2 32 39 29 76 32 52 67 68 33 
65 1 37 36 84 12 8 80 0 75 33 98 6 1 38 73 44 25 17 97 97 42 25 22 28 47 36 63 69 63 33 46 89 43 58 26 33 34 7 66 52 32 8 14 4 29 16 30 67 62 84 97 59 83 35 31 58 97 50 47 84 42 21 41 51 5 10 1 91 22 75 22 34 39 38 44 34 96 42 72 70 71 24 87 40 32 38 39 57 88 29 37 67 11 85 
17 78 22 82 49 62 79 71 75 0 1 17 31 4 79 60 54 70 50 75 47 28 34 73 69 40 33 98 8 34 63 15 78 44 62 86 37 13 54 27 83 13 26 2 42 56 56 65 16 93 41 61 71 50 51 33 91 21 53 39 66 81 58 53 90 20 95 65 43 48 22 98 2 90 39 13 19 78 78 89 91 84 40 99 16 38 97 37 99 2 33 31 8 51 51 
2 7 41 29 62 15 38 89 33 1 0 33 44 42 70 2 98 52 31 83 50 82 83 96 72 22 19 47 45 92 10 5 78 64 24 96 60 65 83 32 2 85 79 69 55 26 84 28 57 93 9 56 77 47 50 12 9 62 75 24 89 90 83 83 6 43 47 22 52 74 43 14 19 24 46 96 53 34 55 15 58 62 41 73 66 23 3 87 2 73 52 72 88 78 63 
77 53 78 23 71 31 79 87 98 17 33 0 49 1 43 40 4 58 44 54 44 75 99 98 76 60 67 75 92 6 27 68 32 12 4 55 2 14 60 57 82 9 39 5 71 77 74 6 80 85 60 32 91 8 67 33 47 76 83 45 65 38 48 74 91 85 16 66 53 70 67 90 29 20 18 6 80 11 30 18 82 47 8 18 87 62 65 8 30 56 29 44 99 56 6 
72 86 92 39 14 9 34 12 6 31 44 49 0 51 93 64 53 35 99 84 78 38 90 55 5 44 12 30 77 90 33 51 52 43 24 90 44 89 96 29 65 87 59 89 52 23 11 32 10 7 31 68 19 13 74 75 92 66 86 54 43 7 10 37 88 60 9 54 88 19 22 68 15 21 86 10 43 67 21 17 59 78 43 36 76 29 86 35 45 93 83 9 31 65 78 
7 71 50 42 37 41 28 66 1 4 42 1 51 0 19 39 12 57 53 84 77 69 26 70 32 60 63 30 67 33 72 61 94 73 28 98 94 69 39 61 98 10 68 79 64 21 36 56 29 46 93 57 52 5 80 76 32 77 53 39 84 81 75 71 27 58 31 65 39 19 96 42 96 58 49 43 53 23 65 71 62 61 97 28 1 27 51 21 27 66 78 19 61 83 60 
26 3 48 75 24 49 52 94 38 79 70 43 93 19 0 63 39 24 69 70 62 88 67 20 37 18 22 78 27 33 9 9 21 69 83 55 86 94 75 90 24 95 91 14 12 43 11 89 25 48 69 44 92 14 7 3 68 94 5 29 36 83 78 47 79 7 92 81 21 24 64 72 7 22 65 51 91 10 93 68 86 34 72 9 52 34 62 8 60 42 28 52 41 72 46 
51 77 78 78 23 31 78 16 73 60 2 40 64 39 63 0 95 10 89 47 59 22 55 1 20 20 86 28 98 22 95 19 68 36 96 30 23 57 11 43 73 32 13 83 8 88 9 62 24 35 95 4 56 69 16 25 95 63 27 99 48 88 36 17 88 91 79 88 58 25 56 50 53 25 16 68 74 47 21 67 95 13 26 1 98 99 78 12 91 25 55 48 78 41 60 
21 92 41 71 67 24 31 52 44 54 98 4 53 12 39 95 0 96 80 90 32 57 34 39 93 21 15 10 68 82 80 4 48 71 43 6 21 58 60 55 78 25 59 80 37 81 59 52 64 74 84 89 83 56 79 71 28 24 54 70 69 24 47 40 67 78 27 25 18 88 2 46 59 22 18 57 34 44 76 99 3 97 91 84 27 27 53 56 8 63 32 80 93 77 47 
19 22 79 26 93 67 44 99 25 70 52 58 35 57 24 10 96 0 88 71 70 56 93 99 88 86 75 16 15 57 88 2 85 76 77 91 19 63 46 66 53 29 88 39 21 98 52 60 95 65 15 98 53 45 17 65 31 83 11 46 89 79 60 98 43 65 6 91 77 56 43 21 89 69 19 93 50 84 16 18 62 8 65 56 3 91 5 17 78 69 31 53 85 37 99 
85 76 46 49 96 93 47 87 17 50 31 44 99 53 69 89 80 88 0 60 32 36 33 51 52 6 34 1 10 32 36 89 61 39 12 45 44 8 63 57 97 94 53 25 44 52 11 95 50 19 11 62 40 7 8 80 13 1 4 52 16 68 82 60 67 16 62 65 20 45 88 62 22 1 64 95 85 2 85 61 77 23 15 25 47 33 81 71 55 25 78 90 36 58 32 
12 8 88 51 54 65 10 46 97 75 83 54 84 84 70 47 90 71 60 0 40 15 94 49 14 20 16 98 42 36 26 52 35 23 34 62 79 8 33 4 68 96 58 97 47 90 22 93 85 59 65 41 79 79 63 63 48 28 72 43 15 94 52 19 79 11 36 50 94 80 90 5 6 87 30 54 81 73 30 39 79 55 43 65 69 45 85 74 51 81 51 36 73 16 40 
29 78 17 63 10 13 68 64 97 47 50 44 78 77 62 59 32 70 32 40 0 3 36 98 80 16 16 95 67 35 84 94 19 75 19 26 18 50 38 21 41 53 24 19 80 52 33 38 31 41 51 74 69 81 16 64 65 92 21 55 24 7 25 1 49 81 29 89 2 74 22 1 77 33 41 82 84 31 88 54 34 83 23 4 35 50 89 71 38 34 13 38 80 66 7 
30 73 29 45 42 18 4 43 42 28 82 75 38 69 88 22 57 56 36 15 3 0 80 93 4 33 86 45 30 47 68 67 29 58 85 44 95 94 21 53 32 26 64 53 60 18 23 55 14 31 24 51 22 72 4 24 13 78 8 53 31 27 9 97 85 82 74 40 57 61 26 66 96 28 19 87 2 35 3 18 86 12 94 54 60 83 12 84 4 84 1 94 86 52 92 
15 76 46 55 58 34 68 23 25 34 83 99 90 26 67 55 34 93 33 94 36 80 0 33 87 85 82 6 12 70 10 47 75 94 33 39 43 64 24 41 64 64 32 19 41 6 93 80 83 75 41 26 69 50 83 87 47 14 22 81 82 95 50 52 15 31 11 86 5 8 55 60 85 99 42 36 57 14 12 53 67 22 82 95 35 62 92 86 61 93 99 92 75 9 76 
51 77 68 1 89 11 55 83 22 73 96 98 55 70 20 1 39 99 51 49 98 93 33 0 82 28 26 87 37 15 4 93 85 73 44 9 56 18 61 33 99 84 28 96 53 51 81 92 80 27 38 25 57 41 53 39 20 45 21 64 22 66 69 93 19 69 17 79 60 57 45 36 40 62 33 68 54 63 76 9 35 34 93 26 68 2 99 9 90 28 30 90 78 11 62 
69 44 67 87 94 29 98 41 28 69 72 76 5 32 37 20 93 88 52 14 80 4 87 82 0 17 80 75 77 98 1 31 4 82 65 39 68 31 22 27 96 11 70 34 37 10 1 56 70 11 4 40 78 38 17 26 47 8 44 1 57 15 56 56 53 79 98 54 61 1 15 61 67 96 40 72 8 17 67 62 70 51 59 80 15 78 13 12 80 96 35 7 70 86 45 
88 21 79 17 77 76 64 45 47 40 22 60 44 60 18 20 21 86 6 20 16 33 85 28 17 0 71 73 13 47 83 8 30 61 83 74 47 87 85 98 48 89 74 77 88 46 37 88 40 38 7 44 59 2 84 30 49 56 46 9 35 30 1 80 20 5 72 2 9 27 41 90 33 71 97 8 39 82 30 4 75 51 92 17 50 43 71 9 32 26 35 55 98 97 71 
88 31 47 20 83 6 81 17 36 33 19 67 12 63 22 86 15 75 34 16 16 86 82 26 80 71 0 6 64 95 25 47 21 23 1 70 23 28 26 65 46 39 58 53 53 33 70 80 6 34 65 54 54 54 13 81 97 34 52 56 81 55 13 86 11 82 79 72 85 30 13 64 8 71 83 64 65 45 70 76 89 35 15 60 89 34 25 4 42 31 23 54 97 92 92 
95 37 1 10 12 82 29 18 63 98 47 75 30 30 78 28 10 16 1 98 95 45 6 87 75 73 6 0 83 98 37 7 39 99 32 63 48 63 35 72 43 21 91 51 23 3 64 1 93 6 73 53 10 95 98 12 99 41 92 77 88 62 3 23 83 94 99 48 30 96 99 81 2 76 2 53 93 65 76 79 63 77 49 37 50 15 74 22 33 72 1 47 25 81 38 
97 8 30 93 37 6 38 89 69 8 45 92 77 67 27 98 68 15 10 42 67 30 12 37 77 13 64 83 0 17 53 69 93 91 8 61 10 35 64 67 69 14 67 92 1 35 71 17 38 18 39 83 15 38 63 1 34 50 78 32 58 59 74 77 29 77 54 59 32 95 14 39 92 88 60 47 63 87 62 40 72 3 60 26 58 33 31 53 92 42 79 58 46 86 26 
87 46 64 52 17 43 65 1 63 34 92 6 90 33 33 22 82 57 32 36 35 47 70 15 98 47 95 98 17 0 74 75 7 3 31 78 79 92 97 43 19 84 90 89 57 43 5 12 25 23 7 5 80 29 54 31 22 28 6 36 73 83 49 52 95 25 77 41 86 29 41 48 24 29 85 90 38 6 24 69 21 14 57 30 29 92 55 29 64 82 61 70 84 73 80 
14 69 76 11 31 87 38 98 33 63 10 27 33 72 9 95 80 88 36 26 84 68 10 4 1 83 25 37 53 74 0 49 53 93 93 97 58 95 40 91 79 62 58 6 77 26 80 94 38 45 61 16 93 42 64 8 3 47 76 53 67 26 38 4 26 85 65 1 53 82 47 85 18 55 36 79 61 51 47 24 66 1 33 13 91 76 26 56 70 6 15 88 3 92 65 
10 58 36 69 85 53 94 83 46 15 5 68 51 61 9 19 4 2 89 52 94 67 47 93 31 8 47 7 69 75 49 0 99 88 59 25 46 15 78 87 33 92 73 39 84 21 25 72 28 38 96 83 17 55 97 53 74 6 67 81 95 51 3 90 33 8 90 86 37 67 74 12 36 43 40 53 94 85 21 74 8 53 70 58 63 90 84 17 29 46 83 82 69 68 62 
8 83 54 24 58 58 19 72 89 78 78 32 52 94 21 68 48 85 61 35 19 29 75 85 4 30 21 39 93 7 53 99 0 84 70 39 75 64 73 13 35 25 84 35 23 90 41 88 76 78 39 76 22 16 56 69 83 69 12 37 58 28 80 2 13 2 9 90 64 91 16 86 81 85 28 94 8 15 76 13 62 21 38 63 67 34 58 75 73 6 1 3 5 65 58 
64 97 94 15 36 57 79 15 43 44 64 12 43 73 69 36 71 76 39 23 75 58 94 73 82 61 23 99 91 3 93 88 84 0 36 31 5 76 81 15 3 53 55 16 97 89 1 60 63 2 92 68 82 42 84 45 98 7 88 57 50 48 73 60 94 83 81 99 93 39 11 88 66 96 89 60 74 96 92 35 51 52 83 83 52 92 25 56 69 66 38 58 98 88 45 
62 14 34 64 42 79 71 37 58 62 24 4 24 28 83 96 43 77 12 34 19 85 33 44 65 83 1 32 8 31 93 59 70 36 0 58 42 33 28 56 64 81 92 77 57 27 63 54 93 23 39 21 59 44 20 46 76 38 85 35 88 59 2 41 86 38 59 8 25 25 84 42 95 28 33 15 26 14 79 37 25 4 57 94 32 29 77 3 61 60 73 41 16 38 8 
23 11 3 22 82 88 93 27 26 86 96 55 90 98 55 30 6 91 45 62 26 44 39 9 39 74 70 63 61 78 97 25 39 31 58 0 83 39 48 61 61 49 83 9 86 69 40 64 55 14 62 41 74 75 69 25 26 34 19 79 47 79 8 78 9 39 50 15 18 46 58 78 88 27 32 59 24 38 43 94 90 82 97 27 47 19 25 40 76 40 7 69 40 47 22 
58 24 85 47 3 82 53 33 33 37 60 2 44 94 86 23 21 19 44 79 18 95 43 56 68 47 23 48 10 79 58 46 75 5 42 83 0 68 74 25 72 33 13 87 66 8 3 97 21 4 86 95 36 18 18 56 44 53 96 26 90 30 52 68 48 21 72 80 9 24 61 57 10 47 61 66 63 22 14 23 28 26 18 33 94 15 86 53 26 61 84 69 90 25 58 
2 82 84 4 86 11 11 2 34 13 65 14 89 69 94 57 58 63 8 8 50 94 64 18 31 87 28 63 35 92 95 15 64 76 33 39 68 0 64 13 19 27 78 26 1 23 15 75 40 76 20 10 72 54 67 28 89 3 72 86 20 15 14 98 83 23 62 82 12 29 45 3 4 11 32 92 97 30 56 30 34 42 66 50 26 86 49 54 49 1 39 8 22 6 16 
1 8 49 57 94 73 33 49 7 54 83 60 96 39 75 11 60 46 63 33 38 21 24 61 22 85 26 35 64 97 40 78 73 81 28 48 74 64 0 78 81 64 98 31 33 73 45 41 68 25 79 68 51 49 36 53 32 2 65 32 19 67 16 44 40 21 2 1 46 83 30 27 8 53 4 22 84 80 63 70 68 9 73 44 96 90 77 73 59 69 59 82 64 93 53 
61 25 55 89 37 49 47 89 66 27 32 57 29 61 90 43 55 66 57 4 21 53 41 33 27 98 65 72 67 43 91 87 13 15 56 61 25 13 78 0 38 48 52 24 71 1 24 23 88 60 9 3 19 4 15 80 68 35 82 65 45 43 35 79 45 61 68 43 23 42 69 42 40 81 43 68 99 14 26 39 76 6 93 23 40 74 15 48 72 2 34 71 61 20 16 
82 75 33 81 47 20 64 23 52 83 2 82 65 98 24 73 78 53 97 68 41 32 64 99 96 48 46 43 69 19 79 33 35 3 64 61 72 19 81 38 0 98 99 54 70 21 36 39 50 82 59 13 76 54 25 96 23 34 25 31 88 1 88 36 46 64 9 42 15 63 11 30 31 38 98 40 11 68 55 78 46 74 69 24 82 65 82 82 33 94 15 31 39 97 88 
9 93 29 47 81 13 94 35 32 13 85 9 87 10 95 32 25 29 94 96 53 26 64 84 11 89 39 21 14 84 62 92 25 53 81 49 33 27 64 48 98 0 1 38 67 43 62 19 1 46 83 95 72 71 97 54 1 43 41 40 25 41 93 73 32 5 30 36 36 49 31 48 1 80 8 53 10 25 52 86 92 76 15 82 62 41 13 28 45 1 55 65 17 91 18 
89 21 56 55 28 26 19 95 8 26 79 39 59 68 91 13 59 88 53 58 24 64 32 28 70 74 58 91 67 90 58 73 84 55 92 83 13 78 98 52 99 1 0 60 91 96 38 73 84 82 40 44 71 91 24 31 74 64 91 49 45 95 17 60 91 45 86 49 18 52 49 7 77 67 87 36 45 79 99 1 39 19 82 37 49 4 52 49 4 89 58 17 88 64 87 
14 33 83 80 73 78 37 22 14 2 69 5 89 79 14 83 80 39 25 97 19 53 19 96 34 77 53 51 92 89 6 39 35 16 77 9 87 26 31 24 54 38 60 0 22 34 95 32 69 39 72 70 54 13 97 47 41 18 94 79 62 36 59 32 31 49 31 97 97 21 7 75 36 37 74 39 72 57 72 68 50 62 83 99 84 86 88 48 1 66 22 22 40 77 61 
48 13 32 72 29 17 30 69 4 42 55 71 52 64 12 8 37 21 44 47 80 60 41 53 37 88 53 23 1 57 77 84 23 97 57 86 66 1 33 71 70 67 91 22 0 3 41 78 44 84 60 67 79 86 51 23 38 14 16 85 47 39 90 55 28 30 49 16 74 30 52 50 89 65 14 53 95 60 35 4 65 81 93 58 1 10 91 39 18 14 43 53 10 39 26 
73 66 29 15 3 5 40 68 29 56 26 77 23 21 43 88 81 98 52 90 52 18 6 51 10 46 33 3 35 43 26 21 90 89 27 69 8 23 73 1 21 43 96 34 3 0 58 82 52 70 54 90 70 30 91 63 77 21 56 89 96 2 63 55 11 32 70 96 48 49 11 41 26 73 88 23 50 56 89 4 29 25 21 66 88 10 12 22 59 88 95 65 79 88 72 
31 95 95 78 14 89 29 49 16 56 84 74 11 36 11 9 59 52 11 22 33 23 93 81 1 37 70 64 71 5 80 25 41 1 63 40 3 15 45 24 36 62 38 95 41 58 0 87 83 1 43 35 67 58 93 7 71 3 13 91 5 1 35 77 9 24 62 28 16 12 86 54 91 48 61 89 30 84 51 70 39 84 75 96 48 6 60 12 36 52 85 74 13 36 17 
72 61 75 16 42 28 55 19 30 65 28 6 32 56 89 62 52 60 95 93 38 55 80 92 56 88 80 1 17 12 94 72 88 60 54 64 97 75 41 23 39 19 73 32 78 82 87 0 10 85 59 49 22 48 72 57 52 68 4 93 51 54 88 80 93 40 81 83 83 3 31 86 48 66 42 57 42 80 45 95 80 87 34 55 16 28 38 6 65 35 43 88 45 91 43 
4 25 9 26 37 51 30 98 67 16 57 80 10 29 25 24 64 95 50 85 31 14 83 80 70 40 6 93 38 25 38 28 76 63 93 55 21 40 68 88 50 1 84 69 44 52 83 10 0 45 53 89 58 81 3 65 74 96 50 32 32 42 40 15 3 48 36 51 33 33 42 43 96 17 84 29 32 92 12 39 88 17 57 10 65 84 27 3 39 86 31 87 54 32 31 
71 83 33 54 41 69 56 12 62 93 93 85 7 46 48 35 74 65 19 59 41 31 75 27 11 38 34 6 18 23 45 38 78 2 23 14 4 76 25 60 82 46 82 39 84 70 1 85 45 0 37 16 22 93 48 74 45 5 67 44 19 60 91 30 78 10 24 91 9 92 15 88 48 73 38 42 90 31 40 6 34 75 20 94 38 90 16 13 98 65 1 70 51 48 19 
22 98 9 85 19 4 91 12 84 41 9 60 31 93 69 95 84 15 11 65 51 24 41 38 4 7 65 73 39 7 61 96 39 92 39 62 86 20 79 9 59 83 40 72 60 54 43 59 53 37 0 69 68 67 75 70 56 66 82 51 49 5 51 57 79 39 11 95 25 40 59 56 1 39 94 86 96 71 74 56 16 97 50 56 7 33 30 94 79 20 29 79 42 93 25 
50 3 85 59 98 59 28 53 97 61 56 32 68 57 44 4 89 98 62 41 74 51 26 25 40 44 54 53 83 5 16 83 76 68 21 41 95 10 68 3 13 95 44 70 67 90 35 49 89 16 69 0 90 11 70 16 47 30 45 20 84 75 80 45 99 13 87 78 50 32 54 88 93 79 3 70 97 23 43 3 21 57 40 38 27 22 4 63 29 10 55 2 29 7 45 
58 93 78 86 39 13 61 77 59 71 77 91 19 52 92 56 83 53 40 79 69 22 69 57 78 59 54 10 15 80 93 17 22 82 59 74 36 72 51 19 76 72 71 54 79 70 67 22 58 22 68 90 0 68 33 30 70 13 91 16 75 93 17 24 16 12 5 72 95 25 81 38 64 61 82 50 79 12 1 48 24 82 91 13 57 82 29 36 81 9 17 7 22 35 48 
4 99 51 30 64 3 13 69 83 50 47 8 13 5 14 69 56 45 7 79 81 72 50 41 38 2 54 95 38 29 42 55 16 42 44 75 18 54 49 4 54 71 91 13 86 30 58 48 81 93 67 11 68 0 46 43 26 36 76 27 54 88 75 67 78 61 53 50 37 61 96 48 70 35 62 33 48 19 92 92 74 82 13 42 58 71 3 35 81 67 88 72 15 27 40 
69 11 80 45 47 77 18 46 35 51 50 67 74 80 7 16 79 17 8 63 16 4 83 53 17 84 13 98 63 54 64 97 56 84 20 69 18 67 36 15 25 97 24 97 51 91 93 72 3 48 75 70 33 46 0 91 59 46 83 85 53 14 10 26 48 65 89 40 86 22 46 45 89 84 69 68 71 36 35 25 62 88 74 21 77 73 59 56 16 83 42 64 28 97 83 
25 55 42 38 90 97 72 65 31 33 12 33 75 76 3 25 71 65 80 63 64 24 87 39 26 30 81 12 1 31 8 53 69 45 46 25 56 28 53 80 96 54 31 47 23 63 7 57 65 74 70 16 30 43 91 0 90 72 74 97 61 90 80 89 23 35 56 8 38 99 1 76 74 64 58 65 40 15 23 27 16 82 77 93 27 50 89 33 26 99 53 61 78 6 47 
44 97 65 23 3 97 92 90 58 91 9 47 92 32 68 95 28 31 13 48 65 13 47 20 47 49 97 99 34 22 3 74 83 98 76 26 44 89 32 68 23 1 74 41 38 77 71 52 74 45 56 47 70 26 59 90 0 65 11 98 2 57 73 92 57 22 87 38 73 75 93 15 15 50 89 46 87 31 84 78 72 59 63 43 19 59 76 13 29 46 50 95 23 77 57 
77 83 84 92 99 62 8 41 97 21 62 76 66 77 94 63 24 83 1 28 92 78 14 45 8 56 34 41 50 28 47 6 69 7 38 34 53 3 2 35 34 43 64 18 14 21 3 68 96 5 66 30 13 36 46 72 65 0 90 39 87 12 20 89 51 75 92 91 41 60 3 9 76 72 30 96 11 73 64 14 36 62 28 6 49 37 83 68 7 39 19 72 54 16 53 
27 87 25 55 29 16 84 8 50 53 75 83 86 53 5 27 54 11 4 72 21 8 22 21 44 46 52 92 78 6 76 67 12 88 85 19 96 72 65 82 25 41 91 94 16 56 13 4 50 67 82 45 91 76 83 74 11 90 0 47 98 75 54 4 25 44 26 27 2 7 19 35 32 97 81 99 44 52 37 83 9 3 20 63 95 76 26 36 80 63 77 77 75 71 48 
53 71 21 77 79 75 57 8 47 39 24 45 54 39 29 99 70 46 52 43 55 53 81 64 1 9 56 77 32 36 53 81 37 57 35 79 26 86 32 65 31 40 49 79 85 89 91 93 32 44 51 20 16 27 85 97 98 39 47 0 79 32 34 44 10 57 87 47 38 37 11 51 78 20 46 35 36 8 72 2 4 47 62 7 4 9 37 85 49 82 15 16 49 44 44 
81 67 45 13 76 13 52 34 84 66 89 65 43 84 36 48 69 89 16 15 24 31 82 22 57 35 81 88 58 73 67 95 58 50 88 47 90 20 19 45 88 25 45 62 47 96 5 51 32 19 49 84 75 54 53 61 2 87 98 79 0 58 86 68 47 51 3 1 82 59 19 46 66 28 97 84 59 21 97 44 85 12 99 91 47 38 89 41 7 45 31 59 34 66 22 
42 72 16 60 59 19 33 59 42 81 90 38 7 81 83 88 24 79 68 94 7 27 95 66 15 30 55 62 59 83 26 51 28 48 59 79 30 15 67 43 1 41 95 36 39 2 1 54 42 60 5 75 93 88 14 90 57 12 75 32 58 0 90 58 1 78 68 16 71 4 48 43 2 82 48 17 69 22 62 30 45 97 67 35 89 87 78 98 39 11 22 17 79 8 54 
83 49 31 27 43 31 77 8 21 58 83 48 10 75 78 36 47 60 82 52 25 9 50 69 56 1 13 3 74 49 38 3 80 73 2 8 52 14 16 35 88 93 17 59 90 63 35 88 40 91 51 80 17 75 10 80 73 20 54 34 86 90 0 54 68 78 13 87 86 29 14 62 7 58 46 62 52 94 7 58 41 8 5 93 8 19 52 73 3 83 47 19 87 30 36 
16 55 92 77 27 60 63 35 41 53 83 74 37 71 47 17 40 98 60 19 1 97 52 93 56 80 86 23 77 52 4 90 2 60 41 78 68 98 44 79 36 73 60 32 55 55 77 80 15 30 57 45 24 67 26 89 92 89 4 44 68 58 54 0 12 53 77 38 79 70 25 70 30 78 25 43 11 66 86 54 21 14 27 7 32 84 50 66 55 1 51 82 38 77 71 
65 16 15 72 22 6 52 5 51 90 6 91 88 27 79 88 67 43 67 79 49 85 15 19 53 20 11 83 29 95 26 33 13 94 86 9 48 83 40 45 46 32 91 31 28 11 9 93 3 78 79 99 16 78 48 23 57 51 25 10 47 1 68 12 0 21 55 16 46 30 71 15 14 77 82 48 44 76 63 26 26 73 43 62 45 45 54 33 29 6 21 62 8 52 98 
69 6 20 88 59 17 97 6 5 20 43 85 60 58 7 91 78 65 16 11 81 82 31 69 79 5 82 94 77 25 85 8 2 83 38 39 21 23 21 61 64 5 45 49 30 32 24 40 48 10 39 13 12 61 65 35 22 75 44 57 51 78 78 53 21 0 51 84 22 10 78 12 68 36 38 42 10 16 94 86 77 30 53 26 87 38 16 23 92 37 46 67 4 59 96 
26 18 27 40 17 96 31 62 10 95 47 16 9 31 92 79 27 6 62 36 29 74 11 17 98 72 79 99 54 77 65 90 9 81 59 50 72 62 2 68 9 30 86 31 49 70 62 81 36 24 11 87 5 53 89 56 87 92 26 87 3 68 13 77 55 51 0 73 73 90 17 86 75 33 63 7 74 38 3 46 14 42 34 4 5 31 66 70 89 75 37 66 57 78 71 
99 43 87 44 93 97 23 51 1 65 22 66 54 65 81 88 25 91 65 50 89 40 86 79 54 2 72 48 59 41 1 86 90 99 8 15 80 82 1 43 42 36 49 97 16 96 28 83 51 91 95 78 72 50 40 8 38 91 27 47 1 16 87 38 16 84 73 0 17 43 98 58 94 6 90 88 30 96 70 87 42 82 52 47 59 40 84 16 76 94 94 53 57 26 80 
88 21 8 77 38 61 6 77 91 43 52 53 88 39 21 58 18 77 20 94 2 57 5 60 61 9 85 30 32 86 53 37 64 93 25 18 9 12 46 23 15 36 18 97 74 48 16 83 33 9 25 50 95 37 86 38 73 41 2 38 82 71 86 79 46 22 73 17 0 37 5 83 95 12 43 23 85 29 57 33 59 87 69 67 23 3 74 2 34 81 8 64 70 6 43 
8 49 54 39 12 44 92 46 22 48 74 70 19 19 24 25 88 56 45 80 74 61 8 57 1 27 30 96 95 29 82 67 91 39 25 46 24 29 83 42 63 49 52 21 30 49 12 3 33 92 40 32 25 61 22 99 75 60 7 37 59 4 29 70 30 10 90 43 37 0 16 36 47 82 24 21 5 24 26 47 32 26 19 12 54 46 7 21 6 68 12 45 45 27 86 
27 23 48 92 23 32 96 97 75 22 43 67 22 96 64 56 2 43 88 90 22 26 55 45 15 41 13 99 14 41 47 74 16 11 84 58 61 45 30 69 11 31 49 7 52 11 86 31 42 15 59 54 81 96 46 1 93 3 19 11 19 48 14 25 71 78 17 98 5 16 0 57 81 54 38 47 12 65 57 84 23 57 77 75 72 37 51 32 24 29 1 40 62 33 67 
26 14 61 70 7 45 23 22 22 98 14 90 68 42 72 50 46 21 62 5 1 66 60 36 61 90 64 81 39 48 85 12 86 88 42 78 57 3 27 42 30 48 7 75 50 41 54 86 43 88 56 88 38 48 45 76 15 9 35 51 46 43 62 70 15 12 86 58 83 36 57 0 59 47 80 38 54 91 89 34 35 26 79 20 84 53 76 85 64 97 80 99 42 39 40 
23 98 35 99 97 25 77 93 34 2 19 29 15 96 7 53 59 89 22 6 77 96 85 40 67 33 8 2 92 24 18 36 81 66 95 88 10 4 8 40 31 1 77 36 89 26 91 48 96 48 1 93 64 70 89 74 15 76 32 78 66 2 7 30 14 68 75 94 95 47 81 59 0 7 9 1 88 43 19 45 44 94 6 3 63 37 95 60 84 20 24 31 18 99 40 
10 54 33 34 15 63 23 72 39 90 24 20 21 58 22 25 22 69 1 87 33 28 99 62 96 71 71 76 88 29 55 43 85 96 28 27 47 11 53 81 38 80 67 37 65 73 48 66 17 73 39 79 61 35 84 64 50 72 97 20 28 82 58 78 77 36 33 6 12 82 54 47 7 0 56 24 17 10 92 31 49 50 38 52 22 1 32 94 19 40 45 50 45 24 37 
68 85 20 44 88 80 19 93 38 39 46 18 86 49 65 16 18 19 64 30 41 19 42 33 40 97 83 2 60 85 36 40 28 89 33 32 61 32 4 43 98 8 87 74 14 88 61 42 84 38 94 3 82 62 69 58 89 30 81 46 97 48 46 25 82 38 63 90 43 24 38 80 9 56 0 82 90 70 75 86 69 62 44 47 54 75 13 36 18 12 5 88 27 66 17 
24 11 68 27 76 22 94 26 44 13 96 6 10 43 51 68 57 93 95 54 82 87 36 68 72 8 64 53 47 90 79 53 94 60 15 59 66 92 22 68 40 53 36 39 53 23 89 57 29 42 86 70 50 33 68 65 46 96 99 35 84 17 62 43 48 42 7 88 23 21 47 38 1 24 82 0 76 26 64 25 17 80 85 57 20 34 66 30 39 84 54 70 92 65 20 
28 97 25 57 36 20 30 98 34 19 53 80 43 53 91 74 34 50 85 81 84 2 57 54 8 39 65 93 63 38 61 94 8 74 26 24 63 97 84 99 11 10 45 72 95 50 30 42 32 90 96 97 79 48 71 40 87 11 44 36 59 69 52 11 44 10 74 30 85 5 12 54 88 17 90 76 0 55 76 70 71 94 23 82 29 98 74 58 51 21 30 33 44 92 48 
38 56 84 70 64 78 19 2 96 78 34 11 67 23 10 47 44 84 2 73 31 35 14 63 17 82 45 65 87 6 51 85 15 96 14 38 22 30 80 14 68 25 79 57 60 56 84 80 92 31 71 23 12 19 36 15 31 73 52 8 21 22 94 66 76 16 38 96 29 24 65 91 43 10 70 26 55 0 47 58 80 2 13 40 20 56 60 58 67 89 58 54 56 3 34 
58 62 95 74 33 34 53 14 42 78 55 30 21 65 93 21 76 16 85 30 88 3 12 76 67 30 70 76 62 24 47 21 76 92 79 43 14 56 63 26 55 52 99 72 35 89 51 45 12 40 74 43 1 92 35 23 84 64 37 72 97 62 7 86 63 94 3 70 57 26 57 89 19 92 75 64 76 47 0 45 54 38 63 74 61 70 73 87 83 13 49 9 84 65 27 
84 57 39 53 92 5 32 39 72 89 15 18 17 71 68 67 99 18 61 39 54 18 53 9 62 4 76 79 40 69 24 74 13 35 37 94 23 30 70 39 78 86 1 68 4 4 70 95 39 6 56 3 48 92 25 27 78 14 83 2 44 30 58 54 26 86 46 87 33 47 84 34 45 31 86 25 70 58 45 0 53 18 28 43 49 54 93 15 85 46 29 16 34 90 71 
39 90 48 90 50 40 50 86 70 91 58 82 59 62 86 95 3 62 77 79 34 86 67 35 70 75 89 63 72 21 66 8 62 51 25 90 28 34 68 76 46 92 39 50 65 29 39 80 88 34 16 21 24 74 62 16 72 36 9 4 85 45 41 21 26 77 14 42 59 32 23 35 44 49 69 17 71 80 54 53 0 15 91 80 66 14 27 52 24 94 11 73 52 30 20 
9 22 6 28 1 68 99 28 71 84 62 47 78 61 34 13 97 8 23 55 83 12 22 34 51 51 35 77 3 14 1 53 21 52 4 82 26 42 9 6 74 76 19 62 81 25 84 87 17 75 97 57 82 82 88 82 59 62 3 47 12 97 8 14 73 30 42 82 87 26 57 26 94 50 62 80 94 2 38 18 15 0 3 37 23 57 99 95 59 22 35 40 55 29 12 
33 97 80 44 23 35 84 39 24 40 41 8 43 97 72 26 91 65 15 43 23 94 82 93 59 92 15 49 60 57 33 70 38 83 57 97 18 66 73 93 69 15 82 83 93 21 75 34 57 20 50 40 91 13 74 77 63 28 20 62 99 67 5 27 43 53 34 52 69 19 77 79 6 38 44 85 23 13 63 28 91 3 0 60 3 4 87 11 28 2 62 71 13 31 68 
35 84 64 2 98 35 94 85 87 99 73 18 36 28 9 1 84 56 25 65 4 54 95 26 80 17 60 37 26 30 13 58 63 83 94 27 33 50 44 23 24 82 37 99 58 66 96 55 10 94 56 38 13 42 21 93 43 6 63 7 91 35 93 7 62 26 4 47 67 12 75 20 3 52 47 57 82 40 74 43 80 37 60 0 80 62 58 8 43 4 54 90 13 75 76 
11 26 88 83 71 43 46 34 40 16 66 87 76 1 52 98 27 3 47 69 35 60 35 68 15 50 89 50 58 29 91 63 67 52 32 47 94 26 96 40 82 62 49 84 1 88 48 16 65 38 7 27 57 58 77 27 19 49 95 4 47 89 8 32 45 87 5 59 23 54 72 84 63 22 54 20 29 20 61 49 66 23 3 80 0 60 35 70 51 98 93 22 86 76 44 
24 15 33 95 37 79 52 2 32 38 23 62 29 27 34 99 27 91 33 45 50 83 62 2 78 43 34 15 33 92 76 90 34 92 29 19 15 86 90 74 65 41 4 86 10 10 6 28 84 90 33 22 82 71 73 50 59 37 76 9 38 87 19 84 45 38 31 40 3 46 37 53 37 1 75 34 98 56 70 54 14 57 4 62 60 0 4 85 7 2 66 97 19 54 8 
16 14 43 97 19 83 87 32 38 97 3 65 86 51 62 78 53 5 81 85 89 12 92 99 13 71 25 74 31 55 26 84 58 25 77 25 86 49 77 15 82 13 52 88 91 12 60 38 27 16 30 4 29 3 59 89 76 83 26 37 89 78 52 50 54 16 66 84 74 7 51 76 95 32 13 66 74 60 73 93 27 99 87 58 35 4 0 71 47 26 35 56 72 64 95 
88 85 75 27 28 39 16 39 39 37 87 8 35 21 8 12 56 17 71 74 71 84 86 9 12 9 4 22 53 29 56 17 75 56 3 40 53 54 73 48 82 28 49 48 39 22 12 6 3 13 94 63 36 35 56 33 13 68 36 85 41 98 73 66 33 23 70 16 2 21 32 85 60 94 36 30 58 58 87 15 52 95 11 8 70 85 71 0 12 13 50 80 68 55 70 
26 44 67 85 29 49 72 29 57 99 2 30 45 27 60 91 8 78 55 51 38 4 61 90 80 32 42 33 92 64 70 29 73 69 61 76 26 49 59 72 33 45 4 1 18 59 36 65 39 98 79 29 81 81 16 26 29 7 80 49 7 39 3 55 29 92 89 76 34 6 24 64 84 19 18 39 51 67 83 85 24 59 28 43 51 7 47 12 0 82 42 32 83 34 74 
72 7 89 31 53 82 49 76 88 2 73 56 93 66 42 25 63 69 25 81 34 84 93 28 96 26 31 72 42 82 6 46 6 66 60 40 61 1 69 2 94 1 89 66 14 88 52 35 86 65 20 10 9 67 83 99 46 39 63 82 45 11 83 1 6 37 75 94 81 68 29 97 20 40 12 84 21 89 13 46 94 22 2 4 98 2 26 13 82 0 10 89 75 96 2 
93 78 99 65 95 6 29 32 29 33 52 29 83 78 28 55 32 31 78 51 13 1 99 30 35 35 23 1 79 61 15 83 1 38 73 7 84 39 59 34 15 55 58 22 43 95 85 43 31 1 29 55 17 88 42 53 50 19 77 15 31 22 47 51 21 46 37 94 8 12 1 80 24 45 5 54 30 58 49 29 11 35 62 54 93 66 35 50 42 10 0 20 12 73 42 
75 57 31 23 51 92 84 52 37 31 72 44 9 19 52 48 80 53 90 36 38 94 92 90 7 55 54 47 58 70 88 82 3 58 41 69 69 8 82 71 31 65 17 22 53 65 74 88 87 70 79 2 7 72 64 61 95 72 77 16 59 17 19 82 62 67 66 53 64 45 40 99 31 50 88 70 33 54 9 16 73 40 71 90 22 97 56 80 32 89 20 0 24 36 59 
63 60 18 99 47 9 28 67 67 8 88 99 31 61 41 78 93 85 36 73 80 86 75 78 70 98 97 25 46 84 3 69 5 98 16 40 90 22 64 61 39 17 88 40 10 79 13 45 54 51 42 29 22 15 28 78 23 54 75 49 34 79 87 38 8 4 57 57 70 45 62 42 18 45 27 92 44 56 84 34 52 55 13 13 86 19 72 68 83 75 12 24 0 30 15 
47 16 69 53 8 41 44 68 11 51 78 56 65 83 72 41 77 37 58 16 66 52 9 11 86 97 92 81 86 73 92 68 65 88 38 47 25 6 93 20 97 91 64 77 39 88 36 91 32 48 93 7 35 27 97 6 77 16 71 44 66 8 30 77 52 59 78 26 6 27 33 39 99 24 66 65 92 3 65 90 30 29 31 75 76 54 64 55 34 96 73 36 30 0 2 
33 25 65 4 86 70 20 33 85 51 63 6 78 60 46 60 47 99 32 40 7 92 76 62 45 71 92 38 26 80 65 62 58 45 8 22 58 16 53 16 88 18 87 61 26 72 17 43 31 19 25 45 48 40 83 47 57 53 48 44 22 54 36 71 98 96 71 80 43 86 67 40 40 37 17 20 48 34 27 71 20 12 68 76 44 8 95 70 74 2 42 59 15 2 0 
