96
0 38 13 73 10 76 6 80 65 17 2 77 72 7 26 51 21 19 85 12 29 30 15 51 69 88 88 95 97 87 14 10 8 64 62 23 58 2 1 61 82 9 89 14 48 73 31 72 4 71 22 50 58 4 69 25 44 77 27 53 81 42 83 16 65 69 26 99 88 8 27 26 23 10 68 24 28 38 58 84 39 9 33 35 11 24 16 88 26 72 93 75 63 47 33 89 
38 0 24 56 66 78 4 1 78 7 53 86 71 3 77 92 22 76 8 78 73 76 77 44 21 31 37 8 46 69 58 83 97 14 11 24 82 8 25 75 93 21 33 13 66 95 61 25 83 98 3 93 99 11 55 97 83 87 71 67 72 49 55 16 6 18 43 21 49 23 14 98 54 85 11 97 56 62 57 90 22 97 84 26 15 14 85 44 7 78 57 60 16 25 10 67 
13 24 0 72 54 70 37 22 41 78 92 50 48 78 41 79 46 88 17 29 46 68 67 79 47 1 30 64 76 36 54 94 34 3 85 84 49 55 33 29 56 83 32 29 95 75 9 33 9 85 78 51 80 42 65 84 25 21 45 16 31 92 15 20 27 87 8 54 48 61 35 33 20 68 25 84 95 39 48 6 80 64 88 33 43 75 67 89 99 31 18 69 65 61 79 18 
73 56 72 0 40 36 82 29 23 39 42 75 78 71 26 49 51 63 45 55 1 87 17 20 10 93 52 11 69 24 15 64 22 47 4 57 89 81 47 55 80 72 15 78 16 26 54 85 59 86 30 45 38 23 92 55 77 13 60 27 77 72 88 40 44 77 39 92 70 99 34 44 27 57 70 74 53 90 28 44 2 83 95 97 27 85 31 65 23 99 53 4 71 13 40 84 
10 66 54 40 0 49 62 71 14 37 24 23 67 93 96 54 10 42 58 89 94 77 83 12 37 17 31 85 58 36 42 82 3 86 94 37 47 81 28 73 29 3 14 42 37 41 19 98 39 64 47 90 3 99 29 79 76 59 43 27 22 59 17 93 38 12 23 7 97 15 88 76 36 64 33 92 50 1 23 98 71 37 19 28 29 53 95 51 47 8 86 17 30 12 62 15 
76 78 70 36 49 0 31 9 41 49 31 24 67 93 65 13 18 34 11 29 76 6 82 6 43 87 53 58 57 79 88 82 11 73 49 20 13 26 78 17 5 89 28 51 69 4 59 13 3 77 97 97 62 16 75 13 19 31 60 6 17 96 97 61 44 32 45 25 63 80 22 20 78 34 5 40 68 35 35 43 79 83 39 49 82 6 92 9 41 70 6 8 79 38 79 34 
6 4 37 82 62 31 0 28 52 78 31 44 47 10 68 4 68 55 98 64 81 29 38 65 38 94 19 79 71 93 53 11 33 47 64 94 19 37 30 40 29 55 30 56 91 28 61 13 18 72 92 8 84 57 52 33 77 63 52 97 31 23 6 92 96 23 77 23 19 94 30 19 53 32 50 99 84 94 46 52 87 16 72 49 29 84 28 44 20 80 71 89 87 12 66 94 
80 1 22 29 71 9 28 0 16 52 99 87 46 64 43 23 83 41 45 17 18 89 1 98 83 72 15 37 27 33 2 49 89 23 35 95 22 69 68 49 19 98 12 12 53 77 69 46 65 90 41 8 8 34 59 8 35 5 6 62 51 77 46 97 22 93 72 93 26 98 2 14 39 86 28 39 85 34 2 32 39 29 76 32 52 67 68 33 75 33 98 6 1 38 73 44 
65 78 41 23 14 41 52 16 0 25 17 97 97 42 25 22 28 47 36 63 69 63 33 46 89 43 58 26 33 34 7 66 52 32 8 14 4 29 16 30 67 62 84 97 59 83 35 31 58 97 50 47 84 42 21 41 51 5 10 1 91 22 75 22 34 39 38 44 34 96 42 72 70 71 24 87 40 32 38 39 57 88 29 37 67 11 85 1 17 31 4 79 60 54 70 50 
17 7 78 39 37 49 78 52 25 0 75 47 28 34 73 69 40 33 98 8 34 63 15 78 44 62 86 37 13 54 27 83 13 26 2 42 56 56 65 16 93 41 61 71 50 51 33 91 21 53 39 66 81 58 53 90 20 95 65 43 48 22 98 2 90 39 13 19 78 78 89 91 84 40 99 16 38 97 37 99 2 33 31 8 51 51 33 44 42 70 2 98 52 31 83 50 
2 53 92 42 24 31 31 99 17 75 0 82 83 96 72 22 19 47 45 92 10 5 78 64 24 96 60 65 83 32 2 85 79 69 55 26 84 28 57 93 9 56 77 47 50 12 9 62 75 24 89 90 83 83 6 43 47 22 52 74 43 14 19 24 46 96 53 34 55 15 58 62 41 73 66 23 3 87 2 73 52 72 88 78 63 49 1 43 40 4 58 44 54 44 75 99 
77 86 50 75 23 24 44 87 97 47 82 0 98 76 60 67 75 92 6 27 68 32 12 4 55 2 14 60 57 82 9 39 5 71 77 74 6 80 85 60 32 91 8 67 33 47 76 83 45 65 38 48 74 91 85 16 66 53 70 67 90 29 20 18 6 80 11 30 18 82 47 8 18 87 62 65 8 30 56 29 44 99 56 6 51 93 64 53 35 99 84 78 38 90 55 5 
72 71 48 78 67 67 47 46 97 28 83 98 0 44 12 30 77 90 33 51 52 43 24 90 44 89 96 29 65 87 59 89 52 23 11 32 10 7 31 68 19 13 74 75 92 66 86 54 43 7 10 37 88 60 9 54 88 19 22 68 15 21 86 10 43 67 21 17 59 78 43 36 76 29 86 35 45 93 83 9 31 65 78 19 39 12 57 53 84 77 69 26 70 32 60 63 
7 3 78 71 93 93 10 64 42 34 96 76 44 0 30 67 33 72 61 94 73 28 98 94 69 39 61 98 10 68 79 64 21 36 56 29 46 93 57 52 5 80 76 32 77 53 39 84 81 75 71 27 58 31 65 39 19 96 42 96 58 49 43 53 23 65 71 62 61 97 28 1 27 51 21 27 66 78 19 61 83 60 63 39 24 69 70 62 88 67 20 37 18 22 78 27 
26 77 41 26 96 65 68 43 25 73 72 60 12 30 0 33 9 9 21 69 83 55 86 94 75 90 24 95 91 14 12 43 11 89 25 48 69 44 92 14 7 3 68 94 5 29 36 83 78 47 79 7 92 81 21 24 64 72 7 22 65 51 91 10 93 68 86 34 72 9 52 34 62 8 60 42 28 52 41 72 46 95 10 89 47 59 22 55 1 20 20 86 28 98 22 95 
51 92 79 49 54 13 4 23 22 69 22 67 30 67 33 0 19 68 36 96 30 23 57 11 43 73 32 13 83 8 88 9 62 24 35 95 4 56 69 16 25 95 63 27 99 48 88 36 17 88 91 79 88 58 25 56 50 53 25 16 68 74 47 21 67 95 13 26 1 98 99 78 12 91 25 55 48 78 41 60 96 80 90 32 57 34 39 93 21 15 10 68 82 80 4 48 
21 22 46 51 10 18 68 83 28 40 19 75 77 33 9 19 0 71 43 6 21 58 60 55 78 25 59 80 37 81 59 52 64 74 84 89 83 56 79 71 28 24 54 70 69 24 47 40 67 78 27 25 18 88 2 46 59 22 18 57 34 44 76 99 3 97 91 84 27 27 53 56 8 63 32 80 93 77 47 88 71 70 56 93 99 88 86 75 16 15 57 88 2 85 76 77 
19 76 88 63 42 34 55 41 47 33 47 92 90 72 9 68 71 0 91 19 63 46 66 53 29 88 39 21 98 52 60 95 65 15 98 53 45 17 65 31 83 11 46 89 79 60 98 43 65 6 91 77 56 43 21 89 69 19 93 50 84 16 18 62 8 65 56 3 91 5 17 78 69 31 53 85 37 99 60 32 36 33 51 52 6 34 1 10 32 36 89 61 39 12 45 44 
85 8 17 45 58 11 98 45 36 98 45 6 33 61 21 36 43 91 0 8 63 57 97 94 53 25 44 52 11 95 50 19 11 62 40 7 8 80 13 1 4 52 16 68 82 60 67 16 62 65 20 45 88 62 22 1 64 95 85 2 85 61 77 23 15 25 47 33 81 71 55 25 78 90 36 58 32 40 15 94 49 14 20 16 98 42 36 26 52 35 23 34 62 79 8 33 
12 78 29 55 89 29 64 17 63 8 92 27 51 94 69 96 6 19 8 0 4 68 96 58 97 47 90 22 93 85 59 65 41 79 79 63 63 48 28 72 43 15 94 52 19 79 11 36 50 94 80 90 5 6 87 30 54 81 73 30 39 79 55 43 65 69 45 85 74 51 81 51 36 73 16 40 3 36 98 80 16 16 95 67 35 84 94 19 75 19 26 18 50 38 21 41 
29 73 46 1 94 76 81 18 69 34 10 68 52 73 83 30 21 63 63 4 0 53 24 19 80 52 33 38 31 41 51 74 69 81 16 64 65 92 21 55 24 7 25 1 49 81 29 89 2 74 22 1 77 33 41 82 84 31 88 54 34 83 23 4 35 50 89 71 38 34 13 38 80 66 7 80 93 4 33 86 45 30 47 68 67 29 58 85 44 95 94 21 53 32 26 64 
30 76 68 87 77 6 29 89 63 63 5 32 43 28 55 23 58 46 57 68 53 0 53 60 18 23 55 14 31 24 51 22 72 4 24 13 78 8 53 31 27 9 97 85 82 74 40 57 61 26 66 96 28 19 87 2 35 3 18 86 12 94 54 60 83 12 84 4 84 1 94 86 52 92 33 87 85 82 6 12 70 10 47 75 94 33 39 43 64 24 41 64 64 32 19 41 
15 77 67 17 83 82 38 1 33 15 78 12 24 98 86 57 60 66 97 96 24 53 0 6 93 80 83 75 41 26 69 50 83 87 47 14 22 81 82 95 50 52 15 31 11 86 5 8 55 60 85 99 42 36 57 14 12 53 67 22 82 95 35 62 92 86 61 93 99 92 75 9 76 82 28 26 87 37 15 4 93 85 73 44 9 56 18 61 33 99 84 28 96 53 51 81 
51 44 79 20 12 6 65 98 46 78 64 4 90 94 94 11 55 53 94 58 19 60 6 0 92 80 27 38 25 57 41 53 39 20 45 21 64 22 66 69 93 19 69 17 79 60 57 45 36 40 62 33 68 54 63 76 9 35 34 93 26 68 2 99 9 90 28 30 90 78 11 62 17 80 75 77 98 1 31 4 82 65 39 68 31 22 27 96 11 70 34 37 10 1 56 70 
69 21 47 10 37 43 38 83 89 44 24 55 44 69 75 43 78 29 53 97 80 18 93 92 0 11 4 40 78 38 17 26 47 8 44 1 57 15 56 56 53 79 98 54 61 1 15 61 67 96 40 72 8 17 67 62 70 51 59 80 15 78 13 12 80 96 35 7 70 86 45 71 73 13 47 83 8 30 61 83 74 47 87 85 98 48 89 74 77 88 46 37 88 40 38 7 
88 31 1 93 17 87 94 72 43 62 96 2 89 39 90 73 25 88 25 47 52 23 80 80 11 0 44 59 2 84 30 49 56 46 9 35 30 1 80 20 5 72 2 9 27 41 90 33 71 97 8 39 82 30 4 75 51 92 17 50 43 71 9 32 26 35 55 98 97 71 6 64 95 25 47 21 23 1 70 23 28 26 65 46 39 58 53 53 33 70 80 6 34 65 54 54 
88 37 30 52 31 53 19 15 58 86 60 14 96 61 24 32 59 39 44 90 33 55 83 27 4 44 0 54 13 81 97 34 52 56 81 55 13 86 11 82 79 72 85 30 13 64 8 71 83 64 65 45 70 76 89 35 15 60 89 34 25 4 42 31 23 54 97 92 92 83 98 37 7 39 99 32 63 48 63 35 72 43 21 91 51 23 3 64 1 93 6 73 53 10 95 98 
95 8 64 11 85 58 79 37 26 37 65 60 29 98 95 13 80 21 52 22 38 14 75 38 40 59 54 0 12 99 41 92 77 88 62 3 23 83 94 99 48 30 96 99 81 2 76 2 53 93 65 76 79 63 77 49 37 50 15 74 22 33 72 1 47 25 81 38 17 53 69 93 91 8 61 10 35 64 67 69 14 67 92 1 35 71 17 38 18 39 83 15 38 63 1 34 
97 46 76 69 58 57 71 27 33 13 83 57 65 10 91 83 37 98 11 93 31 31 41 25 78 2 13 12 0 50 78 32 58 59 74 77 29 77 54 59 32 95 14 39 92 88 60 47 63 87 62 40 72 3 60 26 58 33 31 53 92 42 79 58 46 86 26 74 75 7 3 31 78 79 92 97 43 19 84 90 89 57 43 5 12 25 23 7 5 80 29 54 31 22 28 6 
87 69 36 24 36 79 93 33 34 54 32 82 87 68 14 8 81 52 95 85 41 24 26 57 38 84 81 99 50 0 36 73 83 49 52 95 25 77 41 86 29 41 48 24 29 85 90 38 6 24 69 21 14 57 30 29 92 55 29 64 82 61 70 84 73 80 49 53 93 93 97 58 95 40 91 79 62 58 6 77 26 80 94 38 45 61 16 93 42 64 8 3 47 76 53 67 
14 58 54 15 42 88 53 2 7 27 2 9 59 79 12 88 59 60 50 59 51 51 69 41 17 30 97 41 78 36 0 26 38 4 26 85 65 1 53 82 47 85 18 55 36 79 61 51 47 24 66 1 33 13 91 76 26 56 70 6 15 88 3 92 65 99 88 59 25 46 15 78 87 33 92 73 39 84 21 25 72 28 38 96 83 17 55 97 53 74 6 67 81 95 51 3 
10 83 94 64 82 82 11 49 66 83 85 39 89 64 43 9 52 95 19 65 74 22 50 53 26 49 34 92 32 73 26 0 90 33 8 90 86 37 67 74 12 36 43 40 53 94 85 21 74 8 53 70 58 63 90 84 17 29 46 83 82 69 68 62 84 70 39 75 64 73 13 35 25 84 35 23 90 41 88 76 78 39 76 22 16 56 69 83 69 12 37 58 28 80 2 13 
8 97 34 22 3 11 33 89 52 13 79 5 52 21 11 62 64 65 11 41 69 72 83 39 47 56 52 77 58 83 38 90 0 2 9 90 64 91 16 86 81 85 28 94 8 15 76 13 62 21 38 63 67 34 58 75 73 6 1 3 5 65 58 36 31 5 76 81 15 3 53 55 16 97 89 1 60 63 2 92 68 82 42 84 45 98 7 88 57 50 48 73 60 94 83 81 
64 14 3 47 86 73 47 23 32 26 69 71 23 36 89 24 74 15 62 79 81 4 87 20 8 46 56 88 59 49 4 33 2 0 99 93 39 11 88 66 96 89 60 74 96 92 35 51 52 83 83 52 92 25 56 69 66 38 58 98 88 45 58 42 33 28 56 64 81 92 77 57 27 63 54 93 23 39 21 59 44 20 46 76 38 85 35 88 59 2 41 86 38 59 8 25 
62 11 85 4 94 49 64 35 8 2 55 77 11 56 25 35 84 98 40 79 16 24 47 45 44 9 81 62 74 52 26 8 9 99 0 25 84 42 95 28 33 15 26 14 79 37 25 4 57 94 32 29 77 3 61 60 73 41 16 38 8 83 39 48 61 61 49 83 9 86 69 40 64 55 14 62 41 74 75 69 25 26 34 19 79 47 79 8 78 9 39 50 15 18 46 58 
23 24 84 57 37 20 94 95 14 42 26 74 32 29 48 95 89 53 7 63 64 13 14 21 1 35 55 3 77 95 85 90 90 93 25 0 78 88 27 32 59 24 38 43 94 90 82 97 27 47 19 25 40 76 40 7 69 40 47 22 68 74 25 72 33 13 87 66 8 3 97 21 4 86 95 36 18 18 56 44 53 96 26 90 30 52 68 48 21 72 80 9 24 61 57 10 
58 82 49 89 47 13 19 22 4 56 84 6 10 46 69 4 83 45 8 63 65 78 22 64 57 30 13 23 29 25 65 86 64 39 84 78 0 47 61 66 63 22 14 23 28 26 18 33 94 15 86 53 26 61 84 69 90 25 58 64 13 19 27 78 26 1 23 15 75 40 76 20 10 72 54 67 28 89 3 72 86 20 15 14 98 83 23 62 82 12 29 45 3 4 11 32 
2 8 55 81 81 26 37 69 29 56 28 80 7 93 44 56 56 17 80 48 92 8 81 22 15 1 86 83 77 77 1 37 91 11 42 88 47 0 92 97 30 56 30 34 42 66 50 26 86 49 54 49 1 39 8 22 6 16 78 81 64 98 31 33 73 45 41 68 25 79 68 51 49 36 53 32 2 65 32 19 67 16 44 40 21 2 1 46 83 30 27 8 53 4 22 84 
1 25 33 47 28 78 30 68 16 65 57 85 31 57 92 69 79 65 13 28 21 53 82 66 56 80 11 94 54 41 53 67 16 88 95 27 61 92 0 80 63 70 68 9 73 44 96 90 77 73 59 69 59 82 64 93 53 38 48 52 24 71 1 24 23 88 60 9 3 19 4 15 80 68 35 82 65 45 43 35 79 45 61 68 43 23 42 69 42 40 81 43 68 99 14 26 
61 75 29 55 73 17 40 49 30 16 93 60 68 52 14 16 71 31 1 72 55 31 95 69 56 20 82 99 59 86 82 74 86 66 28 32 66 97 80 0 39 76 6 93 23 40 74 15 48 72 2 34 71 61 20 16 98 99 54 70 21 36 39 50 82 59 13 76 54 25 96 23 34 25 31 88 1 88 36 46 64 9 42 15 63 11 30 31 38 98 40 11 68 55 78 46 
82 93 56 80 29 5 29 19 67 93 9 32 19 5 7 25 28 83 4 43 24 27 50 93 53 5 79 48 32 29 47 12 81 96 33 59 63 30 63 39 0 74 69 24 82 65 82 82 33 94 15 31 39 97 88 1 38 67 43 62 19 1 46 83 95 72 71 97 54 1 43 41 40 25 41 93 73 32 5 30 36 36 49 31 48 1 80 8 53 10 25 52 86 92 76 15 
9 21 83 72 3 89 55 98 62 41 56 91 13 80 3 95 24 11 52 15 7 9 52 19 79 72 72 30 95 41 85 36 85 89 15 24 22 56 70 76 74 0 82 62 41 13 28 45 1 55 65 17 91 18 60 91 96 38 73 84 82 40 44 71 91 24 31 74 64 91 49 45 95 17 60 91 45 86 49 18 52 49 7 77 67 87 36 45 79 99 1 39 19 82 37 49 
89 33 32 15 14 28 30 12 84 61 77 8 74 76 68 63 54 46 16 94 25 97 15 69 98 2 85 96 14 48 18 43 28 60 26 38 14 30 68 6 69 82 0 4 52 49 4 89 58 17 88 64 87 22 34 95 32 69 39 72 70 54 13 97 47 41 18 94 79 62 36 59 32 31 49 31 97 97 21 7 75 36 37 74 39 72 57 72 68 50 62 83 99 84 86 88 
14 13 29 78 42 51 56 12 97 71 47 67 75 32 94 27 70 89 68 52 1 85 31 17 54 9 30 99 39 24 55 40 94 74 14 43 23 34 9 93 24 62 4 0 48 1 66 22 22 40 77 61 3 41 78 44 84 60 67 79 86 51 23 38 14 16 85 47 39 90 55 28 30 49 16 74 30 52 50 89 65 14 53 95 60 35 4 65 81 93 58 1 10 91 39 18 
48 66 95 16 37 69 91 53 59 50 50 33 92 77 5 99 69 79 82 19 49 82 11 79 61 27 13 81 92 29 36 53 8 96 79 94 28 42 73 23 82 41 52 48 0 14 43 53 10 39 26 58 82 52 70 54 90 70 30 91 63 77 21 56 89 96 2 63 55 11 32 70 96 48 49 11 41 26 73 88 23 50 56 89 4 29 25 21 66 88 10 12 22 59 88 95 
73 95 75 26 41 4 28 77 83 51 12 47 66 53 29 48 24 60 60 79 81 74 86 60 1 41 64 2 88 85 79 94 15 92 37 90 26 66 44 40 65 13 49 1 14 0 65 79 88 72 87 83 1 43 35 67 58 93 7 71 3 13 91 5 1 35 77 9 24 62 28 16 12 86 54 91 48 61 89 30 84 51 70 39 84 75 96 48 6 60 12 36 52 85 74 13 
31 61 9 54 19 59 61 69 35 33 9 76 86 39 36 88 47 98 67 11 29 40 5 57 15 90 8 76 60 90 61 85 76 35 25 82 18 50 96 74 82 28 4 66 43 65 0 36 17 10 85 59 49 22 48 72 57 52 68 4 93 51 54 88 80 93 40 81 83 83 3 31 86 48 66 42 57 42 80 45 95 80 87 34 55 16 28 38 6 65 35 43 88 45 91 43 
72 25 33 85 98 13 13 46 31 91 62 83 54 84 83 36 40 43 16 36 89 57 8 45 61 33 71 2 47 38 51 21 13 51 4 97 33 26 90 15 82 45 89 22 53 79 36 0 45 53 89 58 81 3 65 74 96 50 32 32 42 40 15 3 48 36 51 33 33 42 43 96 17 84 29 32 92 12 39 88 17 57 10 65 84 27 3 39 86 31 87 54 32 31 37 16 
4 83 9 59 39 3 18 65 58 21 75 45 43 81 78 17 67 65 62 50 2 61 55 36 67 71 83 53 63 6 47 74 62 52 57 27 94 86 77 48 33 1 58 22 10 88 17 45 0 22 93 48 74 45 5 67 44 19 60 91 30 78 10 24 91 9 92 15 88 48 73 38 42 90 31 40 6 34 75 20 94 38 90 16 13 98 65 1 70 51 48 19 69 68 67 75 
71 98 85 86 64 77 72 90 97 53 24 65 7 75 47 88 78 6 65 94 74 26 60 40 96 97 64 93 87 24 24 8 21 83 94 47 15 49 73 72 94 55 17 40 39 72 10 53 22 0 70 56 66 82 51 49 5 51 57 79 39 11 95 25 40 59 56 1 39 94 86 96 71 74 56 16 97 50 56 7 33 30 94 79 20 29 79 42 93 25 90 11 70 16 47 30 
22 3 78 30 47 97 92 41 50 39 89 38 10 71 79 91 27 91 20 80 22 66 85 62 40 8 65 65 62 69 66 53 38 83 32 19 86 54 59 2 15 65 88 77 26 87 85 89 93 70 0 45 20 84 75 80 45 99 13 87 78 50 32 54 88 93 79 3 70 97 23 43 3 21 57 40 38 27 22 4 63 29 10 55 2 29 7 45 68 33 30 70 13 91 16 75 
50 93 51 45 90 97 8 8 47 66 90 48 37 27 7 79 25 77 45 90 1 96 99 33 72 39 45 76 40 21 1 70 63 52 29 25 53 49 69 34 31 17 64 61 58 83 59 58 48 56 45 0 93 17 24 16 12 5 72 95 25 81 38 64 61 82 50 79 12 1 48 24 82 91 13 57 82 29 36 81 9 17 7 22 35 48 46 43 26 36 76 27 54 88 75 67 
58 99 80 38 3 62 84 8 84 81 83 74 88 58 92 88 18 56 88 5 77 28 42 68 8 82 70 79 72 14 33 58 67 92 77 40 26 1 59 71 39 91 87 3 82 1 49 81 74 66 20 93 0 78 61 53 50 37 61 96 48 70 35 62 33 48 19 92 92 74 82 13 42 58 71 3 35 81 67 88 72 15 27 40 91 59 46 83 85 53 14 10 26 48 65 89 
4 11 42 23 99 16 57 34 42 58 83 91 60 31 81 58 88 43 62 6 33 19 36 54 17 30 76 63 3 57 13 63 34 25 3 76 61 39 82 61 97 18 22 41 52 43 22 3 45 82 84 17 78 0 40 86 22 46 45 89 84 69 68 71 36 35 25 62 88 74 21 77 73 59 56 16 83 42 64 28 97 83 90 72 74 97 61 90 80 89 23 35 56 8 38 99 
69 55 65 92 29 75 52 59 21 53 6 85 9 65 21 25 2 21 22 87 41 87 57 63 67 4 89 77 60 30 91 90 58 56 61 40 84 8 64 20 88 60 34 78 70 35 48 65 5 51 75 24 61 40 0 1 76 74 64 58 65 40 15 23 27 16 82 77 93 27 50 89 33 26 99 53 61 78 6 47 65 11 98 2 57 73 92 57 22 87 38 73 75 93 15 15 
25 97 84 55 79 13 33 8 41 90 43 16 54 39 24 56 46 89 1 30 82 2 14 76 62 75 35 49 26 29 76 84 75 69 60 7 69 22 93 16 1 91 95 44 54 67 72 74 67 49 80 16 53 86 1 0 50 89 46 87 31 84 78 72 59 63 43 19 59 76 13 29 46 50 95 23 77 57 90 39 87 12 20 89 51 75 92 91 41 60 3 9 76 72 30 96 
44 83 25 77 76 19 77 35 51 20 47 66 88 19 64 50 59 69 64 54 84 35 12 9 70 51 15 37 58 92 26 17 73 66 73 69 90 6 53 98 38 96 32 84 90 58 57 96 44 5 45 12 50 22 76 50 0 11 73 64 14 36 62 28 6 49 37 83 68 7 39 19 72 54 16 53 47 98 75 54 4 25 44 26 27 2 7 19 35 32 97 81 99 44 52 37 
77 87 21 13 59 31 63 5 5 95 22 53 19 96 72 53 22 19 95 81 31 3 53 35 51 92 60 50 33 55 56 29 6 38 41 40 25 16 38 99 67 38 69 60 70 93 52 50 19 51 99 5 37 46 74 89 11 0 83 9 3 20 63 95 76 26 36 80 63 77 77 75 71 48 79 32 34 44 10 57 87 47 38 37 11 51 78 20 46 35 36 8 72 2 4 47 
27 71 45 60 43 60 52 6 10 65 52 70 22 42 7 25 18 93 85 73 88 18 67 34 59 17 89 15 31 29 70 46 1 58 16 47 58 78 48 54 43 73 39 67 30 7 68 32 60 57 13 72 61 45 64 46 73 83 0 62 7 4 9 37 85 49 82 15 16 49 44 44 58 86 68 47 51 3 1 82 59 19 46 66 28 97 84 59 21 97 44 85 12 99 91 47 
53 67 16 27 27 6 97 62 1 43 74 67 68 96 22 16 57 50 2 30 54 86 22 93 80 50 34 74 53 64 6 83 3 98 38 22 64 81 52 70 62 84 72 79 91 71 4 32 91 79 87 95 96 89 58 87 64 9 62 0 38 89 41 7 45 31 59 34 66 22 90 58 1 78 68 16 71 4 48 43 2 82 48 17 69 22 62 30 45 97 67 35 89 87 78 98 
81 72 31 77 22 17 31 51 91 48 43 90 15 58 65 68 34 84 85 39 34 12 82 26 15 43 25 22 92 82 15 82 5 88 8 68 13 64 24 21 19 82 70 86 63 3 93 42 30 39 78 25 48 84 65 31 14 3 7 38 0 39 11 22 17 79 8 54 54 68 78 13 87 86 29 14 62 7 58 46 62 52 94 7 58 41 8 5 93 8 19 52 73 3 83 47 
42 49 92 72 59 96 23 77 22 22 14 29 21 49 51 74 44 16 61 79 83 94 95 68 78 71 4 33 42 61 88 69 65 45 83 74 19 98 71 36 1 40 54 51 77 13 51 40 78 11 50 81 70 69 40 84 36 20 4 89 39 0 19 87 30 36 12 53 77 38 79 70 25 70 30 78 25 43 11 66 86 54 21 14 27 7 32 84 50 66 55 1 51 82 38 77 
83 55 15 88 17 97 6 46 75 98 19 20 86 43 91 47 76 18 77 55 23 54 35 2 13 9 42 72 79 70 3 68 58 58 39 25 27 31 1 39 46 44 13 23 21 91 54 15 10 95 32 38 35 68 15 78 62 63 9 41 11 19 0 71 21 55 16 46 30 71 15 14 77 82 48 44 76 63 26 26 73 43 62 45 45 54 33 29 6 21 62 8 52 98 51 84 
16 16 20 40 93 61 92 97 22 2 24 18 10 53 10 21 99 62 23 43 4 60 62 99 12 32 31 1 58 84 92 62 36 42 48 72 78 33 24 50 83 71 97 38 56 5 88 3 24 25 54 64 62 71 23 72 28 95 37 7 22 87 71 0 22 10 78 12 68 36 38 42 10 16 94 86 77 30 53 26 87 38 16 23 92 37 46 67 4 59 96 73 73 90 17 86 
65 6 27 44 38 44 96 22 34 90 46 6 43 23 93 67 3 8 15 65 35 83 92 9 80 26 23 47 46 73 65 84 31 33 61 33 26 73 23 82 95 91 47 14 89 1 80 48 91 40 88 61 33 36 27 59 6 76 85 45 17 30 21 22 0 75 33 63 7 74 38 3 46 14 42 34 4 5 31 66 70 89 75 37 66 57 78 71 17 43 98 58 94 6 90 88 
69 18 87 77 12 32 23 93 39 39 96 80 67 65 68 95 97 65 25 69 50 12 86 90 96 35 54 25 86 80 99 70 5 28 61 13 1 45 88 59 72 24 41 16 96 35 93 36 9 59 93 82 48 35 16 63 49 26 49 31 79 36 55 10 75 0 30 96 70 87 42 82 52 47 59 40 84 16 76 94 94 53 57 26 80 37 5 83 95 12 43 23 85 29 57 33 
26 43 8 39 23 45 77 72 38 13 53 11 21 71 86 13 91 56 47 45 89 84 61 28 35 55 97 81 26 49 88 39 76 56 49 87 23 41 60 13 71 31 18 85 2 77 40 51 92 56 79 50 19 25 82 43 37 36 82 59 8 12 16 78 33 30 0 59 87 69 67 23 3 74 2 34 81 8 64 70 6 43 16 36 47 82 24 21 5 24 26 47 32 26 19 12 
99 21 54 92 7 25 23 93 44 19 34 30 17 62 34 26 84 3 33 85 71 4 93 30 7 98 92 38 74 53 59 75 81 64 83 66 15 68 9 76 97 74 94 47 63 9 81 33 15 1 3 79 92 62 77 19 83 80 15 34 54 53 46 12 63 96 59 0 54 46 7 21 6 68 12 45 45 27 86 57 81 54 38 47 12 65 57 84 23 57 77 75 72 37 51 32 
88 49 48 70 97 63 19 26 34 78 55 18 59 61 72 1 27 91 81 74 38 84 99 90 70 97 92 17 75 93 25 64 15 81 9 8 75 25 3 54 54 64 79 39 55 24 83 33 88 39 70 12 92 88 93 59 68 63 16 66 54 77 30 68 7 70 87 54 0 24 29 1 40 62 33 67 59 47 80 38 54 91 89 34 35 26 79 20 84 53 76 85 64 97 80 99 
8 23 61 99 15 80 94 98 96 78 15 82 78 97 9 98 27 5 71 51 34 1 92 78 86 71 83 53 7 93 46 73 3 92 86 3 40 79 19 25 1 91 62 90 11 62 83 42 48 94 97 1 74 74 27 76 7 77 49 22 68 38 71 36 74 87 69 46 24 0 42 39 40 7 9 1 88 43 19 45 44 94 6 3 63 37 95 60 84 20 24 31 18 99 40 56 
27 14 35 34 88 22 30 2 42 89 58 47 43 28 52 99 53 17 55 81 13 94 75 11 45 6 98 69 3 97 15 13 53 77 69 97 76 68 4 96 43 49 36 55 32 28 3 43 73 86 23 48 82 21 50 13 39 77 44 90 78 79 15 38 38 42 67 7 29 42 0 24 17 10 92 31 49 50 38 52 22 1 32 94 19 40 45 50 45 24 37 82 90 70 75 86 
26 98 33 44 76 20 19 14 72 91 62 8 36 1 34 78 56 78 25 51 38 86 9 62 71 64 37 93 31 58 78 35 55 57 40 21 20 51 15 23 41 45 59 28 70 16 31 96 38 96 43 24 13 77 89 29 19 75 44 58 13 70 14 42 3 82 23 21 1 39 24 0 69 62 44 47 54 75 13 36 18 12 5 88 27 66 17 76 26 64 25 17 80 85 57 20 
23 54 20 27 36 78 53 39 70 84 41 18 76 27 62 12 8 69 78 36 80 52 76 17 73 95 7 91 78 95 87 25 16 27 64 4 10 49 80 34 40 95 32 30 96 12 86 17 42 71 3 82 42 73 33 46 72 71 58 1 87 25 77 10 46 52 3 6 40 40 17 69 0 34 66 30 39 84 54 70 92 65 20 55 76 70 71 94 23 82 29 98 74 58 51 21 
10 85 68 57 64 34 32 86 71 40 73 87 29 51 8 91 63 31 90 73 66 92 82 80 13 25 39 8 79 40 33 84 97 63 55 86 72 36 68 25 25 17 31 49 48 86 48 84 90 74 21 91 58 59 26 50 54 48 86 78 86 70 82 16 14 47 74 68 62 7 10 62 34 0 30 33 44 92 48 47 58 80 2 13 40 20 56 60 58 67 89 58 54 56 3 34 
68 11 25 70 33 5 50 28 24 99 66 62 86 21 60 25 32 53 36 16 7 33 28 75 47 47 99 61 92 91 92 35 89 54 14 95 54 53 35 31 41 60 49 16 49 54 66 29 31 56 57 13 71 56 99 95 16 79 68 68 29 30 48 94 42 59 2 12 33 9 92 44 66 30 0 45 54 38 63 74 61 70 73 87 83 13 49 9 84 65 27 53 18 28 43 49 
24 97 84 74 92 40 99 39 87 16 23 65 35 27 42 55 80 85 58 40 80 87 26 77 83 21 32 10 97 79 73 23 1 93 62 36 67 32 82 88 93 91 31 74 11 91 42 32 40 16 40 57 3 16 53 23 53 32 47 16 14 78 44 86 34 40 34 45 67 1 31 47 30 33 45 0 54 93 15 85 46 29 16 34 90 71 15 91 80 66 14 27 52 24 94 11 
28 56 95 53 50 68 84 85 40 38 3 8 45 66 28 48 93 37 32 3 93 85 87 98 8 23 63 35 43 62 39 90 60 23 41 18 28 2 65 1 73 45 97 30 41 48 57 92 6 97 38 82 35 83 61 77 47 34 51 71 62 25 76 77 4 84 81 45 59 88 49 54 39 44 54 54 0 73 52 30 20 3 37 23 57 99 95 59 22 35 40 55 29 12 60 3 
38 62 39 90 1 35 94 34 32 97 87 30 93 78 52 78 77 99 40 36 4 82 37 1 30 1 48 64 19 58 84 41 63 39 74 18 89 65 45 88 32 86 97 52 26 61 42 12 34 50 27 29 81 42 78 57 98 44 3 4 7 43 63 30 5 16 8 27 47 43 50 75 84 92 38 93 73 0 4 87 11 28 2 62 71 13 31 68 80 62 58 8 43 4 54 90 
58 57 48 28 23 35 46 2 38 37 2 56 83 19 41 41 47 60 15 98 33 6 15 31 61 70 63 67 84 6 21 88 2 21 75 56 3 32 43 36 5 49 21 50 73 89 80 39 75 56 22 36 67 64 6 90 75 10 1 48 58 11 26 53 31 76 64 86 80 19 38 13 54 48 63 15 52 4 0 13 75 76 60 35 70 51 98 93 22 86 76 44 4 85 7 2 
84 90 6 44 98 43 52 32 39 99 73 29 9 61 72 60 88 32 94 80 86 12 4 4 83 23 35 69 90 77 25 76 92 59 69 44 72 19 35 46 30 18 7 89 88 30 45 88 20 7 4 81 88 28 47 39 54 57 82 43 46 66 26 26 66 94 70 57 38 45 52 36 70 47 74 85 30 87 13 0 66 97 19 54 8 71 47 26 35 56 72 64 95 12 13 50 
39 22 80 2 71 79 87 39 57 2 52 44 31 83 46 96 71 36 49 16 45 70 93 82 74 28 72 14 89 26 72 78 68 44 25 53 86 67 79 64 36 52 75 65 23 84 95 17 94 33 63 9 72 97 65 87 4 87 59 2 62 86 73 87 70 94 6 81 54 44 22 18 92 58 61 46 20 11 75 66 0 80 68 55 70 82 42 32 83 34 74 10 89 75 96 2 
9 97 64 83 37 83 16 29 88 33 72 99 65 60 95 80 70 33 14 16 30 10 85 65 47 26 43 67 57 80 28 39 82 20 26 96 20 16 45 9 36 49 36 14 50 51 80 57 38 30 29 17 15 83 11 12 25 47 19 82 52 54 43 38 89 53 43 54 91 94 1 12 65 80 70 29 3 28 76 97 80 0 20 12 73 42 24 36 59 30 15 2 50 95 40 28 
33 84 88 95 19 39 72 76 29 31 88 56 78 63 10 90 56 51 20 95 47 47 73 39 87 65 21 92 43 94 38 76 42 46 34 26 15 44 61 42 49 7 37 53 56 70 87 10 90 94 10 7 27 90 98 20 44 38 46 48 94 21 62 16 75 57 16 38 89 6 32 5 20 2 73 16 37 2 60 19 68 20 0 58 20 33 12 52 88 86 65 77 61 9 40 85 
35 26 33 97 28 49 49 32 37 8 78 6 19 39 89 32 93 52 16 67 68 75 44 68 85 46 91 1 5 38 96 22 84 76 19 90 14 40 68 15 31 77 74 95 89 39 34 65 16 79 55 22 40 72 2 89 26 37 66 17 7 14 45 23 37 26 36 47 34 3 94 88 55 13 87 34 23 62 35 54 55 12 58 0 98 19 4 47 41 32 96 43 63 24 17 89 
11 15 43 27 29 82 29 52 67 51 63 51 39 24 47 57 99 6 98 35 67 94 9 31 98 39 51 35 12 45 83 16 45 38 79 30 98 21 43 63 48 67 39 60 4 84 55 84 13 20 2 35 91 74 57 51 27 11 28 69 58 27 45 92 66 80 47 12 35 63 19 27 76 40 83 90 57 71 70 8 70 73 20 98 0 32 98 76 84 7 19 46 65 54 86 44 
24 14 75 85 53 6 84 67 11 51 49 93 12 69 59 34 88 34 42 84 29 33 56 22 48 58 23 71 25 61 17 56 98 85 47 52 83 2 23 11 1 87 72 35 29 75 16 27 98 29 29 48 59 97 73 75 2 51 97 22 41 7 54 37 57 37 82 65 26 37 40 66 70 20 13 71 99 13 51 71 82 42 33 19 32 0 51 43 14 8 1 6 14 9 39 67 
16 85 67 31 95 92 28 68 85 33 1 64 57 70 22 39 86 1 36 94 58 39 18 27 89 53 3 17 23 16 55 69 7 35 79 68 23 1 42 30 80 36 57 4 25 96 28 3 65 79 7 46 46 61 92 92 7 78 84 62 8 32 33 46 78 5 24 57 79 95 45 17 71 56 49 15 95 31 98 47 42 24 12 4 98 51 0 60 98 67 6 26 89 7 16 75 
88 44 89 65 51 9 44 33 1 44 43 53 53 62 55 93 75 10 26 19 85 43 61 96 74 53 64 38 7 93 97 83 88 88 8 48 62 46 69 31 8 45 72 65 21 48 38 39 1 42 45 43 83 90 57 91 19 20 59 30 5 84 29 67 71 83 21 84 20 60 50 76 94 60 9 91 59 68 93 26 32 36 52 47 76 43 60 0 60 20 51 23 3 76 76 51 
26 7 99 23 47 41 20 75 17 42 40 35 84 88 1 21 16 32 52 75 44 64 33 11 77 33 1 18 5 42 53 69 57 59 78 21 82 83 42 38 53 79 68 81 66 6 6 86 70 93 68 26 85 80 22 41 35 46 21 45 93 50 6 4 17 95 5 23 84 84 45 26 23 58 84 80 22 80 22 35 83 59 88 41 84 14 98 60 0 42 9 48 84 28 10 71 
72 78 31 99 8 70 80 33 31 70 4 99 77 67 20 15 15 36 35 19 95 24 99 70 88 70 93 39 80 64 74 12 50 2 9 72 12 30 40 98 10 99 50 93 88 60 65 31 51 25 33 36 53 89 87 60 32 35 97 97 8 66 21 59 43 12 24 57 53 20 24 64 82 67 65 66 35 62 86 56 34 30 86 32 7 8 67 20 42 0 19 79 70 62 84 36 
93 57 18 53 86 6 71 98 4 2 58 84 69 20 20 10 57 89 23 26 94 41 84 34 46 80 6 83 29 8 6 37 48 41 39 80 29 27 81 40 25 1 62 58 10 12 35 87 48 90 30 76 14 23 38 3 97 36 44 67 19 55 62 96 98 43 26 77 76 24 37 25 29 89 27 14 40 58 76 72 74 15 65 96 19 1 6 51 9 19 0 36 57 54 23 14 
75 60 69 4 17 8 89 6 79 98 44 78 26 37 86 68 88 61 34 18 21 64 28 37 37 6 73 15 54 3 67 58 73 86 50 9 45 8 43 11 52 39 83 1 12 36 43 54 19 11 70 27 10 35 73 9 81 8 85 35 52 1 8 73 58 23 47 75 85 31 82 17 98 58 53 27 55 8 44 64 10 2 77 43 46 6 26 23 48 79 36 0 49 22 8 7 
63 16 65 71 30 79 87 1 60 52 54 38 70 18 28 82 2 39 62 50 53 64 96 10 88 34 53 38 31 47 81 28 60 38 15 24 3 53 68 68 86 19 99 10 22 52 88 32 69 70 13 54 26 56 75 76 99 72 12 89 73 51 52 73 94 85 32 72 64 18 90 80 74 54 18 52 29 43 4 95 89 50 61 63 65 14 89 3 84 70 57 49 0 78 29 44 
47 25 61 13 12 38 12 38 54 31 44 90 32 22 98 80 85 12 79 38 32 32 53 1 40 65 10 63 22 76 95 80 94 59 18 61 4 4 99 55 92 82 84 91 59 85 45 31 68 16 91 88 48 8 93 72 44 2 99 87 3 82 98 90 6 29 26 37 97 99 70 85 58 56 28 24 12 4 85 12 75 95 9 24 54 9 7 76 28 62 54 22 78 0 85 71 
33 10 79 40 62 79 66 73 70 83 75 55 60 78 22 4 76 45 8 21 26 19 51 56 38 54 95 1 28 53 51 2 83 8 46 57 11 22 14 78 76 37 86 39 88 74 91 37 67 47 16 75 65 38 15 30 52 4 91 78 83 38 51 17 90 57 19 51 80 40 75 57 51 3 43 94 60 54 7 13 96 40 40 17 86 39 16 76 10 84 23 8 29 85 0 98 
89 67 18 84 15 34 94 44 50 50 99 5 63 27 95 48 77 44 33 41 64 41 81 70 7 54 98 34 6 67 3 13 81 25 58 10 32 84 26 46 15 49 88 18 95 13 43 16 75 30 75 67 89 99 15 96 37 47 47 98 47 77 84 86 88 33 12 32 99 56 86 20 21 34 49 11 3 90 2 50 2 28 85 89 44 67 75 51 71 36 14 7 44 71 98 0 
