98
0 38 13 73 10 76 6 80 65 17 2 77 72 7 26 51 21 19 85 12 29 30 15 51 69 88 88 95 97 87 14 10 8 64 62 23 58 2 1 61 82 9 89 14 48 73 31 72 4 71 22 50 58 4 69 25 44 77 27 53 81 42 83 16 65 69 26 99 88 8 27 26 23 10 68 24 28 38 58 84 39 9 33 35 11 24 16 88 26 72 93 75 63 47 33 89 24 56 
38 0 66 78 4 1 78 7 53 86 71 3 77 92 22 76 8 78 73 76 77 44 21 31 37 8 46 69 58 83 97 14 11 24 82 8 25 75 93 21 33 13 66 95 61 25 83 98 3 93 99 11 55 97 83 87 71 67 72 49 55 16 6 18 43 21 49 23 14 98 54 85 11 97 56 62 57 90 22 97 84 26 15 14 85 44 7 78 57 60 16 25 10 67 72 54 70 37 
13 66 0 22 41 78 92 50 48 78 41 79 46 88 17 29 46 68 67 79 47 1 30 64 76 36 54 94 34 3 85 84 49 55 33 29 56 83 32 29 95 75 9 33 9 85 78 51 80 42 65 84 25 21 45 16 31 92 15 20 27 87 8 54 48 61 35 33 20 68 25 84 95 39 48 6 80 64 88 33 43 75 67 89 99 31 18 69 65 61 79 18 40 36 82 29 23 39 
73 78 22 0 42 75 78 71 26 49 51 63 45 55 1 87 17 20 10 93 52 11 69 24 15 64 22 47 4 57 89 81 47 55 80 72 15 78 16 26 54 85 59 86 30 45 38 23 92 55 77 13 60 27 77 72 88 40 44 77 39 92 70 99 34 44 27 57 70 74 53 90 28 44 2 83 95 97 27 85 31 65 23 99 53 4 71 13 40 84 49 62 71 14 37 24 23 67 
10 4 41 42 0 93 96 54 10 42 58 89 94 77 83 12 37 17 31 85 58 36 42 82 3 86 94 37 47 81 28 73 29 3 14 42 37 41 19 98 39 64 47 90 3 99 29 79 76 59 43 27 22 59 17 93 38 12 23 7 97 15 88 76 36 64 33 92 50 1 23 98 71 37 19 28 29 53 95 51 47 8 86 17 30 12 62 15 31 9 41 49 31 24 67 93 65 13 
76 1 78 75 93 0 18 34 11 29 76 6 82 6 43 87 53 58 57 79 88 82 11 73 49 20 13 26 78 17 5 89 28 51 69 4 59 13 3 77 97 97 62 16 75 13 19 31 60 6 17 96 97 61 44 32 45 25 63 80 22 20 78 34 5 40 68 35 35 43 79 83 39 49 82 6 92 9 41 70 6 8 79 38 79 34 28 52 78 31 44 47 10 68 4 68 55 98 
6 78 92 78 96 18 0 64 81 29 38 65 38 94 19 79 71 93 53 11 33 47 64 94 19 37 30 40 29 55 30 56 91 28 61 13 18 72 92 8 84 57 52 33 77 63 52 97 31 23 6 92 96 23 77 23 19 94 30 19 53 32 50 99 84 94 46 52 87 16 72 49 29 84 28 44 20 80 71 89 87 12 66 94 16 52 99 87 46 64 43 23 83 41 45 17 18 89 
80 7 50 71 54 34 64 0 1 98 83 72 15 37 27 33 2 49 89 23 35 95 22 69 68 49 19 98 12 12 53 77 69 46 65 90 41 8 8 34 59 8 35 5 6 62 51 77 46 97 22 93 72 93 26 98 2 14 39 86 28 39 85 34 2 32 39 29 76 32 52 67 68 33 75 33 98 6 1 38 73 44 25 17 97 97 42 25 22 28 47 36 63 69 63 33 46 89 
65 53 48 26 10 11 81 1 0 43 58 26 33 34 7 66 52 32 8 14 4 29 16 30 67 62 84 97 59 83 35 31 58 97 50 47 84 42 21 41 51 5 10 1 91 22 75 22 34 39 38 44 34 96 42 72 70 71 24 87 40 32 38 39 57 88 29 37 67 11 85 1 17 31 4 79 60 54 70 50 75 47 28 34 73 69 40 33 98 8 34 63 15 78 44 62 86 37 
17 86 78 49 42 29 29 98 43 0 13 54 27 83 13 26 2 42 56 56 65 16 93 41 61 71 50 51 33 91 21 53 39 66 81 58 53 90 20 95 65 43 48 22 98 2 90 39 13 19 78 78 89 91 84 40 99 16 38 97 37 99 2 33 31 8 51 51 33 44 42 70 2 98 52 31 83 50 82 83 96 72 22 19 47 45 92 10 5 78 64 24 96 60 65 83 32 2 
2 71 41 51 58 76 38 83 58 13 0 85 79 69 55 26 84 28 57 93 9 56 77 47 50 12 9 62 75 24 89 90 83 83 6 43 47 22 52 74 43 14 19 24 46 96 53 34 55 15 58 62 41 73 66 23 3 87 2 73 52 72 88 78 63 49 1 43 40 4 58 44 54 44 75 99 98 76 60 67 75 92 6 27 68 32 12 4 55 2 14 60 57 82 9 39 5 71 
77 3 79 63 89 6 65 72 26 54 85 0 77 74 6 80 85 60 32 91 8 67 33 47 76 83 45 65 38 48 74 91 85 16 66 53 70 67 90 29 20 18 6 80 11 30 18 82 47 8 18 87 62 65 8 30 56 29 44 99 56 6 51 93 64 53 35 99 84 78 38 90 55 5 44 12 30 77 90 33 51 52 43 24 90 44 89 96 29 65 87 59 89 52 23 11 32 10 
72 77 46 45 94 82 38 15 33 27 79 77 0 7 31 68 19 13 74 75 92 66 86 54 43 7 10 37 88 60 9 54 88 19 22 68 15 21 86 10 43 67 21 17 59 78 43 36 76 29 86 35 45 93 83 9 31 65 78 19 39 12 57 53 84 77 69 26 70 32 60 63 30 67 33 72 61 94 73 28 98 94 69 39 61 98 10 68 79 64 21 36 56 29 46 93 57 52 
7 92 88 55 77 6 94 37 34 83 69 74 7 0 5 80 76 32 77 53 39 84 81 75 71 27 58 31 65 39 19 96 42 96 58 49 43 53 23 65 71 62 61 97 28 1 27 51 21 27 66 78 19 61 83 60 63 39 24 69 70 62 88 67 20 37 18 22 78 27 33 9 9 21 69 83 55 86 94 75 90 24 95 91 14 12 43 11 89 25 48 69 44 92 14 7 3 68 
26 22 17 1 83 43 19 27 7 13 55 6 31 5 0 94 5 29 36 83 78 47 79 7 92 81 21 24 64 72 7 22 65 51 91 10 93 68 86 34 72 9 52 34 62 8 60 42 28 52 41 72 46 95 10 89 47 59 22 55 1 20 20 86 28 98 22 95 19 68 36 96 30 23 57 11 43 73 32 13 83 8 88 9 62 24 35 95 4 56 69 16 25 95 63 27 99 48 
51 76 29 87 12 87 79 33 66 26 26 80 68 80 94 0 88 36 17 88 91 79 88 58 25 56 50 53 25 16 68 74 47 21 67 95 13 26 1 98 99 78 12 91 25 55 48 78 41 60 96 80 90 32 57 34 39 93 21 15 10 68 82 80 4 48 71 43 6 21 58 60 55 78 25 59 80 37 81 59 52 64 74 84 89 83 56 79 71 28 24 54 70 69 24 47 40 67 
21 8 46 17 37 53 71 2 52 2 84 85 19 76 5 88 0 78 27 25 18 88 2 46 59 22 18 57 34 44 76 99 3 97 91 84 27 27 53 56 8 63 32 80 93 77 47 88 71 70 56 93 99 88 86 75 16 15 57 88 2 85 76 77 91 19 63 46 66 53 29 88 39 21 98 52 60 95 65 15 98 53 45 17 65 31 83 11 46 89 79 60 98 43 65 6 91 77 
19 78 68 20 17 58 93 49 32 42 28 60 13 32 29 36 78 0 56 43 21 89 69 19 93 50 84 16 18 62 8 65 56 3 91 5 17 78 69 31 53 85 37 99 60 32 36 33 51 52 6 34 1 10 32 36 89 61 39 12 45 44 8 63 57 97 94 53 25 44 52 11 95 50 19 11 62 40 7 8 80 13 1 4 52 16 68 82 60 67 16 62 65 20 45 88 62 22 
85 73 67 10 31 57 53 89 8 56 57 32 74 77 36 17 27 56 0 1 64 95 85 2 85 61 77 23 15 25 47 33 81 71 55 25 78 90 36 58 32 40 15 94 49 14 20 16 98 42 36 26 52 35 23 34 62 79 8 33 4 68 96 58 97 47 90 22 93 85 59 65 41 79 79 63 63 48 28 72 43 15 94 52 19 79 11 36 50 94 80 90 5 6 87 30 54 81 
12 76 79 93 85 79 11 23 14 56 93 91 75 53 83 88 25 43 1 0 73 30 39 79 55 43 65 69 45 85 74 51 81 51 36 73 16 40 3 36 98 80 16 16 95 67 35 84 94 19 75 19 26 18 50 38 21 41 53 24 19 80 52 33 38 31 41 51 74 69 81 16 64 65 92 21 55 24 7 25 1 49 81 29 89 2 74 22 1 77 33 41 82 84 31 88 54 34 
29 77 47 52 58 88 33 35 4 65 9 8 92 39 78 91 18 21 64 73 0 83 23 4 35 50 89 71 38 34 13 38 80 66 7 80 93 4 33 86 45 30 47 68 67 29 58 85 44 95 94 21 53 32 26 64 53 60 18 23 55 14 31 24 51 22 72 4 24 13 78 8 53 31 27 9 97 85 82 74 40 57 61 26 66 96 28 19 87 2 35 3 18 86 12 94 54 60 
30 44 1 11 36 82 47 95 29 16 56 67 66 84 47 79 88 89 95 30 83 0 83 12 84 4 84 1 94 86 52 92 33 87 85 82 6 12 70 10 47 75 94 33 39 43 64 24 41 64 64 32 19 41 6 93 80 83 75 41 26 69 50 83 87 47 14 22 81 82 95 50 52 15 31 11 86 5 8 55 60 85 99 42 36 57 14 12 53 67 22 82 95 35 62 92 86 61 
15 21 30 69 42 11 64 22 16 93 77 33 86 81 79 88 2 69 85 39 23 83 0 93 99 92 75 9 76 82 28 26 87 37 15 4 93 85 73 44 9 56 18 61 33 99 84 28 96 53 51 81 92 80 27 38 25 57 41 53 39 20 45 21 64 22 66 69 93 19 69 17 79 60 57 45 36 40 62 33 68 54 63 76 9 35 34 93 26 68 2 99 9 90 28 30 90 78 
51 31 64 24 82 73 94 69 30 41 47 47 54 75 7 58 46 19 2 79 4 12 93 0 11 62 17 80 75 77 98 1 31 4 82 65 39 68 31 22 27 96 11 70 34 37 10 1 56 70 11 4 40 78 38 17 26 47 8 44 1 57 15 56 56 53 79 98 54 61 1 15 61 67 96 40 72 8 17 67 62 70 51 59 80 15 78 13 12 80 96 35 7 70 86 45 71 73 
69 37 76 15 3 49 19 68 67 61 50 76 43 71 92 25 59 93 85 55 35 84 99 11 0 13 47 83 8 30 61 83 74 47 87 85 98 48 89 74 77 88 46 37 88 40 38 7 44 59 2 84 30 49 56 46 9 35 30 1 80 20 5 72 2 9 27 41 90 33 71 97 8 39 82 30 4 75 51 92 17 50 43 71 9 32 26 35 55 98 97 71 6 64 95 25 47 21 
88 8 36 64 86 20 37 49 62 71 12 83 7 27 81 56 22 50 61 43 50 4 92 62 13 0 23 1 70 23 28 26 65 46 39 58 53 53 33 70 80 6 34 65 54 54 54 13 81 97 34 52 56 81 55 13 86 11 82 79 72 85 30 13 64 8 71 83 64 65 45 70 76 89 35 15 60 89 34 25 4 42 31 23 54 97 92 92 83 98 37 7 39 99 32 63 48 63 
88 46 54 22 94 13 30 19 84 50 9 45 10 58 21 50 18 84 77 65 89 84 75 17 47 23 0 35 72 43 21 91 51 23 3 64 1 93 6 73 53 10 95 98 12 99 41 92 77 88 62 3 23 83 94 99 48 30 96 99 81 2 76 2 53 93 65 76 79 63 77 49 37 50 15 74 22 33 72 1 47 25 81 38 17 53 69 93 91 8 61 10 35 64 67 69 14 67 
95 69 94 47 37 26 40 98 97 51 62 65 37 31 24 53 57 16 23 69 71 1 9 80 83 1 35 0 92 1 35 71 17 38 18 39 83 15 38 63 1 34 50 78 32 58 59 74 77 29 77 54 59 32 95 14 39 92 88 60 47 63 87 62 40 72 3 60 26 58 33 31 53 92 42 79 58 46 86 26 74 75 7 3 31 78 79 92 97 43 19 84 90 89 57 43 5 12 
97 58 34 4 47 78 29 12 59 33 75 38 88 65 64 25 34 18 15 45 38 94 76 75 8 70 72 92 0 25 23 7 5 80 29 54 31 22 28 6 36 73 83 49 52 95 25 77 41 86 29 41 48 24 29 85 90 38 6 24 69 21 14 57 30 29 92 55 29 64 82 61 70 84 73 80 49 53 93 93 97 58 95 40 91 79 62 58 6 77 26 80 94 38 45 61 16 93 
87 83 3 57 81 17 55 12 83 91 24 48 60 39 72 16 44 62 25 85 34 86 82 77 30 23 43 1 25 0 42 64 8 3 47 76 53 67 26 38 4 26 85 65 1 53 82 47 85 18 55 36 79 61 51 47 24 66 1 33 13 91 76 26 56 70 6 15 88 3 92 65 99 88 59 25 46 15 78 87 33 92 73 39 84 21 25 72 28 38 96 83 17 55 97 53 74 6 
14 97 85 89 28 5 30 53 35 21 89 74 9 19 7 68 76 8 47 74 13 52 28 98 61 28 21 35 23 42 0 67 81 95 51 3 90 33 8 90 86 37 67 74 12 36 43 40 53 94 85 21 74 8 53 70 58 63 90 84 17 29 46 83 82 69 68 62 84 70 39 75 64 73 13 35 25 84 35 23 90 41 88 76 78 39 76 22 16 56 69 83 69 12 37 58 28 80 
10 14 84 81 73 89 56 77 31 53 90 91 54 96 22 74 99 65 33 51 38 92 26 1 83 26 91 71 7 64 67 0 2 13 2 9 90 64 91 16 86 81 85 28 94 8 15 76 13 62 21 38 63 67 34 58 75 73 6 1 3 5 65 58 36 31 5 76 81 15 3 53 55 16 97 89 1 60 63 2 92 68 82 42 84 45 98 7 88 57 50 48 73 60 94 83 81 99 
8 11 49 47 29 28 91 69 58 39 83 85 88 42 65 47 3 56 81 81 80 33 87 31 74 65 51 17 5 8 81 2 0 93 39 11 88 66 96 89 60 74 96 92 35 51 52 83 83 52 92 25 56 69 66 38 58 98 88 45 58 42 33 28 56 64 81 92 77 57 27 63 54 93 23 39 21 59 44 20 46 76 38 85 35 88 59 2 41 86 38 59 8 25 25 84 42 95 
64 24 55 55 3 51 28 46 97 66 83 16 19 96 51 21 97 3 71 51 66 87 37 4 47 46 23 38 80 3 95 13 93 0 28 33 15 26 14 79 37 25 4 57 94 32 29 77 3 61 60 73 41 16 38 8 83 39 48 61 61 49 83 9 86 69 40 64 55 14 62 41 74 75 69 25 26 34 19 79 47 79 8 78 9 39 50 15 18 46 58 78 88 27 32 59 24 38 
62 82 33 80 14 69 61 65 50 81 6 66 22 58 91 67 91 91 55 36 7 85 15 82 87 39 3 18 29 47 51 2 39 28 0 43 94 90 82 97 27 47 19 25 40 76 40 7 69 40 47 22 68 74 25 72 33 13 87 66 8 3 97 21 4 86 95 36 18 18 56 44 53 96 26 90 30 52 68 48 21 72 80 9 24 61 57 10 47 61 66 63 22 14 23 28 26 18 
23 8 29 72 42 4 13 90 47 58 43 53 68 49 10 95 84 5 25 73 80 82 4 65 85 58 64 39 54 76 3 9 11 33 43 0 33 94 15 86 53 26 61 84 69 90 25 58 64 13 19 27 78 26 1 23 15 75 40 76 20 10 72 54 67 28 89 3 72 86 20 15 14 98 83 23 62 82 12 29 45 3 4 11 32 92 97 30 56 30 34 42 66 50 26 86 49 54 
58 25 56 15 37 59 18 41 84 53 47 70 15 43 93 13 27 17 78 16 93 6 93 39 98 53 1 83 31 53 90 90 88 15 94 33 0 49 1 39 8 22 6 16 78 81 64 98 31 33 73 45 41 68 25 79 68 51 49 36 53 32 2 65 32 19 67 16 44 40 21 2 1 46 83 30 27 8 53 4 22 84 80 63 70 68 9 73 44 96 90 77 73 59 69 59 82 64 
2 75 83 78 41 13 72 8 42 90 22 67 21 53 68 26 27 78 90 40 4 12 85 68 48 53 93 15 22 67 33 64 66 26 90 94 49 0 93 53 38 48 52 24 71 1 24 23 88 60 9 3 19 4 15 80 68 35 82 65 45 43 35 79 45 61 68 43 23 42 69 42 40 81 43 68 99 14 26 39 76 6 93 23 40 74 15 48 72 2 34 71 61 20 16 98 99 54 
1 93 32 16 19 3 92 8 21 20 52 90 86 23 86 1 53 69 36 3 33 70 73 31 89 33 6 38 28 26 8 91 96 14 82 15 1 93 0 70 21 36 39 50 82 59 13 76 54 25 96 23 34 25 31 88 1 88 36 46 64 9 42 15 63 11 30 31 38 98 40 11 68 55 78 46 74 69 24 82 65 82 82 33 94 15 31 39 97 88 1 38 67 43 62 19 1 46 
61 21 29 26 98 77 8 34 41 95 74 29 10 65 34 98 56 31 58 36 86 10 44 22 74 70 73 63 6 38 90 16 89 79 97 86 39 53 70 0 83 95 72 71 97 54 1 43 41 40 25 41 93 73 32 5 30 36 36 49 31 48 1 80 8 53 10 25 52 86 92 76 15 82 62 41 13 28 45 1 55 65 17 91 18 60 91 96 38 73 84 82 40 44 71 91 24 31 
82 33 95 54 39 97 84 59 51 65 43 20 43 71 72 99 8 53 32 98 45 47 9 27 77 80 53 1 36 4 86 86 60 37 27 53 8 38 21 83 0 74 64 91 49 45 95 17 60 91 45 86 49 18 52 49 7 77 67 87 36 45 79 99 1 39 19 82 37 49 4 52 49 4 89 58 17 88 64 87 22 34 95 32 69 39 72 70 54 13 97 47 41 18 94 79 62 36 
9 13 75 85 64 97 57 8 5 43 14 18 67 62 9 78 63 85 40 80 30 75 56 96 88 6 10 34 73 26 37 81 74 25 47 26 22 48 36 95 74 0 59 32 31 49 31 97 97 21 7 75 36 37 74 39 72 57 72 68 50 62 83 99 84 86 88 48 1 66 22 22 40 77 61 3 41 78 44 84 60 67 79 86 51 23 38 14 16 85 47 39 90 55 28 30 49 16 
89 66 9 59 47 62 52 35 10 48 19 6 21 61 52 12 32 37 15 16 47 94 18 11 46 34 95 50 83 85 67 85 96 4 19 61 6 52 39 72 64 59 0 74 30 52 50 89 65 14 53 95 60 35 4 65 81 93 58 1 10 91 39 18 14 43 53 10 39 26 58 82 52 70 54 90 70 30 91 63 77 21 56 89 96 2 63 55 11 32 70 96 48 49 11 41 26 73 
14 95 33 86 90 16 33 5 1 22 24 80 17 97 34 91 80 99 94 16 68 33 61 70 37 65 98 78 49 65 74 28 92 57 25 84 16 24 50 71 91 32 74 0 88 23 50 56 89 4 29 25 21 66 88 10 12 22 59 88 95 65 79 88 72 87 83 1 43 35 67 58 93 7 71 3 13 91 5 1 35 77 9 24 62 28 16 12 86 54 91 48 61 89 30 84 51 70 
48 61 9 30 3 75 77 6 91 98 46 11 59 28 62 25 93 60 49 95 67 39 33 34 88 54 12 32 52 1 12 94 35 94 40 69 78 71 82 97 49 31 30 88 0 39 84 75 96 48 6 60 12 36 52 85 74 13 36 17 10 85 59 49 22 48 72 57 52 68 4 93 51 54 88 80 93 40 81 83 83 3 31 86 48 66 42 57 42 80 45 95 80 87 34 55 16 28 
73 25 85 45 99 13 63 62 22 2 96 30 78 1 8 55 77 32 14 67 29 43 99 37 40 54 99 58 95 53 36 8 51 32 76 90 81 1 59 54 45 49 52 23 39 0 38 6 65 35 43 88 45 91 43 45 53 89 58 81 3 65 74 96 50 32 32 42 40 15 3 48 36 51 33 33 42 43 96 17 84 29 32 92 12 39 88 17 57 10 65 84 27 3 39 86 31 87 
31 83 78 38 29 19 52 51 75 90 53 18 43 27 60 48 47 36 20 35 58 64 84 10 38 54 41 59 25 82 43 15 52 29 40 25 64 24 13 1 95 31 50 50 84 38 0 54 32 31 37 16 22 93 48 74 45 5 67 44 19 60 91 30 78 10 24 91 9 92 15 88 48 73 38 42 90 31 40 6 34 75 20 94 38 90 16 13 98 65 1 70 51 48 19 69 68 67 
72 98 51 23 79 31 97 77 22 39 34 82 36 51 42 78 88 33 16 84 85 24 28 1 7 13 92 74 77 47 40 76 83 77 7 58 98 23 76 43 17 97 89 56 75 6 54 0 75 70 56 66 82 51 49 5 51 57 79 39 11 95 25 40 59 56 1 39 94 86 96 71 74 56 16 97 50 56 7 33 30 94 79 20 29 79 42 93 25 90 11 70 16 47 30 45 20 84 
4 3 80 92 76 60 31 46 34 13 55 47 76 21 28 41 71 51 98 94 44 41 96 56 44 81 77 77 41 85 53 13 83 3 69 64 31 88 54 41 60 97 65 89 96 65 32 75 0 75 80 45 99 13 87 78 50 32 54 88 93 79 3 70 97 23 43 3 21 57 40 38 27 22 4 63 29 10 55 2 29 7 45 68 33 30 70 13 91 16 75 93 17 24 16 12 5 72 
71 93 42 55 59 6 23 97 39 19 15 8 29 27 52 60 70 52 42 19 95 64 53 70 59 97 88 29 86 18 94 62 52 61 40 13 33 60 25 40 91 21 14 4 48 35 31 70 75 0 95 25 81 38 64 61 82 50 79 12 1 48 24 82 91 13 57 82 29 36 81 9 17 7 22 35 48 46 43 26 36 76 27 54 88 75 67 78 61 53 50 37 61 96 48 70 35 62 
22 99 65 77 43 17 6 22 38 78 58 18 86 66 41 96 56 6 36 75 94 64 51 11 2 34 62 77 29 55 85 21 92 60 47 19 73 9 96 25 45 7 53 29 6 43 37 56 80 95 0 33 48 19 92 92 74 82 13 42 58 71 3 35 81 67 88 72 15 27 40 91 59 46 83 85 53 14 10 26 48 65 89 40 86 22 46 45 89 84 69 68 71 36 35 25 62 88 
50 11 84 13 27 96 92 93 44 78 62 87 35 78 72 80 93 34 26 19 21 32 81 4 84 52 3 54 41 36 21 38 25 73 22 27 45 3 23 41 86 75 95 25 60 88 16 66 45 25 33 0 74 21 77 73 59 56 16 83 42 64 28 97 83 90 72 74 97 61 90 80 89 23 35 56 8 38 99 1 76 74 64 58 65 40 15 23 27 16 82 77 93 27 50 89 33 26 
58 55 25 60 22 97 96 72 34 89 41 62 45 19 46 90 99 1 52 26 53 19 92 40 30 56 23 59 48 79 74 63 56 41 68 78 41 19 34 93 49 36 60 21 12 45 22 82 99 81 48 74 0 99 53 61 78 6 47 65 11 98 2 57 73 92 57 22 87 38 73 75 93 15 15 50 89 46 87 31 84 78 72 59 63 43 19 59 76 13 29 46 50 95 23 77 57 90 
4 97 21 27 59 61 23 93 96 91 73 65 93 61 95 32 88 10 35 18 32 41 80 78 49 81 83 32 24 61 8 67 69 16 74 26 68 4 25 73 18 37 35 66 36 91 93 51 13 38 19 21 99 0 39 87 12 20 89 51 75 92 91 41 60 3 9 76 72 30 96 11 73 64 14 36 62 28 6 49 37 83 68 7 39 19 72 54 16 53 47 98 75 54 4 25 44 26 
69 83 45 77 17 44 77 26 42 84 66 8 83 83 10 57 86 32 23 50 26 6 27 38 56 55 94 95 29 51 53 34 66 38 25 1 25 15 31 32 52 74 4 88 52 43 48 49 87 64 92 77 53 39 0 27 2 7 19 35 32 97 81 99 44 52 37 83 9 3 20 63 95 76 26 36 80 63 77 77 75 71 48 79 32 34 44 10 57 87 47 38 37 11 51 78 20 46 
25 87 16 72 93 32 23 98 72 40 23 30 9 60 89 34 75 36 34 38 64 93 38 17 46 13 99 14 85 47 70 58 38 8 72 23 79 80 88 5 49 39 65 10 85 45 74 5 78 61 92 73 61 87 27 0 35 36 8 72 2 4 47 62 7 4 9 37 85 49 82 15 16 49 44 44 58 86 68 47 51 3 1 82 59 19 46 66 28 97 84 59 21 97 44 85 12 99 
44 71 31 88 38 45 19 2 70 99 3 56 31 63 47 39 16 89 62 21 53 80 25 26 9 86 48 39 90 24 58 75 58 83 33 15 68 68 1 30 7 72 81 12 74 53 45 51 50 82 74 59 78 12 2 35 0 91 47 38 89 41 7 45 31 59 34 66 22 90 58 1 78 68 16 71 4 48 43 2 82 48 17 69 22 62 30 45 97 67 35 89 87 78 98 39 11 22 
77 67 92 40 12 25 94 14 71 16 87 29 65 39 59 93 15 61 79 41 60 83 57 47 35 11 30 92 38 66 63 73 98 39 13 75 51 35 88 36 77 57 93 22 13 89 5 57 32 50 82 56 6 20 7 36 91 0 17 79 8 54 54 68 78 13 87 86 29 14 62 7 58 46 62 52 94 7 58 41 8 5 93 8 19 52 73 3 83 47 19 87 30 36 12 53 77 38 
27 72 15 44 23 63 30 39 24 38 2 44 78 24 22 21 57 39 8 53 18 75 41 8 30 82 96 88 6 1 90 6 88 48 87 40 49 82 36 36 67 72 58 59 36 58 67 79 54 79 13 16 47 89 19 8 47 17 0 79 70 25 70 30 78 25 43 11 66 86 54 21 14 27 7 32 84 50 66 55 1 51 82 38 77 71 21 55 16 46 30 71 15 14 77 82 48 44 
53 49 20 77 7 80 19 86 87 97 73 99 19 69 55 15 88 12 33 24 23 41 53 44 1 79 99 60 24 33 84 1 45 61 66 76 36 65 46 49 87 68 1 88 17 81 44 39 88 12 42 83 65 51 35 72 38 79 79 0 76 63 26 26 73 43 62 45 45 54 33 29 6 21 62 8 52 98 51 84 22 10 78 12 68 36 38 42 10 16 94 86 77 30 53 26 87 38 
81 55 27 39 97 22 53 28 40 37 52 56 39 70 1 10 2 45 4 19 55 26 39 1 80 72 81 47 69 13 17 3 58 61 8 20 53 45 64 31 36 50 10 95 10 3 19 11 93 1 58 42 11 75 32 2 89 8 70 76 0 16 23 92 37 46 67 4 59 96 73 73 90 17 86 75 33 63 7 74 38 3 46 14 42 34 4 5 31 66 70 89 75 37 66 57 78 71 
42 16 87 92 15 20 32 39 32 99 72 6 12 62 20 68 85 44 68 80 14 69 20 57 20 85 2 63 21 91 29 5 42 49 3 10 32 43 9 48 45 62 91 65 85 65 60 95 79 48 71 64 98 92 97 4 41 54 25 63 16 0 17 43 98 58 94 6 90 88 30 96 70 87 42 82 52 47 59 40 84 16 76 94 94 53 57 26 80 37 5 83 95 12 43 23 85 29 
83 6 8 70 88 78 50 85 38 2 88 51 57 88 20 82 76 8 96 52 31 50 45 15 5 30 76 87 14 76 46 65 33 83 97 72 2 35 42 1 79 83 39 79 59 74 91 25 3 24 3 28 2 91 81 47 7 54 70 26 23 17 0 57 33 59 87 69 67 23 3 74 2 34 81 8 64 70 6 43 16 36 47 82 24 21 5 24 26 47 32 26 19 12 54 46 7 21 
16 18 54 99 76 34 99 34 39 33 78 93 53 67 86 80 77 63 58 33 24 83 21 56 72 13 2 62 57 26 83 58 28 9 21 54 65 79 15 80 99 99 18 88 49 96 30 40 70 82 35 97 57 41 99 62 45 68 30 26 92 43 57 0 6 68 12 45 45 27 86 57 81 54 38 47 12 65 57 84 23 57 77 75 72 37 51 32 24 29 1 40 62 33 67 59 47 80 
65 43 48 34 36 5 84 2 57 31 63 64 84 20 28 4 91 57 97 38 51 87 64 56 2 64 53 40 30 56 82 36 56 86 4 67 32 45 63 8 1 84 14 72 22 50 78 59 97 91 81 83 73 60 44 7 31 78 78 73 37 98 33 6 0 38 54 91 89 34 35 26 79 20 84 53 76 85 64 97 80 99 42 39 40 7 9 1 88 43 19 45 44 94 6 3 63 37 
69 21 61 44 64 40 94 32 88 8 49 53 77 37 98 48 19 97 47 31 22 47 22 53 9 8 93 72 29 70 69 31 64 69 86 28 19 61 11 53 39 86 43 87 48 32 10 56 23 13 67 90 92 3 52 4 59 13 25 43 46 58 59 68 38 0 95 60 84 20 24 31 18 99 40 56 24 17 10 92 31 49 50 38 52 22 1 32 94 19 40 45 50 45 24 37 82 90 
26 49 35 27 33 68 46 39 29 51 1 35 69 18 22 71 63 94 90 41 72 14 66 79 27 71 65 3 92 6 68 5 81 40 95 89 67 68 30 10 19 88 53 83 72 32 24 1 43 57 88 72 57 9 37 9 34 87 43 62 67 94 87 12 54 95 0 70 75 86 69 62 44 47 54 75 13 36 18 12 5 88 27 66 17 76 26 64 25 17 80 85 57 20 34 66 30 39 
99 23 33 57 92 35 52 29 37 51 43 99 26 22 95 43 46 53 22 51 4 22 69 98 41 83 76 60 55 15 62 76 92 64 36 3 16 43 31 25 82 48 10 1 57 42 91 39 3 82 72 74 22 76 83 37 66 86 11 45 4 6 69 45 91 60 70 0 84 54 70 92 65 20 55 76 70 71 94 23 82 29 98 74 58 51 21 30 33 44 92 48 47 58 80 2 13 40 
88 14 20 70 50 35 87 76 67 33 40 84 70 78 19 6 66 25 93 74 24 81 93 54 90 64 79 26 29 88 84 81 77 55 18 72 44 23 38 52 37 1 39 43 52 40 9 94 21 29 15 97 87 72 9 85 22 29 66 45 59 90 67 45 89 84 75 84 0 20 56 60 58 67 89 58 54 56 3 34 45 54 38 63 74 61 70 73 87 83 13 49 9 84 65 27 53 18 
8 98 68 74 1 43 16 32 11 44 4 78 32 27 68 21 53 44 85 69 13 82 19 61 33 65 63 58 64 3 70 15 57 14 18 86 40 42 98 86 49 66 26 35 68 15 92 86 57 36 27 61 38 30 3 49 90 14 86 54 96 88 23 27 34 20 86 54 20 0 28 43 49 54 93 15 85 46 29 16 34 90 71 15 91 80 66 14 27 52 24 94 11 73 52 30 20 3 
27 54 25 53 23 79 72 52 85 42 58 38 60 33 36 58 29 52 59 81 78 95 69 1 71 45 77 33 82 92 39 3 27 62 56 20 21 69 40 92 4 22 58 67 4 3 15 96 40 81 40 90 73 96 20 82 58 62 54 33 73 30 3 86 35 24 69 70 56 28 0 37 23 57 99 95 59 22 35 40 55 29 12 60 3 4 87 11 28 2 62 71 13 31 68 80 62 58 
26 85 84 90 98 83 49 67 1 70 44 90 63 9 96 60 88 11 65 16 8 50 17 15 97 70 49 31 61 65 75 53 63 41 44 15 2 42 11 76 52 22 82 58 93 48 88 71 38 9 91 80 75 11 63 15 1 7 21 29 73 96 74 57 26 31 62 92 60 43 37 0 8 43 4 54 90 13 75 76 60 35 70 51 98 93 22 86 76 44 4 85 7 2 66 97 19 54 
23 11 95 28 71 39 29 68 17 2 54 55 30 9 30 55 39 95 41 64 53 52 79 61 8 76 37 53 70 99 64 55 54 74 53 14 1 40 68 15 49 40 52 93 51 36 48 74 27 17 59 89 93 73 95 16 78 58 14 6 90 70 2 81 79 18 44 65 58 49 23 8 0 8 71 47 26 35 56 72 64 95 12 13 50 80 68 55 70 82 42 32 83 34 74 10 89 75 
10 97 39 44 37 49 84 33 31 98 44 5 67 21 23 78 21 50 79 65 31 15 60 67 39 89 50 92 84 88 73 16 93 75 96 98 46 81 55 82 4 77 70 7 54 51 73 56 22 7 46 23 15 64 76 49 68 46 27 21 17 87 34 54 20 99 47 20 67 54 57 43 8 0 96 2 20 12 73 42 24 36 59 30 15 2 50 95 40 28 58 20 33 12 52 88 86 65 
68 56 48 2 19 82 28 75 4 52 75 44 33 69 57 25 98 19 79 92 27 31 57 96 82 35 15 42 73 59 13 97 23 69 26 83 83 43 78 62 89 61 54 71 88 33 38 16 4 22 83 35 15 14 26 44 16 62 7 62 86 42 81 38 84 40 54 55 89 93 99 4 71 96 0 77 61 9 40 85 98 19 4 47 41 32 96 43 63 24 17 89 32 98 76 84 7 19 
24 62 6 83 28 6 44 33 79 31 99 12 72 83 11 59 52 11 63 21 9 11 45 40 30 15 74 79 80 25 35 89 39 25 90 23 30 68 46 41 58 3 90 3 80 33 42 97 63 35 85 56 50 36 36 44 71 52 32 8 75 82 8 47 53 56 75 76 58 15 95 54 47 2 77 0 46 65 54 86 44 51 43 14 8 1 6 14 9 39 67 60 98 67 6 26 89 7 
28 57 80 95 29 92 20 98 60 83 98 30 61 55 43 80 60 62 63 55 97 86 36 72 4 60 22 58 49 46 25 1 21 26 30 62 27 99 74 13 17 41 70 13 93 42 90 50 29 48 53 8 89 62 80 58 4 94 84 52 33 52 64 12 76 24 13 70 54 85 59 90 26 20 61 46 0 16 75 60 20 51 23 3 76 76 51 42 9 48 84 28 10 71 19 79 70 62 
38 90 64 97 53 9 80 6 54 50 76 77 94 86 73 37 95 40 48 24 85 5 40 8 75 89 33 46 53 15 84 60 59 34 52 82 8 14 69 28 88 78 30 91 40 43 31 56 10 46 14 38 46 28 63 86 48 7 50 98 63 47 70 65 85 17 36 71 56 46 22 13 35 12 9 65 16 0 84 36 36 57 54 23 14 49 22 8 7 78 29 44 85 71 98 29 74 90 
58 22 88 27 95 41 71 1 70 82 60 90 73 94 32 81 65 7 28 7 82 8 62 17 51 34 72 86 93 78 35 63 44 19 68 12 53 26 24 45 64 44 91 5 81 96 40 7 55 43 10 99 87 6 77 68 43 58 66 51 7 59 6 57 64 10 18 94 3 29 35 75 56 73 40 54 75 84 0 7 54 14 73 55 90 51 49 39 58 35 69 66 52 25 86 48 39 85 
84 97 33 85 51 70 89 38 50 83 67 33 28 75 13 59 15 8 72 25 74 55 33 67 92 25 1 26 93 87 23 2 20 79 48 29 4 39 82 1 87 84 63 1 83 17 6 33 2 26 26 1 31 49 77 47 2 41 55 84 74 40 43 84 97 92 12 23 34 16 40 76 72 42 85 86 60 36 7 0 39 32 79 79 9 37 96 73 38 78 35 40 20 68 32 71 65 56 
39 84 43 31 47 6 87 73 75 96 75 51 98 90 83 52 98 80 43 1 40 60 68 62 17 4 47 74 97 33 90 92 46 47 21 45 22 76 65 55 22 60 77 35 83 84 34 30 29 36 48 76 84 37 75 51 82 8 1 22 38 84 16 23 80 31 5 82 45 34 55 60 64 24 98 44 20 36 54 39 0 60 57 27 90 78 31 53 89 32 84 44 1 52 11 73 40 77 
9 26 75 65 8 8 12 44 47 72 92 52 94 24 8 64 53 13 15 49 57 85 54 70 50 42 25 75 58 92 41 68 76 79 72 3 84 6 82 65 34 67 21 77 3 29 75 94 7 76 65 74 78 83 71 3 48 5 51 10 3 16 36 57 99 49 88 29 54 90 29 35 95 36 19 51 51 57 14 32 60 0 14 70 70 50 12 13 60 14 90 32 20 26 65 87 67 19 
33 15 67 23 86 79 66 25 28 22 6 43 69 95 88 74 45 1 94 81 61 99 63 51 43 31 81 7 95 73 88 82 38 8 80 4 80 93 82 17 95 79 56 9 31 32 20 79 45 27 89 64 72 68 48 1 17 93 82 78 46 76 47 77 42 50 27 98 38 71 12 70 12 59 4 43 23 54 73 79 57 14 0 87 92 99 99 37 49 15 41 46 79 64 1 55 21 85 
35 14 89 99 17 38 94 17 34 19 27 24 39 91 9 84 17 4 52 29 26 42 76 59 71 23 38 3 40 39 76 42 85 78 9 11 63 23 33 91 32 86 89 24 86 92 94 20 68 54 40 58 59 7 79 82 69 8 38 12 14 94 82 75 39 38 66 74 63 15 60 51 13 30 47 14 3 23 55 79 27 70 87 0 24 56 60 41 38 3 35 70 44 91 41 84 61 46 
11 85 99 53 30 79 16 97 73 47 68 90 61 14 62 89 65 52 19 89 66 36 9 80 9 54 17 31 91 84 78 84 35 9 24 32 70 40 94 18 69 51 96 62 48 12 38 29 33 88 86 65 63 39 32 59 22 19 77 68 42 94 24 72 40 52 17 58 74 91 3 98 50 15 41 8 76 14 90 9 90 70 92 24 0 19 69 27 61 46 59 24 2 41 14 78 63 52 
24 44 31 4 12 34 52 97 69 45 32 44 98 12 24 83 31 16 79 2 96 57 35 15 32 97 53 78 79 21 39 45 88 39 61 92 68 74 15 60 39 23 2 28 66 39 90 79 30 75 22 40 43 19 34 19 62 52 71 36 34 53 21 37 7 22 76 51 61 80 4 93 80 2 32 1 76 49 51 37 78 50 99 56 19 0 95 48 62 58 65 98 24 2 3 68 84 5 
16 7 18 71 62 28 99 42 40 92 12 89 10 43 35 56 83 68 11 74 28 14 34 78 26 92 69 79 62 25 76 98 59 50 57 97 9 15 31 91 72 38 63 16 42 88 16 42 70 67 46 15 19 72 44 46 30 73 21 38 4 57 5 51 9 1 26 21 70 66 87 22 68 50 96 6 51 22 49 96 31 12 99 60 69 95 0 9 78 15 14 99 7 96 69 98 87 29 
88 78 69 13 15 52 87 25 33 10 4 96 68 11 95 79 11 82 36 22 19 12 93 13 35 92 93 92 58 72 22 7 2 15 10 30 73 48 39 96 70 14 55 12 57 17 13 93 13 78 45 23 59 54 10 66 45 3 55 42 5 26 24 32 1 32 64 30 73 14 11 86 55 95 43 14 42 8 39 73 53 13 37 41 27 48 9 0 74 35 84 59 49 10 15 32 25 25 
26 57 65 40 31 78 46 22 98 5 55 29 79 89 4 71 46 60 50 1 87 53 26 12 55 83 91 97 6 28 16 88 41 18 47 56 44 72 97 38 54 16 11 86 42 57 98 25 91 61 89 27 76 16 57 28 97 83 16 10 31 80 26 24 88 94 25 33 87 27 28 76 70 40 63 9 9 7 58 38 89 60 49 38 61 62 78 74 0 23 75 26 20 97 75 62 86 8 
72 60 61 84 9 31 64 28 8 78 2 65 64 25 56 28 89 67 94 77 2 67 68 80 98 98 8 43 77 38 56 57 86 46 61 30 96 2 88 73 13 85 32 54 80 10 65 90 16 53 84 16 13 53 87 97 67 47 46 16 66 37 47 29 43 19 17 44 83 52 2 44 82 28 24 39 48 78 35 78 32 14 15 3 46 58 15 35 23 0 54 89 62 76 69 18 44 29 
93 16 79 49 41 44 43 47 34 64 14 87 21 48 69 24 79 16 80 33 35 22 2 96 97 37 61 19 26 96 69 50 38 58 66 34 90 34 1 84 97 47 70 91 45 65 1 11 75 50 69 82 29 47 47 84 35 19 30 94 70 5 32 1 19 40 80 92 13 24 62 4 42 58 17 67 84 29 69 35 84 90 41 35 59 65 14 84 75 54 0 18 53 49 92 95 60 22 
75 25 18 62 49 47 23 36 63 24 60 59 36 69 16 54 60 62 90 41 3 82 99 35 71 7 10 84 80 83 83 48 59 78 63 42 77 71 38 82 47 39 96 48 95 84 70 70 93 37 68 77 46 98 38 59 89 87 71 86 89 83 26 40 45 45 85 48 49 94 71 85 32 20 89 60 28 44 66 40 44 32 46 70 24 98 99 59 26 89 18 0 87 72 93 10 11 21 
63 10 40 71 31 10 83 63 15 96 57 89 56 44 25 70 98 65 5 82 18 95 9 7 6 39 35 90 94 17 69 73 8 88 22 66 73 61 67 40 41 90 48 61 80 27 51 16 17 61 71 93 50 75 37 21 87 30 15 77 75 95 19 62 44 50 57 47 9 11 13 7 83 33 32 98 10 85 52 20 1 20 79 44 2 24 7 49 20 62 53 87 0 84 16 47 39 20 
47 67 36 14 24 68 41 69 78 60 82 52 29 92 95 69 43 20 6 84 86 35 90 70 64 99 64 89 38 55 12 60 25 27 14 50 59 20 43 44 18 55 49 89 87 3 48 47 24 96 36 27 95 54 11 97 78 36 14 30 37 12 12 33 94 45 20 58 84 73 31 2 34 12 98 67 71 71 25 68 52 26 64 91 41 2 96 10 97 76 49 72 84 0 61 7 24 32 
33 72 82 37 67 4 45 63 44 65 9 23 46 14 63 24 65 45 87 31 12 62 28 86 95 32 67 57 45 97 37 94 25 32 23 26 69 16 62 71 94 28 11 30 34 39 19 30 16 48 35 50 23 4 51 44 98 12 77 53 66 43 54 67 6 24 34 80 65 52 68 66 74 52 76 6 19 98 86 32 11 65 1 41 14 3 69 15 75 69 92 93 16 61 0 92 1 84 
89 54 29 24 93 68 17 33 62 83 39 11 93 7 27 47 6 88 30 88 94 92 30 45 25 63 69 43 61 53 58 83 84 59 28 86 59 98 19 91 79 30 41 84 55 86 69 45 12 70 25 89 77 25 78 85 39 53 82 26 57 23 46 59 3 37 66 2 27 30 80 97 10 88 84 26 79 29 48 71 73 87 55 84 78 68 98 32 62 18 95 10 47 7 92 0 72 10 
24 70 23 23 65 55 18 46 86 32 5 32 57 3 99 40 91 62 54 54 54 86 90 71 47 48 14 5 16 74 28 81 42 24 26 49 82 99 1 24 62 49 26 51 16 31 68 20 5 35 62 33 57 44 20 12 11 77 48 87 78 85 7 47 63 82 30 13 53 20 62 19 89 86 7 89 70 74 39 65 40 67 21 61 63 84 87 25 86 44 60 11 39 24 1 72 0 68 
56 37 39 67 13 98 89 89 37 2 71 10 52 68 48 67 77 22 81 34 60 61 78 73 21 63 67 12 93 6 80 99 95 38 18 54 64 54 46 31 36 16 73 70 28 87 67 84 72 62 88 26 90 26 46 99 22 38 44 38 71 29 21 80 37 90 39 40 18 3 58 54 75 65 19 7 62 90 85 56 77 19 85 46 52 5 29 25 8 29 22 21 20 32 84 10 68 0 
